2486	2135	823	752	1721	151	349	2064	1981	1718	131	1930	193	1328	163	269	210	1137	431	1019	1462	580	955	1115	1190	1445	158	447	1207	2109	375	1716	230	1352	1820	2483	2040	462	1828	577	70	1643	1812	1657	81	205	1669	1611	203	1389	2125	868	777	794	506	825	2035	2266	1316	2006	2131	1442	767	1525	1957	540	952	89	845	785	1844
2135	2486	758	1130	539	393	1738	573	995	2221	1682	1398	189	1654	1153	707	1964	330	907	915	2343	191	588	218	70	1213	576	1680	1031	773	74	1909	737	318	1317	1903	2438	2205	458	70	679	82	2126	725	2302	237	2444	1751	1102	739	2479	776	2022	461	1180	492	2159	1313	720	1577	1211	897	159	1919	1889	1894	633	1167	1491	738	481
823	758	2486	1807	2136	2371	313	1443	1359	2156	683	1982	1394	1931	928	370	1799	779	311	851	1559	800	1014	591	2433	1651	219	921	965	1482	1779	430	900	70	1134	610	2250	665	1593	880	382	2251	1705	503	2401	2038	655	508	70	1770	989	844	806	976	1709	1534	2073	2321	1539	1440	384	166	2428	298	1091	1085	1595	1703	2235	1069	1288
752	1130	1807	2486	1424	1411	2202	2339	303	1362	1339	2375	992	1385	743	2183	1554	1297	396	1002	1947	1973	1542	1280	2037	239	2243	2092	863	1819	1747	2170	2067	155	780	2480	2054	1390	1927	2249	671	650	1911	177	1965	1129	909	1456	835	70	445	2372	714	70	2254	420	1961	762	1174	141	169	2396	1923	2390	1735	1015	905	1962	2340	1290	2076
1721	539	2136	1424	2486	730	1325	1742	625	454	1048	1377	521	2484	1151	70	2432	1383	1176	437	1455	2418	1778	167	1406	532	713	91	1560	2344	2031	1561	1232	571	932	2300	1189	1300	669	927	1116	733	70	1399	358	788	896	224	750	1792	1730	960	2173	1794	2142	1508	1685	1986	2123	1869	1408	79	2278	333	2144	348	1672	1044	689	2072	399
151	393	2371	1411	730	2486	2312	1260	1769	1746	1181	425	619	276	986	499	716	646	1161	1582	1231	1413	342	1932	2347	1879	2387	761	853	1860	386	668	1415	128	1875	262	371	70	84	1856	246	883	1759	514	1074	1691	2024	1789	1948	1262	636	1312	1619	1435	1886	1032	1745	1627	1041	443	939	1114	1061	2213	1418	1700	2155	1510	724	1838	1766
349	1738	313	2202	1325	2312	2486	2137	1899	2169	1816	772	1081	786	918	1220	643	70	2187	1493	751	2287	645	1308	1907	842	1194	757	1873	143	1781	1416	570	1497	911	465	1588	1952	379	1725	887	1078	2367	787	2297	1761	936	162	1750	115	1341	75	1941	117	2295	470	628	1381	1158	138	94	390	611	797	910	2424	2012	693	2111	1556	1575
2064	573	1443	2339	1742	1260	2137	2486	1306	70	1901	1498	2290	1913	1099	1120	1265	2168	2267	2000	694	719	747	2101	2301	2292	70	1586	1338	140	1480	312	70	548	1146	70	368	281	1452	436	347	1630	2212	70	1470	118	1264	2338	287	535	130	966	1373	728	807	1200	490	491	83	626	2152	154	1623	1409	120	699	1689	2353	982	282	741
1981	995	1359	303	625	1769	1899	1306	2486	614	202	2236	882	1687	242	1710	160	412	70	2189	133	673	2274	523	864	406	632	2078	1564	1112	1809	672	1245	2237	1980	1457	1686	1557	889	78	723	1755	1209	110	108	1233	1437	899	1474	327	543	1472	2102	98	145	1602	1062	1309	2133	2464	1692	1864	479	132	1426	356	1001	197	70	541	652
1718	2221	2156	1362	454	1746	2169	70	614	2486	1727	959	1105	80	1624	70	709	2104	1606	1531	1466	1011	1590	1323	2334	1912	595	418	73	227	1765	802	1353	2103	993	1693	1467	722	981	2087	904	1332	2062	1148	70	654	124	351	663	1454	2355	1644	1028	1949	111	290	309	175	817	1025	2009	432	284	2345	2227	1024	1898	2059	2222	634	1379
131	1682	683	1339	1048	1181	1816	1901	202	1727	2486	2354	964	305	2178	744	264	662	1016	1647	1614	1787	2262	2146	157	1797	1261	2206	2023	1079	70	87	1634	1374	1186	357	300	1970	621	1663	810	1936	1752	1805	938	270	2002	2074	2427	549	859	822	484	360	463	2379	146	795	1975	2311	1127	1639	2414	1713	2324	1865	770	1487	584	1386	641
1930	1398	1982	2375	1377	425	772	1498	2236	959	2354	2486	551	2452	229	1798	1681	1448	1782	1997	2175	1096	2458	2095	1391	2361	784	1740	1221	225	1464	1641	2004	2058	414	1895	1840	919	2272	2277	925	235	1087	2281	1722	1428	898	1664	1896	1934	991	696	2194	2145	231	622	567	2447	2089	2052	1198	70	2008	731	2184	873	2158	1405	2025	2016	670
193	189	1394	992	521	619	1081	2290	882	1105	964	551	2486	2403	2141	525	2082	581	987	1917	1343	2204	1846	530	589	1217	1358	100	1318	328	1810	70	1633	2112	1699	841	1106	1990	2231	1465	2400	1225	983	2148	1942	1243	1050	2264	2084	1098	186	70	838	2320	1783	1616	2308	969	435	1670	1538	1679	644	70	1172	1043	1364	220	1147	1369	1535
1328	1654	1931	1385	2484	276	786	1913	1687	80	305	2452	2403	2486	217	1505	1921	244	395	2330	171	1524	2315	1866	2049	70	316	1045	1021	1906	2288	1589	1645	1872	1425	592	687	410	228	135	70	1520	1712	2020	350	948	809	221	700	768	941	2309	2391	223	238	2405	1444	1808	2471	1662	366	585	1084	321	2285	1314	2233	2474	1035	2195	1573
163	1153	928	743	1151	986	918	1099	242	1624	2178	229	2141	217	2486	1728	574	818	1033	1514	754	1922	2139	2366	763	1197	96	434	1979	256	2172	1548	400	493	705	1240	520	1601	1404	2333	1855	1360	2239	2291	1594	2077	791	1845	1825	1791	1403	70	1139	2283	1289	2105	748	70	2119	958	373	1278	1272	291	70	1516	1984	2217	2134	1994	320
269	707	370	2183	70	499	1220	1120	1710	70	744	1798	525	1505	1728	2486	1668	2196	561	72	99	1924	168	603	1661	2238	106	2129	2113	1696	946	1959	411	553	2240	486	392	1596	1092	2364	70	1723	638	1733	2268	2118	929	640	1517	1144	216	684	1897	1484	1963	195	701	1648	1034	1477	1058	1089	1255	2106	1563	2466	1495	708	2395	1956	1267
210	1964	1799	1554	2432	716	643	1265	160	709	264	1681	2082	1921	574	1668	2486	963	877	1893	801	2316	1585	2154	1659	2450	139	70	629	1296	1553	2422	2071	1544	1774	1545	453	1013	70	2299	602	1187	337	1215	597	2252	1773	1072	1235	1811	137	1890	1327	1776	1515	1340	2190	1532	1801	329	1202	871	352	796	314	1152	1368	885	1064	888	846
1137	330	779	1297	1383	646	70	2168	412	2104	662	1448	581	244	818	2196	963	2486	2374	478	1731	332	359	702	1108	804	440	1103	895	331	1620	615	1277	257	1737	1145	2176	1796	457	676	1133	268	901	1504	1567	2027	1293	953	302	1521	70	427	1310	1734	2055	682	1012	2181	913	129	2093	1617	1157	1562	325	512	1059	1094	2365	1993	76
431	907	311	396	1176	1161	2187	2267	70	1606	1016	1782	987	395	1033	561	877	2374	2486	2057	509	208	1967	385	2360	736	1843	1599	92	187	413	1093	1351	2435	1052	1303	710	1311	1848	2271	2378	136	353	404	1449	1736	1203	1640	1162	1349	1621	2034	2050	1683	116	1488	310	879	1175	1212	1871	1847	1529	607	2349	1402	2404	1400	1192	538	2420
1019	915	851	1002	437	1582	1493	2000	2189	1531	1647	1997	1917	2330	1514	72	1893	478	2057	2486	306	537	1193	2454	1010	1951	892	704	194	86	2459	93	355	1073	258	1771	1760	1387	1754	1558	1143	1724	1695	1469	2218	1552	1009	1852	805	916	2056	1883	280	2180	2046	362	1131	954	324	566	245	1579	1173	1587	70	711	1177	2098	527	1483	125
1462	2343	1559	1947	1455	1231	751	694	133	1466	1614	2175	1343	171	754	99	801	1731	509	306	2486	1877	2441	1526	604	839	423	870	2431	294	2325	2350	1892	1604	1569	1513	2436	703	103	2335	1581	1768	715	513	922	624	1463	394	867	568	2369	813	2019	656	1537	234	1315	1530	1060	188	1259	1635	1042	2260	606	286	1251	1786	2244	1983	70
580	191	800	1973	2418	1413	2287	719	673	1011	1787	1096	2204	1524	1922	1924	2316	332	208	537	1877	2486	2164	380	2475	2255	1743	299	594	1047	2223	1195	1591	1698	433	2326	1775	1100	1071	70	1135	798	552	507	760	70	126	984	428	1708	88	1694	1607	1777	734	1512	179	1376	1216	1441	1363	70	1159	1978	1393	827	1492	200	612	277	988
955	588	1014	1542	1778	342	645	747	2274	1590	2262	2458	1846	2315	2139	168	1585	359	1967	1193	2441	2164	2486	726	1372	1118	1726	609	2273	1476	528	510	2179	70	2410	2174	1784	497	1284	1371	2457	1502	232	2305	735	389	1242	819	2482	666	248	593	1433	902	2261	452	569	1655	122	550	1295	1908	1066	467	2270	2171	1420	605	2107	2088	1958
1115	218	591	1280	167	1932	1308	2101	523	1323	2146	2095	530	1866	2366	603	2154	702	385	2454	1526	380	726	2486	2293	2368	1490	1500	1870	598	1744	878	1168	2468	1850	834	1636	975	1499	372	2399	2467	1549	2455	488	599	1223	1279	2303	1451	1039	2469	1179	1702	1298	630	2352	296	2246	1831	2215	1829	1054	121	339	1977	1943	70	1049	176	2061
1190	70	2433	2037	1406	2347	1907	2301	864	2334	157	1391	589	2049	763	1661	1659	1108	2360	1010	604	2475	1372	2293	2486	2358	862	1868	1950	161	857	2409	2473	1652	933	2065	680	977	1117	1822	2456	1576	1946	2440	1999	1460	1051	1322	2448	2434	1361	1319	1030	1239	402	1285	556	1929	924	439	1795	1333	881	1427	695	511	874	1336	292	718	790
1445	1213	1651	239	532	1879	842	2292	406	1912	1797	2361	1217	70	1197	2238	2450	804	736	1951	839	2255	1118	2368	2358	2486	974	861	2304	866	2085	149	1772	1432	2160	1900	2280	1854	183	1370	1793	978	1171	1598	1029	886	2446	259	1007	613	211	2211	455	1210	222	345	769	1006	199	1082	2394	617	1719	419	1218	150	1885	1915	114	837	1384
158	576	219	2243	713	2387	1194	70	632	595	1261	784	1358	316	96	106	139	440	1843	892	423	1743	1726	1490	862	974	2486	1121	1228	2472	2210	1282	962	766	2460	2208	2161	2357	2329	1618	2359	2120	426	681	1375	1741	469	1916	272	875	2298	1739	608	2097	1330	980	367	1839	783	1126	1250	2177	1395	255	1421	1412	661	2306	2296	148	471
447	1680	921	2092	91	761	757	1586	2078	418	2206	1740	100	1045	434	2129	70	1103	1599	704	870	299	609	1500	1868	861	1121	2486	70	1365	1140	2242	2336	2132	945	2382	475	283	2143	464	1366	102	2080	1813	483	192	908	1150	466	558	2370	1823	697	1486	307	1038	2230	2150	828	1083	1732	2332	267	2423	2327	1945	906	979	2140	2398	70
1207	1031	965	863	1560	853	1873	1338	1564	73	2023	1221	1318	1021	1979	2113	629	895	92	194	2431	594	2273	1870	1950	2304	1228	70	2486	771	2383	317	1862	2048	1113	2192	972	1196	1968	1622	2068	1263	450	2032	1397	950	1075	1292	338	781	1974	917	840	1101	2310	1650	415	261	1758	2165	407	1070	70	2083	214	534	241	173	369	1568	2216
2109	773	1482	1819	2344	1860	143	140	1112	227	1079	225	328	1906	256	1696	1296	331	187	86	294	1047	1476	598	161	866	2472	1365	771	2486	1612	1939	2341	405	914	1649	1592	1653	1660	848	1468	2245	172	1342	518	1166	1966	70	2015	1356	70	340	278	2191	70	814	1804	1301	1337	590	782	1154	894	1392	178	249	2199	2415	1707	1888	1475
375	74	1779	1747	2031	386	1781	1480	1809	1765	70	1464	1810	2288	2172	946	1553	1620	413	2459	2325	2223	528	1744	857	2085	2210	1140	2383	1612	2486	1417	204	647	1294	1249	1005	365	1256	2346	912	1141	70	1329	1991	1128	653	2385	1928	95	2124	449	1258	70	1861	70	639	1036	1086	498	852	181	1767	1344	459	1720	2091	774	1881	2416	858
1716	1909	430	2170	1561	668	1416	312	672	802	87	1641	70	1589	1548	1959	2422	615	1093	93	2350	1195	510	878	2409	149	1282	2242	317	1939	1417	2486	1068	2153	1565	526	374	2380	729	582	753	293	792	557	686	1551	2289	1434	565	1304	1283	2276	2096	943	134	2030	2411	142	2318	1937	717	937	559	1208	1830	803	2445	315	1119	207	409
230	737	900	2067	1232	1415	570	70	1245	1353	1634	2004	1633	1645	400	411	2071	1277	1351	355	1892	1591	2179	1168	2473	1772	962	2336	1862	2341	204	1068	2486	1496	1806	184	451	2412	1918	1182	456	1814	1748	1642	295	297	642	706	2157	756	1985	2257	335	674	860	746	821	2017	829	1401	627	2214	494	308	354	1003	616	212	1191	250	1955
1352	318	70	155	571	128	1497	548	2237	2103	1374	2058	2112	1872	493	553	1544	257	2435	1073	1604	1698	70	2468	1652	1432	766	2132	2048	405	647	2153	1496	2486	2182	677	1459	1142	1628	2036	2099	1566	1109	2356	164	1764	1506	2207	2437	2443	1676	1431	691	601	2286	2282	416	1904	97	2363	1674	1124	252	2041	165	637	2117	563	70	1063	1858
1820	1317	1134	780	932	1875	911	1146	1980	993	1186	414	1699	1425	705	2240	1774	1737	1052	258	1569	433	2410	1850	933	2160	2460	945	1113	914	1294	1565	1806	2182	2486	398	1536	990	1471	789	401	2426	533	1436	2005	664	1572	1972	147	476	759	2425	811	70	2331	1600	156	1346	949	1583	1331	1489	1090	2406	1155	2114	2201	1835	2108	265	1275
2483	1903	610	2480	2300	262	465	70	1457	1693	357	1895	841	592	1240	486	1545	1145	1303	1771	1513	2326	2174	834	2065	1900	2208	2382	2192	1649	1249	526	184	677	398	2486	2011	1076	2219	973	830	2408	1053	2402	572	1701	1610	1926	923	1378	2269	485	1753	377	1609	275	1697	1925	1461	1291	545	944	1214	1715	1414	2069	271	920	2429	522	1836
2040	2438	2250	2054	1189	371	1588	368	1686	1467	300	1840	1106	687	520	392	453	2176	710	1760	2436	1775	1784	1636	680	2280	2161	475	972	1592	1005	374	451	1459	1536	2011	2486	1056	994	279	583	1057	1987	1160	2029	799	1658	1910	1419	2026	688	403	288	2167	1547	893	304	850	1509	865	2086	70	1671	323	891	1878	1178	812	2060	2149	1110
462	2205	665	1390	1300	70	1952	281	1557	722	1970	919	1990	410	1601	1596	1013	1796	1311	1387	703	1100	497	975	977	1854	2357	283	1196	1653	365	2380	2412	1142	990	1076	1056	2486	544	1244	185	1230	1527	468	1138	2397	778	2028	623	473	215	1247	2018	727	554	2225	1268	2224	2079	2241	1859	424	1018	1501	70	127	1578	1299	1335	301	1281
1828	458	1593	1927	669	84	379	1452	889	981	621	2272	2231	228	1404	1092	70	457	1848	1754	103	1071	1284	1499	1117	183	2329	2143	1968	1660	1256	729	1918	1628	1471	2219	994	544	2486	931	1626	1430	500	1608	596	2439	934	2294	833	1580	531	2476	651	213	732	579	2362	2381	826	698	956	2039	517	1287	2014	1354	1543	1450	1446	1164	951
577	70	880	2249	927	1856	1725	436	78	2087	1663	2277	1465	135	2333	2364	2299	676	2271	1558	2335	70	1371	372	1822	1370	1618	464	1622	848	2346	582	1182	2036	789	973	279	1244	931	2486	1410	1367	546	1324	2407	152	233	2393	1227	1933	721	1199	831	1574	749	1891	206	2417	1646	562	1834	1762	1540	1241	1533	341	209	1555	388	444	1867
70	679	382	671	1116	246	887	347	723	904	810	925	2400	70	1855	70	602	1133	2378	1143	1581	1135	2457	2399	2456	1793	2359	1366	2068	1468	912	753	456	2099	401	830	583	185	1626	1410	2486	2166	1880	1790	2463	690	712	1226	2042	254	961	505	1274	1271	266	926	2373	1017	2226	253	1453	182	1857	1355	422	940	1677	263	482	1350	2284
1643	82	2251	650	733	883	1078	1630	1755	1332	1936	235	1225	1520	1360	1723	1187	268	136	1724	1768	798	1502	2467	1576	978	2120	102	1263	2245	1141	293	1814	1566	2426	2408	1057	1230	1430	1367	2166	2486	849	1205	1503	421	1851	2307	70	536	516	2075	180	1637	1273	1756	1849	77	2003	2010	2377	2094	2451	2465	1132	1998	2470	1080	2100	1107	2232
1812	2126	1705	1911	70	1759	2367	2212	1209	2062	1752	1087	983	1712	2239	638	337	901	353	1695	715	552	232	1549	1946	1171	426	2080	450	172	70	792	1748	1109	533	1053	1987	1527	500	546	1880	849	2486	489	658	2248	1104	1027	70	1478	847	243	1717	198	1165	487	144	742	1439	1729	542	1914	105	1320	1219	824	2186	2066	502	999	1550
1657	725	503	177	1399	514	787	70	110	1148	1805	2281	2148	2020	2291	1733	1215	1504	404	1469	513	507	2305	2455	2440	1598	681	1813	2032	1342	1329	557	1642	2356	1436	2402	1160	468	1608	1324	1790	1205	489	2486	1678	1429	1481	547	343	1833	1022	1020	2376	112	775	1183	1494	2234	70	70	793	1615	1519	1229	2481	1026	2121	2197	2256	1234	70
81	2302	2401	1965	358	1074	2297	1470	108	70	938	1722	1942	350	1594	2268	597	1567	1449	2218	922	760	735	488	1999	1029	1375	483	1397	518	1991	686	295	164	2005	572	2029	1138	596	2407	2463	1503	658	1678	2486	765	1479	1837	935	1396	326	1270	90	2442	1960	578	971	397	1523	1818	1785	764	2185	1690	2138	260	620	1238	1473	1688	854
205	237	2038	1129	788	1691	1761	118	1233	654	270	1428	1243	948	2077	2118	2252	2027	1736	1552	624	70	389	599	1460	886	1741	192	950	1166	1128	1551	297	1764	664	1701	799	2397	2439	152	690	421	2248	1429	765	2486	1046	2162	1252	692	1989	85	1757	274	1246	496	1077	2430	383	1704	70	1902	2259	1269	1422	1204	1842	2147	285	1605	438
1669	2444	655	909	896	2024	936	1264	1437	124	2002	898	1050	809	791	929	1773	1293	1203	1009	1463	126	1242	1223	1051	2446	469	908	1075	1966	653	2289	642	1506	1572	1610	1658	778	934	233	712	1851	1104	1481	1479	1046	2486	1656	836	2348	460	1995	448	1988	1040	174	201	564	1969	472	957	70	2043	273	1321	70	618	832	1629	2478	1023
1611	1751	508	1456	224	1789	162	2338	899	351	2074	1664	2264	221	1845	640	1072	953	1640	1852	394	984	819	1279	1322	259	1916	1150	1292	70	2385	1434	706	2207	1972	1926	1910	2028	2294	2393	1226	2307	1027	547	1837	2162	1656	2486	745	1485	1887	417	2033	2200	942	855	1004	226	1254	1935	1706	2001	101	1666	1638	967	70	387	1097	1944	71
203	1102	70	835	750	1948	1750	287	1474	663	2427	1896	2084	700	1825	1517	1235	302	1162	805	867	428	2482	2303	2448	1007	272	466	338	2015	1928	565	2157	2437	147	923	1419	623	833	1227	2042	70	70	343	935	1252	836	745	2486	322	2485	1380	2342	1088	2193	2051	2198	1827	2453	1125	495	808	1920	2203	2228	2319	1541	196	1037	1905	659
1389	739	1770	70	1792	1262	115	535	327	1454	549	1934	1098	768	1791	1144	1811	1521	1349	916	568	1708	666	1451	2434	613	875	558	781	1356	95	1304	756	2443	476	1378	2026	473	1580	1933	254	536	1478	1833	1396	692	2348	1485	322	2486	947	1684	1248	1122	334	504	1276	2258	2128	1224	2229	2351	2449	190	869	1714	996	1874	319	2253	1826
2125	2479	989	445	1730	636	1341	130	543	2355	859	991	186	941	1403	216	137	70	1621	2056	2369	88	248	1039	1361	211	2298	2370	1974	70	2124	1283	1985	1676	759	2269	688	215	531	721	961	516	847	1022	326	1989	460	1887	2485	947	2486	2151	1954	2421	2122	1518	1307	1095	2389	1347	1458	740	1382	1253	1953	1055	1824	1976	336	2044	2384
868	776	844	2372	960	1312	75	966	1472	1644	822	696	70	2309	70	684	1890	427	2034	1883	813	1694	593	2469	1319	2211	1739	1823	917	340	449	2276	2257	1431	2425	485	403	1247	2476	1199	505	2075	243	1020	1270	85	1995	417	1380	1684	2151	2486	884	2388	1667	381	1584	2007	70	1528	2188	1067	2263	1863	872	649	1447	2265	519	903	1201
777	2022	806	714	2173	1619	1941	1373	2102	1028	484	2194	838	2391	1139	1897	1327	1310	2050	280	2019	1607	1433	1179	1030	455	608	697	840	278	1258	2096	335	691	811	1753	288	2018	651	831	1274	180	1717	2376	90	1757	448	2033	2342	1248	1954	884	2486	2115	1841	930	109	631	107	1803	2247	70	119	1625	376	2317	648	70	70	970	560
794	461	976	70	1794	1435	117	728	98	1949	360	2145	2320	223	2283	1484	1776	1734	1683	2180	656	1777	902	1702	1239	1210	2097	1486	1101	2191	70	943	674	601	70	377	2167	727	213	1574	1271	1637	198	112	2442	274	1988	2200	1088	1122	2421	2388	2115	2486	1853	1603	1065	1257	1348	2322	1008	755	2053	524	1222	1832	1522	1206	442	1675	1163
506	1180	1709	2254	2142	1886	2295	807	145	111	463	231	1783	238	1289	1963	1515	2055	116	2046	1537	734	2261	1298	402	222	1330	307	2310	70	1861	134	860	2286	2331	1609	1547	554	732	749	266	1273	1165	775	1960	1246	1040	942	2193	334	2122	1667	1841	1853	2486	586	1326	391	408	446	2209	2313	660	1815	70	1570	820	240	1149	2163	474
825	492	1534	420	1508	1032	470	1200	1602	290	2379	622	1616	2405	2105	195	1340	682	1488	362	234	1512	452	630	1285	345	980	1038	1650	814	70	2030	746	2282	1600	275	893	2225	579	1891	926	1756	487	1183	578	496	174	855	2051	504	1518	381	930	1603	586	2486	153	2070	1802	1266	170	1800	2419	2045	1334	289	441	2337	1169	1971	555
2035	2159	2073	1961	1685	1745	628	490	1062	309	146	567	2308	1444	748	701	2190	1012	310	1131	1315	179	569	2352	556	769	367	2230	415	1804	639	2411	821	416	156	1697	304	1268	2362	206	2373	1849	144	1494	971	1077	201	1004	2198	1276	1307	1584	109	1065	1326	153	2486	1876	997	70	1170	236	1673	2127	2477	1185	247	1305	2110	2314	890
2266	1313	2321	762	1986	1627	1381	491	1309	175	795	2447	969	1808	70	1648	1532	2181	879	954	1530	1376	1655	296	1929	1006	1839	2150	261	1301	1036	142	2017	1904	1346	1925	850	2224	2381	2417	1017	77	742	2234	397	2430	564	226	1827	2258	1095	2007	631	1257	391	2070	1876	2486	2063	1665	515	2328	2116	364	1992	429	378	856	529	1940	575
1316	720	1539	1174	2123	1041	1158	83	2133	817	1975	2089	435	2471	2119	1034	1801	913	1175	324	1060	1216	122	2246	924	199	783	828	1758	1337	1086	2318	829	97	949	1461	1509	2079	826	1646	2226	2003	1439	70	1523	383	1969	1254	2453	2128	2389	70	107	1348	408	1802	997	2063	2486	1357	968	1237	1546	501	2461	1597	998	2392	985	667	1388
2006	1577	1440	141	1869	443	138	626	2464	1025	2311	2052	1670	1662	958	1477	329	129	1212	566	188	1441	550	1831	439	1082	1126	1083	2165	590	498	1937	1401	2363	1583	1291	865	2241	698	562	253	2010	1729	70	1818	1704	472	1935	1125	1224	1347	1528	1803	2322	446	1266	70	1665	1357	2486	2386	104	1286	251	1111	113	1821	1631	1507	1423	2323
2131	1211	384	169	1408	939	94	2152	1692	2009	1127	1198	1538	366	373	1058	1202	2093	1871	245	1259	1363	1295	2215	1795	2394	1250	1732	407	782	852	717	627	1674	1331	545	2086	1859	956	1834	1453	2377	542	793	1785	70	957	1706	495	2229	1458	2188	2247	1008	2209	170	1170	515	968	2386	2486	2279	635	2021	1184	1156	1632	1938	1136	1613	600
1442	897	166	2396	79	1114	390	154	1864	432	1639	70	1679	585	1278	1089	871	1617	1847	1579	1635	70	1908	1829	1333	617	2177	2332	1070	1154	181	937	2214	1124	1489	944	70	424	2039	1762	182	2094	1914	1615	764	1902	70	2001	808	2351	740	1067	70	755	2313	1800	236	2328	1237	104	2279	2486	1884	2013	1711	1188	344	2462	1763	2130	1788
767	159	2428	1923	2278	1061	611	1623	479	284	2414	2008	644	1084	1272	1255	352	1157	1529	1173	1042	1159	1066	1054	881	1719	1395	267	70	894	1767	559	494	252	1090	1214	1671	1018	517	1540	1857	2451	105	1519	2185	2259	2043	101	1920	2449	1382	2263	119	2053	660	2419	1673	2116	1546	1286	635	1884	2486	480	1000	1407	843	1571	685	361	2413
1525	1919	298	2390	333	2213	797	1409	132	2345	1713	731	70	321	291	2106	796	1562	607	1587	2260	1978	467	121	1427	419	255	2423	2083	1392	1344	1208	308	2041	2406	1715	323	1501	1287	1241	1355	2465	1320	1229	1690	1269	273	1666	2203	190	1253	1863	1625	524	1815	2045	2127	364	501	251	2021	2013	480	2486	2275	1817	1882	1749	2090	70	1511
1957	1889	1091	1735	2144	1418	910	120	1426	2227	2324	2184	1172	2285	70	1563	314	325	2349	70	606	1393	2270	339	695	1218	1421	2327	214	178	459	1830	354	165	1155	1414	891	70	2014	1533	422	1132	1219	2481	2138	1422	1321	1638	2228	869	1953	872	376	1222	70	1334	2477	1992	2461	1111	1184	1711	1000	2275	2486	346	477	657	587	2081	1345
540	1894	1085	1015	348	1700	2424	699	356	1024	1865	873	1043	1314	1516	2466	1152	512	1402	711	286	827	2171	1977	511	150	1412	1945	534	249	1720	803	1003	637	2114	2069	1878	127	1354	341	940	1998	824	1026	260	1204	70	967	2319	1714	1055	649	2317	1832	1570	289	1185	429	1597	113	1156	1188	1407	1817	346	2486	876	1236	123	678	816
952	633	1595	905	1672	2155	2012	1689	1001	1898	770	2158	1364	2233	1984	1495	1368	1059	2404	1177	1251	1492	1420	1943	874	1885	661	906	241	2199	2091	2445	616	2117	2201	271	1178	1578	1543	209	1677	2470	2186	2121	620	1842	618	70	1541	996	1824	1447	648	1522	820	441	247	378	998	1821	1632	344	843	1882	477	876	2486	363	675	1780	2220
89	1167	1703	1962	1044	1510	693	2353	197	2059	1487	1405	220	2474	2217	708	885	1094	1400	2098	1786	200	605	70	1336	1915	2306	979	173	2415	774	315	212	563	1835	920	812	1299	1450	1555	263	1080	2066	2197	1238	2147	832	387	196	1874	1976	2265	70	1206	240	2337	1305	856	2392	1631	1938	2462	1571	1749	657	1236	363	2486	1123	1438	2047
845	1491	2235	2340	689	724	2111	982	70	2222	584	2025	1147	1035	2134	2395	1064	2365	1192	527	2244	612	2107	1049	292	114	2296	2140	369	1707	1881	1119	1191	70	2108	2429	2060	1335	1446	388	482	2100	502	2256	1473	285	1629	1097	1037	319	336	519	70	442	1149	1169	2110	529	985	1507	1136	1763	685	2090	587	123	675	1123	2486	815	1302
785	738	1069	1290	2072	1838	1556	282	541	634	1386	2016	1369	2195	1994	1956	888	1993	538	1483	1983	277	2088	176	718	837	148	2398	1568	1888	2416	207	250	1063	265	522	2149	301	1164	444	1350	1107	999	1234	1688	1605	2478	1944	1905	2253	2044	903	970	1675	2163	1971	2314	1940	667	1423	1613	2130	361	70	2081	678	1780	1438	815	2486	1996
1844	481	1288	2076	399	1766	1575	741	652	1379	641	670	1535	1573	320	1267	846	76	2420	125	70	988	1958	2061	790	1384	471	70	2216	1475	858	409	1955	1858	1275	1836	1110	1281	951	1867	2284	2232	1550	70	854	438	1023	71	659	1826	2384	1201	560	1163	474	555	890	575	1388	2323	600	1788	2413	1511	1345	816	2220	2047	1302	1996	2486
