1831	174	870	494	462	1234	242	1537	1102	1176	1132	73	1107	60	540	912	906	1793	885	351	137	479	1307	773	1461	87	599	1335	1324	1784	1229	1122	1046	268	597	859	1511	1558	728	391	614	626	60	1638	368	1809	1439	972	1389	1044	240	1022	1212	1507	157	538	925	510	113	1145	1487
174	1831	1727	1054	1517	202	586	1536	1207	1151	784	1707	341	550	1620	1448	1059	1686	590	419	530	957	459	228	1614	674	1706	1556	1735	1506	1090	707	632	788	1222	65	188	646	701	60	1241	1604	60	1489	887	1069	1438	433	343	1156	233	318	1201	647	1189	129	734	616	527	1339	1007
870	1727	1831	1581	1557	1266	1806	146	1376	1040	1728	807	248	1153	106	1435	1694	797	1624	105	60	676	439	1078	929	803	1414	685	322	1363	1088	1794	1373	78	755	308	293	1224	103	1104	399	1501	1342	424	1454	844	548	526	1214	779	1571	150	1525	542	1465	456	1039	291	1377	1327	555
494	1054	1581	1831	640	1709	967	992	1717	1082	1187	1734	880	1591	850	670	372	237	266	764	953	85	493	404	387	799	781	860	1471	1304	496	1286	895	942	1589	664	1523	699	578	642	935	203	846	1736	1415	1323	1599	863	278	998	1165	75	502	60	631	990	452	232	1659	1764	1410
462	1517	1557	640	1831	924	1161	264	344	1754	671	1426	1162	1235	955	1310	691	1773	1757	1574	1030	1680	756	1661	1264	273	1042	1646	1118	475	722	60	958	442	1366	1351	1482	1017	60	1061	978	1560	620	1427	447	543	829	1226	1336	1219	94	1526	416	695	1398	1352	467	364	1655	1299	375
1234	202	1266	1709	924	1831	1792	681	449	1169	425	1262	858	1355	1645	536	1786	1612	431	1284	975	644	1739	234	883	1245	512	1405	288	1367	1233	1006	1190	889	423	1096	977	999	1038	393	1634	561	1031	60	1403	1797	1559	290	761	558	1281	1027	305	862	1004	864	655	816	1689	147	245
242	586	1806	967	1161	1792	1831	1630	1312	819	1654	1178	192	1642	1652	1406	1822	1740	1320	1462	1719	959	403	831	920	726	1464	170	280	689	60	927	1048	1250	86	1590	1024	696	426	1210	60	1611	178	1767	1726	1594	570	1761	1378	1181	1790	1721	547	1502	1670	241	661	1665	768	1460	549
1537	1536	146	992	264	681	1630	1831	611	473	394	60	298	330	1572	1209	744	1384	457	418	1429	1194	1356	702	1105	1580	148	142	100	274	629	1195	1641	980	1609	60	1135	504	518	1322	522	1152	506	533	61	458	554	923	1550	401	342	1252	795	1456	594	911	1198	60	598	226	1769
1102	1207	1376	1717	344	449	1312	611	1831	1441	1610	772	1056	1803	1447	921	1386	658	1722	125	1812	1256	1113	848	1753	422	1263	383	945	60	1653	668	337	122	1545	1395	152	988	1660	1676	468	115	181	1272	480	1738	826	445	1138	60	1484	1092	1238	800	151	814	662	1325	1173	1737	1192
1176	1151	1040	1082	1754	1169	819	473	1441	1831	936	246	503	95	1018	359	1475	1788	910	272	1063	1041	1503	297	687	1188	1064	637	1125	1711	1805	332	429	160	60	1148	1257	1388	327	580	229	513	628	466	852	1391	1483	144	1785	1206	1512	1778	659	1535	989	1708	1253	1381	477	1673	227
1132	784	1728	1187	671	425	1654	394	1610	936	1831	1497	1313	1495	574	650	622	1528	1657	1034	1294	60	1354	1068	583	751	415	505	310	902	634	1010	643	1230	413	397	922	874	1258	1067	209	1080	60	126	893	934	128	1073	1020	961	1193	1114	220	546	1260	899	1175	1494	71	1357	1514
73	1707	807	1734	1426	1262	1178	60	772	246	1497	1831	1052	465	262	1666	524	1330	1515	1204	1417	514	448	706	1075	1568	476	1318	111	173	994	1208	1787	1731	1583	1789	299	1713	1070	672	715	737	289	760	236	1095	568	1215	1361	1606	1567	1308	904	939	1053	1421	782	1520	794	60	1534
1107	341	248	880	1162	858	192	298	1056	503	1313	1052	1831	956	68	1301	1394	969	1116	206	487	253	871	963	1397	191	116	1081	1380	464	411	1259	135	680	1725	60	355	1683	352	1005	601	1213	347	172	333	995	1134	1566	1393	1003	1174	497	703	138	417	194	70	99	1674	565	1130
60	550	1153	1591	1235	1355	1642	330	1803	95	1495	465	956	1831	1603	738	1780	1480	300	1249	723	199	1035	1626	718	1074	1407	212	1431	1807	1216	1592	436	1372	1824	1340	823	704	1029	430	792	1157	141	1128	1185	1532	1019	1396	450	1295	1408	371	165	60	123	81	596	944	437	139	256
540	1620	106	850	955	1645	1652	1572	1447	1018	574	262	68	1603	1831	559	1160	1131	968	1269	60	1745	1251	1817	1714	382	810	1522	1648	321	1795	1562	1744	633	60	817	997	1097	101	985	1768	1541	603	1369	1347	607	1662	279	845	1777	1524	753	1287	186	1712	1542	750	62	1724	610	733
912	1448	1435	670	1310	536	1406	1209	921	359	650	1666	1301	738	559	1831	1211	903	215	64	877	1309	605	1540	292	1111	349	705	1664	369	577	1051	982	615	491	1816	740	692	60	1374	786	930	1690	313	516	1387	996	405	483	323	1085	60	366	1254	745	1825	1112	1016	60	1500	587
906	1059	1694	372	691	1786	1822	744	1386	1475	622	524	1394	1780	1160	1211	1831	1458	427	80	1732	1306	1223	714	184	1546	892	1202	1147	1561	1613	991	389	736	679	1303	1280	730	1033	1300	1129	1283	1311	966	1346	851	1457	545	281	350	1771	60	1098	1103	204	1012	1505	175	1430	641	1485
1793	1686	797	237	1773	1612	1740	1384	658	1788	1528	1330	969	1480	1131	903	1458	1831	1425	787	265	1290	520	1353	1334	402	915	1203	501	1750	1658	566	1015	719	328	1242	1418	158	307	624	987	1197	841	1433	926	1521	1705	778	180	534	1476	1510	1191	193	677	490	933	556	591	60	1401
885	590	1624	266	1757	431	1320	457	1722	910	1657	1515	1116	300	968	215	427	1425	1831	1180	60	286	741	1663	63	1445	544	1539	211	453	294	1552	1569	1587	1021	648	1126	1763	964	1225	827	1115	1316	613	1228	780	557	1337	295	708	451	93	1463	1701	340	1106	1014	791	485	918	943
351	419	105	764	1574	1284	1462	418	125	272	1034	1204	206	1249	1269	64	80	787	1180	1831	400	303	324	1420	636	357	235	1617	683	1109	1199	1516	1404	928	72	1668	946	1749	1628	1490	897	694	1585	1459	525	1050	576	1814	1060	602	529	156	60	1766	1071	283	362	108	69	949	1631
137	530	60	953	1030	975	1719	1429	1812	1063	1294	1417	487	723	60	877	1732	265	60	400	1831	1774	190	60	604	941	60	1321	884	837	861	1155	1762	507	983	758	979	1164	973	564	1333	665	657	67	649	834	962	1632	60	521	284	970	747	836	189	919	1755	654	1810	1392	219
479	957	676	85	1680	644	959	1194	1256	1041	60	514	253	199	1745	1309	1306	1290	286	303	1774	1831	1682	686	1530	509	584	1468	856	711	950	374	725	1422	1200	1446	143	1563	498	1267	1554	127	1037	1451	60	1154	688	1172	804	1799	267	60	588	243	1277	230	1493	717	1829	1326	1246
1307	459	439	493	756	1739	403	1356	1113	1503	1354	448	871	1035	1251	605	1223	520	741	324	190	1682	1831	398	336	314	1543	60	1582	1602	769	1821	1597	1305	1607	735	1775	1565	1434	1079	1629	1748	195	488	1025	1813	1170	1576	651	1338	572	1083	1167	326	339	208	824	1584	159	832	409
773	228	1078	404	1661	234	831	702	848	297	1068	706	963	1626	1817	1540	714	1353	1663	1420	60	686	398	1831	1047	1049	900	573	1348	163	60	1133	697	82	1588	1011	825	1828	1675	1159	217	89	1440	667	1743	1120	645	338	471	60	492	608	1196	1508	104	881	940	489	567	1099	221
1461	1614	929	387	1264	883	920	1105	1753	687	583	1075	1397	718	1714	292	184	1334	63	636	604	1530	336	1047	1831	187	1823	379	1013	76	134	360	690	1801	1783	872	1601	951	1343	1498	1443	1045	179	1621	868	455	712	1477	1261	765	1564	120	1345	254	207	619	1619	879	407	121	60
87	674	803	799	273	1245	726	1580	422	1188	751	1568	191	1074	382	1111	1546	402	1445	357	941	509	314	1049	187	1831	1217	813	312	1746	682	1472	329	1143	914	60	575	830	1478	428	155	531	869	1413	560	1538	1314	1385	1370	1693	639	666	365	731	1635	675	176	469	1108	630	1036
599	1706	1414	781	1042	512	1464	148	1263	1064	415	476	116	1407	810	349	892	915	544	235	60	584	1543	900	1823	1217	1831	954	582	1205	1349	309	1804	414	306	775	1492	1830	255	1715	435	1782	709	729	460	1350	380	1289	408	1149	1278	1442	1681	537	742	1400	828	1747	1220	818	1555
1335	1556	685	860	1646	1405	170	142	383	637	505	1318	1081	212	1522	705	1202	1203	1539	1617	1321	1468	60	573	379	813	954	1831	1752	396	164	378	515	60	673	552	1819	901	1685	1150	1423	965	1455	1270	358	91	867	60	223	1669	1544	1586	1770	1760	1236	60	1509	1368	1329	754	470
1324	1735	322	1471	1118	288	280	100	945	1125	310	111	1380	1431	1648	1664	1147	501	211	683	884	856	1582	1348	1013	312	582	1752	1831	1186	1800	500	60	1268	917	200	1297	1798	1279	130	916	523	981	1285	376	1293	766	231	77	1382	1087	1449	263	1656	1593	1292	1729	838	532	767	809
1784	1506	1363	1304	475	1367	689	274	60	1711	902	173	464	1807	321	369	1561	1750	453	1109	837	711	1602	163	76	1746	1205	396	1186	1831	1553	258	136	1221	1009	1066	1615	317	1065	92	285	724	1519	535	88	168	551	443	1474	110	952	1637	1091	196	131	553	96	1409	1000	833	1700
1229	1090	1088	496	722	1233	60	629	1653	1805	634	994	411	1216	1795	577	1613	1658	294	1199	861	950	769	60	134	682	1349	164	1800	1553	1831	1117	698	1671	805	581	388	798	182	1237	218	1533	315	811	806	133	356	579	519	960	331	1695	373	1513	454	269	621	727	185	107	752
1122	707	1794	1286	60	1006	927	1195	668	332	1010	1208	1259	1592	1562	1051	991	566	1552	1516	1155	374	1821	1133	360	1472	309	378	500	258	1117	1831	1639	1141	171	346	1163	1437	109	1469	891	296	821	210	149	1649	1140	201	1291	1758	251	720	878	287	1718	270	1231	224	432	441	585
1046	632	1373	895	958	1190	1048	1641	337	429	643	1787	135	436	1744	982	389	1015	1569	1404	1762	725	1597	697	690	329	1804	515	60	136	698	1639	1831	609	1598	98	763	334	461	882	857	1723	384	1121	1444	74	627	748	162	1341	320	562	1093	1548	463	1232	759	60	1691	472	1319
268	788	78	942	442	889	1250	980	122	160	1230	1731	680	1372	633	615	736	719	1587	928	507	1422	1305	82	1801	1143	414	60	1268	1221	1671	1141	609	1831	1751	1529	1412	499	154	1146	183	438	693	60	976	197	1636	319	446	1062	541	716	592	1274	1032	835	1360	1640	623	1702	1227
597	1222	755	1589	1366	423	86	1609	1545	60	413	1583	1725	1824	60	491	679	328	1021	72	983	1200	1607	1588	1783	914	306	673	917	1009	805	171	1598	1751	1831	822	440	757	84	213	783	1504	117	1177	1575	60	1371	595	865	896	1765	345	239	1171	1358	198	444	302	1710	1623	873
859	65	308	664	1351	1096	1590	60	1395	1148	397	1789	60	1340	817	1816	1303	1242	648	1668	758	1446	735	1011	872	60	775	552	200	1066	581	346	98	1529	822	1831	1094	913	1742	1436	1679	1416	1452	1811	1618	1741	563	589	1331	854	1499	102	60	866	886	1703	1402	1365	656	1123	301
1511	188	293	1523	1482	977	1024	1135	152	1257	922	299	355	823	997	740	1280	1418	1126	946	979	143	1775	825	1601	575	1492	1819	1297	1615	388	1163	763	1412	440	1094	1831	746	60	1271	1127	1644	1677	1390	1362	1650	1692	625	1730	420	894	1344	277	1772	1255	600	1527	1375	1411	1579	700
1558	646	1224	699	1017	999	696	504	988	1388	874	1713	1683	704	1097	692	730	158	1763	1749	1164	1563	1565	1828	951	830	1830	901	1798	317	798	1437	334	499	757	913	746	1831	97	1218	486	60	1315	1273	1827	776	410	909	1428	1699	1026	1057	853	1055	60	395	790	1077	1144	569	849
728	701	103	578	60	1038	426	518	1660	327	1258	1070	352	1029	101	60	1033	307	964	1628	973	498	1434	1675	1343	1478	255	1685	1279	1065	182	109	461	154	84	1742	60	97	1831	1001	252	1142	225	1008	793	1470	304	1687	1531	1756	1248	1139	118	386	260	60	528	60	1086	517	1491
391	60	1104	642	1061	393	1210	1322	1676	580	1067	672	1005	430	985	1374	1300	624	1225	1490	564	1267	1079	1159	1498	428	1715	1150	130	92	1237	1469	882	1146	213	1436	1271	1218	1001	1831	1605	932	1716	161	1802	112	482	1137	1276	1450	353	1551	421	815	907	79	1697	1698	132	367	876
614	1241	399	935	978	1634	60	522	468	229	209	715	601	792	1768	786	1129	987	827	897	1333	1554	1629	217	1443	155	435	1423	916	285	218	891	857	183	783	1679	1127	486	252	1605	1831	678	710	412	842	1288	612	1419	214	840	1633	83	1704	1678	1488	905	1815	377	1043	1684	785
626	1604	1501	203	1560	561	1611	1152	115	513	1080	737	1213	1157	1541	930	1283	1197	1115	694	665	127	1748	89	1045	531	1782	965	523	724	1533	296	1723	438	1504	1416	1644	60	1142	932	678	1831	1627	839	1600	282	1486	890	222	908	898	238	986	1002	1023	974	663	721	937	354	1779
60	60	1342	846	620	1031	178	506	181	628	60	289	347	141	603	1690	1311	841	1316	1585	657	1037	195	1440	179	869	709	1455	981	1519	315	821	384	693	117	1452	1677	1315	225	1716	710	1627	1831	931	1826	1479	875	1058	743	216	1518	1776	617	508	1759	653	145	390	1282	406	749
1638	1489	424	1736	1427	60	1767	533	1272	466	126	760	172	1128	1369	313	966	1433	613	1459	67	1451	488	667	1621	1413	729	1270	1285	535	811	210	1121	60	1177	1811	1390	1273	1008	161	412	839	931	1831	1119	392	60	1317	1808	801	618	140	1549	796	1616	205	169	606	635	1379	1275
368	887	1454	1415	447	1403	1726	61	480	852	893	236	333	1185	1347	516	1346	926	1228	525	649	60	1025	1743	868	560	460	358	376	88	806	149	1444	976	1575	1618	1362	1827	793	1802	842	1600	1826	1119	1831	739	652	90	1332	1432	60	802	1625	1158	1364	1651	1595	1733	1672	1100	1688
1809	1069	844	1323	543	1797	1594	458	1738	1391	934	1095	995	1532	607	1387	851	1521	780	1050	834	1154	1813	1120	455	1538	1350	91	1293	168	133	1649	74	197	60	1741	1650	776	1470	112	1288	282	1479	392	739	1831	481	770	984	1182	153	1296	325	385	60	762	1179	1622	789	1570	1265
1439	1438	548	1599	829	1559	570	554	826	1483	128	568	1134	1019	1662	996	1457	1705	557	576	962	688	1170	645	712	1314	380	867	766	551	356	1140	627	1636	1371	563	1692	410	304	482	612	1486	875	60	652	481	1831	1168	593	971	684	847	1328	478	244	948	947	381	370	1573	1820
972	433	526	863	1226	290	1761	923	445	144	1073	1215	1566	1396	279	405	545	778	1337	1814	1632	1172	1576	338	1477	1385	1289	60	231	443	579	201	748	319	595	589	625	909	1687	1137	1419	890	1058	1317	90	770	1168	1831	1399	1643	771	1577	888	1359	257	1072	1796	1240	1578	1243	250
1389	343	1214	278	1336	761	1378	1550	1138	1785	1020	1361	1393	450	845	483	281	180	295	1060	60	804	651	471	1261	1370	408	223	77	1474	519	1291	162	446	865	1331	1730	1428	1531	1276	214	222	743	1808	1332	984	593	1399	1831	571	1298	166	511	774	1028	1453	1076	114	335	1136	1667
1044	1156	779	998	1219	558	1181	401	60	1206	961	1606	1003	1295	1777	323	350	534	708	602	521	1799	1338	60	765	1693	1149	1669	1382	110	960	1758	1341	1062	896	854	420	1699	1756	1450	840	908	216	801	1432	1182	971	1643	571	1831	1383	843	539	271	1101	938	276	259	177	484	1110
240	233	1571	1165	94	1281	1790	342	1484	1512	1193	1567	1174	1408	1524	1085	1771	1476	451	529	284	267	572	492	1564	639	1278	1544	1087	952	331	251	320	541	1765	1499	894	1026	1248	353	1633	898	1518	618	60	153	684	771	1298	1383	1831	167	1466	1696	1424	1791	249	638	495	311	363
1022	318	150	75	1526	1027	1721	1252	1092	1778	1114	1308	497	371	753	60	60	1510	93	156	970	60	1083	608	120	666	1442	1586	1449	1637	1695	720	562	716	345	102	1344	1057	1139	1551	83	238	1776	140	802	1296	847	1577	166	843	167	1831	1547	1608	60	1184	316	1247	820	1647	66
1212	1201	1525	502	416	305	547	795	1238	659	220	904	703	165	1287	366	1098	1191	1463	60	747	588	1167	1196	1345	365	1681	1770	263	1091	373	878	1093	592	239	60	277	853	118	421	1704	986	617	1549	1625	325	1328	888	511	539	1466	1547	1831	660	808	1467	119	669	855	777	1239
1507	647	542	60	695	862	1502	1456	800	1535	546	939	138	60	186	1254	1103	193	1701	1766	836	243	326	1508	254	731	537	1760	1656	196	1513	287	1548	1274	1171	866	1772	1055	386	815	1678	1002	508	796	1158	385	478	1359	774	271	1696	1608	660	1831	1089	993	124	1781	247	1818	1084
157	1189	1465	631	1398	1004	1670	594	151	989	1260	1053	417	123	1712	745	204	677	340	1071	189	1277	339	104	207	1635	742	1236	1593	131	454	1718	463	1032	1358	886	1255	60	260	907	1488	1023	1759	1616	1364	60	244	257	1028	1101	1424	60	808	1089	1831	1596	1473	1166	361	261	1183
538	129	456	990	1352	864	241	911	814	1708	899	1421	194	81	1542	1825	1012	490	1106	283	919	230	208	881	619	675	1400	60	1292	553	269	270	1232	835	198	1703	600	395	60	79	905	974	653	205	1651	762	948	1072	1453	938	1791	1184	1467	993	1596	1831	1244	732	434	1302	348
925	734	1039	452	467	655	661	1198	662	1253	1175	782	70	596	750	1112	1505	933	1014	362	1755	1493	824	940	1619	176	828	1509	1729	96	621	1231	759	1360	444	1402	1527	790	528	1697	1815	663	145	169	1595	1179	947	1796	1076	276	249	316	119	124	1473	1244	1831	713	60	812	1481
510	616	291	232	364	816	1665	60	1325	1381	1494	1520	99	944	62	1016	175	556	791	108	654	717	1584	489	879	469	1747	1368	838	1409	727	224	60	1640	302	1365	1375	1077	60	1698	377	721	390	606	1733	1622	381	1240	114	259	638	1247	669	1781	1166	732	713	1831	1124	474	60
113	527	1377	1659	1655	1689	768	598	1173	477	71	794	1674	437	1724	60	1430	591	485	69	1810	1829	159	567	407	1108	1220	1329	532	1000	185	432	1691	623	1710	656	1411	1144	1086	132	1043	937	1282	635	1672	789	370	1578	335	177	495	820	855	247	361	434	60	1124	1831	1496	1720
1145	1339	1327	1764	1299	147	1460	226	1737	1673	1357	60	565	139	610	1500	641	60	918	949	1392	1326	832	1099	121	630	818	754	767	833	107	441	472	1702	1623	1123	1579	569	517	367	1684	354	406	1379	1100	1570	1573	1243	1136	484	311	1647	777	1818	261	1302	812	474	1496	1831	275
1487	1007	555	1410	375	245	549	1769	1192	227	1514	1534	1130	256	733	587	1485	1401	943	1631	219	1246	409	221	60	1036	1555	470	809	1700	752	585	1319	1227	873	301	700	849	1491	876	785	1779	749	1275	1688	1265	1820	250	1667	1110	363	66	1239	1084	1183	348	1481	60	1720	275	1831
