56	45	10	54	19	25	53	18	30	11	10
45	56	31	17	10	35	39	29	10	14	23
10	31	56	37	49	21	22	48	47	55	24
54	17	37	56	15	34	10	43	42	28	38
19	10	49	15	56	10	10	46	16	13	12
25	35	21	34	10	56	44	51	36	10	33
53	39	22	10	10	44	56	32	26	27	52
18	29	48	43	46	51	32	56	10	50	40
30	10	47	42	16	36	26	10	56	41	20
11	14	55	28	13	10	27	50	41	56	10
10	23	24	38	12	33	52	40	20	10	56
