1831	1290	731	1184	653	74	914	1189	489	255	1483	1690	1644	1064	440	1796	1453	664	471	293	60	602	1209	1160	1741	594	977	530	1105	1464	1145	947	1211	1173	589	1093	1192	1715	170	835	411	1534	1274	106	1302	1265	1071	1756	506	1733	898	1180	334	605	1314	405	956	1550	1703	1823	1824
1290	1831	1653	1353	205	1763	740	1398	1638	113	216	190	60	986	288	1153	1566	561	258	60	444	1737	124	1674	575	710	1270	1358	1552	990	1156	1034	1666	1506	1722	950	519	798	1716	1671	1313	769	790	1787	1222	631	1439	789	474	1259	1785	167	110	147	1159	1470	455	814	1161	1617	1258
731	1653	1831	88	1015	362	1193	385	696	1451	729	695	227	60	1217	617	836	1611	639	1459	1352	1046	1772	1827	588	510	323	616	274	899	1561	1264	1788	234	1004	1384	90	1283	97	642	953	408	1743	1143	1419	593	1309	585	669	225	545	803	1657	86	1107	577	1275	1174	449	1460	661
1184	1353	88	1831	632	1244	503	393	141	1057	1685	1404	1003	1152	382	512	1323	1040	1818	1492	1052	969	912	60	1298	1326	749	1782	326	933	1271	1560	238	1373	523	309	73	193	1311	1266	586	1797	849	1448	188	122	1187	150	79	89	1170	728	349	1242	907	1141	973	890	807	612	582
653	205	1015	632	1831	647	1371	1190	1728	735	1426	760	1102	342	1009	1408	804	1813	1764	1098	982	996	1182	1039	1504	140	1150	1627	269	738	383	228	204	745	452	1524	123	478	1730	1117	401	283	1769	1310	539	1740	376	60	1422	1736	93	1208	218	402	782	581	183	1531	1276	667	235
74	1763	362	1244	647	1831	797	1438	72	1615	1601	1151	67	1698	282	1225	1517	494	371	337	640	750	892	1291	1251	1175	1432	1708	415	929	937	1340	546	481	248	1267	1414	388	877	1025	980	244	871	406	707	1136	853	413	924	555	910	1255	60	1484	374	127	1780	601	339	1815	536
914	740	1193	503	1371	797	1831	793	1035	118	1074	1822	251	1575	1235	702	1068	1016	268	1436	1583	490	703	1307	1412	952	1598	61	1463	1112	613	1139	538	1088	854	1732	163	930	223	1091	1731	1791	726	876	1322	340	666	1163	1656	1260	1800	717	60	1177	978	865	1686	857	1280	762	145
1189	1398	385	393	1190	1438	793	1831	873	861	1133	420	1699	940	1304	1316	1748	896	341	1268	946	220	1443	652	330	1359	1090	1411	971	1215	1044	993	1073	643	550	1442	181	1389	442	840	1679	1729	720	1650	407	1594	1475	60	1603	399	1660	176	1279	829	670	457	180	919	684	1284	345
489	1638	696	141	1728	72	1035	873	1831	1097	507	271	60	802	648	387	1245	1401	954	1758	306	975	638	1296	1013	1165	416	441	812	166	1129	1167	132	844	887	945	1626	1590	1479	886	260	960	1592	1269	386	627	1239	623	531	819	881	501	1553	217	558	409	1287	781	622	815	312
255	113	1451	1057	735	1615	118	861	1097	1831	285	587	1169	495	524	576	239	542	1530	60	526	1077	1427	1777	1020	404	1049	1299	882	917	128	1036	1684	1146	1564	1431	709	671	810	1315	791	129	903	344	187	144	1697	748	1682	1115	467	477	418	1646	1454	1067	428	888	1392	795	351
1483	216	729	1685	1426	1601	1074	1133	507	285	1831	1092	987	693	1223	60	131	1131	1775	1312	381	325	1776	1176	1667	1144	136	1619	788	1109	1707	591	1278	130	1386	346	983	1744	83	60	734	1075	1250	1680	1022	348	291	1753	1500	758	700	1724	1421	1178	1469	867	267	1399	1306	319	432
1690	190	695	1404	760	1151	1822	420	271	587	1092	1831	1207	160	1199	678	1030	352	356	1032	985	852	117	874	1238	988	1705	1739	895	557	1573	370	60	1018	482	294	1372	1647	681	98	1114	855	299	778	295	1210	1329	730	424	1424	1362	174	1240	1622	1488	1317	1338	1257	1692	1513	60
1644	60	227	1003	1102	67	251	1699	60	1169	987	1207	1831	516	776	737	1557	1571	598	1019	1495	504	742	361	1122	866	426	1799	949	540	63	253	1649	529	1537	1595	419	786	1393	311	1428	60	906	1060	1654	1670	201	366	375	470	363	1246	716	240	1407	302	1768	377	241	763	984
1064	986	60	1152	342	1698	1575	940	802	495	693	160	516	1831	1434	1629	373	541	1711	527	1085	1687	1752	1820	261	1726	889	725	1050	1441	1497	272	1751	560	296	727	1253	1474	818	1738	1331	119	450	461	1324	1397	596	514	559	212	1511	1706	1637	1256	231	609	60	883	847	60	637
440	288	1217	382	1009	282	1235	1304	648	524	1223	1199	776	1434	1831	398	967	1406	92	1766	1577	1473	1028	1418	1661	724	1786	1688	1734	508	1100	1525	1127	60	125	948	276	202	839	722	1790	439	358	1810	634	60	571	1320	1672	121	417	1158	699	607	813	1417	226	1062	1634	112	1349
1796	1153	617	512	1408	1225	702	1316	387	576	60	678	737	1629	398	1831	970	171	359	1017	1118	533	168	1121	60	1300	85	1450	994	60	931	438	1599	955	475	573	1828	70	331	995	196	355	1691	108	468	126	1387	264	1476	1202	1325	645	142	1273	157	944	636	981	107	66	614
1453	1566	836	1323	804	1517	1068	1748	1245	239	131	1030	1557	373	967	970	1831	565	379	1205	1042	1072	1807	959	1346	219	1559	1487	384	884	1006	60	1130	199	800	660	1289	764	1554	203	1108	1233	466	1416	774	1759	965	1449	369	687	556	1345	1570	941	1801	1545	770	1757	502	116	1303
664	561	1611	1040	1813	494	1016	896	1401	542	1131	352	1571	541	1406	171	565	1831	194	606	354	1061	753	367	752	711	427	765	1272	991	630	479	1435	435	1668	338	224	1295	1482	1157	578	436	1694	1282	1466	1010	1502	60	60	694	1809	879	456	1247	133	1567	1665	1254	104	920	1529
471	258	639	1818	1764	371	268	341	954	1530	1775	356	598	1711	92	359	379	194	1831	318	1582	1648	182	77	1579	115	1587	60	963	1642	932	901	246	608	1489	894	1043	335	1581	1770	397	509	553	1437	265	462	60	211	1360	1826	1821	1099	644	1628	1540	1101	1364	521	1779	1012	213
293	60	1459	1492	1098	337	1436	1268	1758	60	1312	1032	1019	527	1766	1017	1205	606	318	1831	499	1693	562	641	65	615	1415	961	845	328	1391	714	378	522	60	1503	518	1468	1033	68	329	1496	808	564	1378	460	1605	902	768	625	821	60	463	1498	880	621	773	1750	1350	775	94
60	444	1352	1052	982	640	1583	946	306	526	381	985	1495	1085	1577	1118	1042	354	1582	499	1831	1164	1037	704	1221	1808	1080	198	1383	604	1509	688	313	1652	1135	1342	1485	1200	280	1055	321	1572	1230	1297	1370	848	1472	389	60	99	153	1602	1194	1783	422	396	1467	1593	831	103	569
602	1737	1046	969	996	750	490	220	975	1077	325	852	504	1687	1473	533	1072	1061	1648	1693	1164	1831	1447	957	1806	1574	1718	923	446	186	1505	394	480	498	1604	830	1747	1059	1562	677	551	287	1669	433	649	236	1224	859	332	1793	935	400	751	1126	60	505	1140	1696	801	149	60
1209	124	1772	912	1182	892	703	1443	638	1427	1776	117	742	1752	1028	168	1807	753	182	562	1037	1447	1831	233	1179	908	567	860	1789	922	1533	1825	230	197	809	175	1369	543	1172	243	534	1031	60	1548	1206	683	672	317	458	221	1499	178	1281	705	1677	663	1462	395	1103	1551	447
1160	1674	1827	60	1039	1291	1307	652	1296	1777	1176	874	361	1820	1418	1121	959	367	77	641	704	957	233	1831	320	958	1000	1070	1792	158	1374	1014	1558	610	247	826	1079	279	421	999	1433	792	1527	891	1578	1555	828	191	570	192	1544	794	60	1620	493	715	1580	1547	1514	314	566
1741	575	588	1298	1504	1251	1412	330	1013	1020	1667	1238	1122	261	1661	60	1346	752	1579	65	1221	1806	1179	320	1831	1083	443	488	60	759	633	1721	300	1713	1241	1243	1054	60	173	1021	1709	84	1662	1508	1539	979	1585	392	1094	1327	837	679	962	1576	62	784	1076	1632	686	451	868
594	710	510	1326	140	1175	952	1359	1165	404	1144	988	866	1726	724	1300	219	711	115	615	1808	1574	908	958	1083	1831	805	1664	590	80	1333	473	1643	1181	1347	1363	1063	976	1519	1714	1069	1023	232	904	755	60	1171	1830	434	159	1084	222	60	1081	368	1423	926	423	172	1641	846
977	1270	323	749	1150	1432	1598	1090	416	1049	136	1705	426	889	1786	85	1559	427	1587	1415	1080	1718	567	1000	443	805	1831	739	425	304	1606	1480	1563	143	517	1195	111	1214	1375	1321	568	1328	75	1625	1232	60	856	1795	1365	1396	60	579	82	1781	1446	1490	1047	1110	1318	1526	535
530	1358	616	1782	1627	1708	61	1411	441	1299	1619	1739	1799	725	1688	1450	1487	765	60	961	198	923	860	1070	488	1664	739	1831	1651	165	135	1125	1784	1066	574	1516	1493	64	1286	1308	114	1367	1584	1735	1344	151	148	1754	701	303	650	698	242	162	1765	900	60	1343	1778	1058	1507
1105	1552	274	326	269	415	1463	971	812	882	788	895	949	1050	1734	994	384	1272	963	845	1383	446	1789	1792	60	590	425	1651	1831	1082	307	1196	1351	1292	1026	1478	391	1618	1065	998	1041	806	1420	1701	796	1382	343	832	1409	1379	273	595	989	1148	1096	1008	656	1166	278	134	824
1464	990	899	933	738	929	1112	1215	166	917	1109	557	540	1441	508	60	884	991	1642	328	604	186	922	158	759	80	304	165	1082	1831	431	676	185	1213	1095	787	448	1348	1535	454	1154	825	563	1630	1330	1520	1220	69	254	685	520	554	918	1134	210	1749	60	1771	403	1481	864
1145	1156	1561	1271	383	937	613	1044	1129	128	1707	1573	63	1497	1100	931	1006	630	932	1391	1509	1505	1533	1374	633	1333	1606	135	307	431	1831	682	60	1804	820	659	1518	1337	372	284	1712	869	1149	1512	1262	1405	1805	744	1588	909	1402	1565	942	1216	662	102	1613	154	1723	208	1549
947	1034	1264	1560	228	1340	1139	993	1167	1036	591	370	253	272	1525	438	60	479	901	714	688	394	1825	1014	1721	473	1480	1125	1196	676	682	1831	1522	651	1762	1413	822	592	60	1521	1288	780	256	1717	1528	1001	1700	1111	1231	747	777	476	736	1277	1635	619	838	783	1119	772	1612
1211	1666	1788	238	204	546	538	1073	132	1684	1278	60	1649	1751	1127	1599	1130	1435	246	378	313	480	230	1558	300	1643	1563	1784	1351	185	60	1522	1831	1048	1400	841	528	324	1120	911	60	1542	1038	109	1204	486	1569	1124	350	263	515	544	1812	1191	713	1546	658	761	1755	453	1623
1173	1506	234	1373	745	481	1088	643	844	1146	130	1018	529	560	60	955	199	435	608	522	1652	498	197	610	1713	1181	143	1066	1292	1213	1804	651	1048	1831	459	1440	626	968	1007	972	322	1501	741	1024	1219	1586	1086	297	708	146	215	1621	1607	1683	1236	1678	746	1155	1445	697	1185
589	1722	1004	523	452	248	854	550	887	1564	1386	482	1537	296	125	475	800	1668	1489	60	1135	1604	809	247	1241	1347	517	574	1026	1095	820	1762	1400	459	1831	1248	843	245	252	357	1624	430	675	60	1234	1106	1123	1339	1538	1523	1319	618	668	1444	603	1457	680	1631	1541	934	139
1093	950	1384	309	1524	1267	1732	1442	945	1431	346	294	1595	727	948	573	660	338	894	1503	1342	830	175	826	1243	1363	1195	1516	1478	787	659	1413	841	1440	1248	1831	1461	925	1203	657	1226	1773	1829	1774	1395	766	1486	500	60	60	1802	1633	1056	496	286	1385	120	1357	938	1227	1817
1192	519	90	73	123	1414	163	181	1626	709	983	1372	419	1253	276	1828	1289	224	1043	518	1485	1747	1369	1079	1054	1063	111	1493	391	448	1518	822	528	626	843	1461	1831	289	1305	1361	1430	1673	1636	360	484	60	718	336	1410	259	1760	913	827	1727	491	169	1655	547	105	583	1051
1715	798	1283	193	478	388	930	1389	1590	671	1744	1647	786	1474	202	70	764	1295	335	1468	1200	1059	543	279	60	976	1214	64	1618	1348	1337	592	324	968	245	925	289	1831	60	237	943	620	719	1589	189	673	487	862	353	665	214	721	1229	1137	756	928	816	1676	1128	229	1761
170	1716	97	1311	1730	877	223	442	1479	810	83	681	1393	818	839	331	1554	1482	1581	1033	280	1562	1172	421	173	1519	1375	1286	1065	1535	372	60	1120	1007	252	1203	1305	60	1831	851	209	1645	646	1556	1188	469	511	1704	184	281	1201	327	1335	1218	921	1591	364	298	472	1377	1658
835	1671	642	1266	1117	1025	1091	840	886	1315	60	98	311	1738	722	995	203	1157	1770	68	1055	677	243	999	1021	1714	1321	1308	998	454	284	1521	911	972	357	657	1361	237	851	1831	412	1294	1403	1794	905	60	1532	310	689	96	842	597	1816	572	1814	885	179	60	1746	1332	936
411	1313	953	586	401	980	1731	1679	260	791	734	1114	1428	1331	1790	196	1108	578	397	329	321	551	534	1433	1709	1069	568	114	1041	1154	1712	1288	60	322	1624	1226	1430	943	209	412	1831	629	1186	580	1710	290	532	785	1168	951	1491	100	1183	1261	1089	584	1568	155	1675	60	257
1534	769	408	1797	283	244	1791	1729	960	129	1075	855	60	119	439	355	1233	436	509	1496	1572	287	1031	792	84	1023	1328	1367	806	825	869	780	1542	1501	430	1773	1673	620	1645	1294	629	1831	1388	156	1336	674	1610	1819	207	1053	823	1078	1390	799	1640	897	1301	78	1334	635	60
1274	790	1743	849	1769	871	726	720	1592	903	1250	299	906	450	358	1691	466	1694	553	808	1230	1669	60	1527	1662	232	75	1584	1420	563	1149	256	1038	741	675	1829	1636	719	646	1403	1186	1388	1831	161	1458	1366	347	316	771	1162	1425	1725	305	1376	863	549	712	1477	1368	1341	60
106	1787	1143	1448	1310	406	876	1650	1269	344	1680	778	1060	461	1810	108	1416	1282	1437	564	1297	433	1548	891	1508	904	1625	1735	1701	1630	1512	1717	109	1024	60	1774	360	1589	1556	1794	580	156	161	1831	1719	200	1616	81	1002	1429	1702	939	195	60	1597	1113	177	1455	1354	1608	537
1302	1222	1419	188	539	707	1322	407	386	187	1022	295	1654	1324	634	468	774	1466	265	1378	1370	649	1206	1578	1539	755	1232	1344	796	1330	1262	1528	1204	1219	1234	1395	484	189	1188	905	1710	1336	1458	1719	1831	1689	1027	301	611	692	1380	552	811	1293	870	1720	1663	60	927	1659	1132
1265	631	593	122	1740	1136	340	1594	627	144	348	1210	1670	1397	60	126	1759	1010	462	460	848	236	683	1555	979	60	60	151	1382	1520	1405	1001	486	1586	1106	766	60	673	469	60	290	674	1366	200	1689	1831	548	1515	464	333	1104	1471	262	410	1263	275	915	1249	60	1614	465
1071	1439	1309	1187	376	853	666	1475	1239	1697	291	1329	201	596	571	1387	965	1502	60	1605	1472	1224	672	828	1585	1171	856	148	343	1220	1805	1700	1569	1086	1123	1486	718	487	511	1532	532	1610	347	1616	1027	548	1831	1197	250	817	1510	1745	757	380	1138	1596	137	1742	164	270	875
1756	789	585	150	60	413	1163	60	623	748	1753	730	366	514	1320	264	1449	60	211	902	389	859	317	191	392	1830	1795	1754	832	69	744	1111	1124	297	1339	500	336	862	1704	310	785	1819	316	81	301	1515	1197	1831	152	1252	1147	1494	1381	485	95	733	997	1456	206	691	1029
506	474	669	79	1422	924	1656	1603	531	1682	1500	424	375	559	1672	1476	369	60	1360	768	60	332	458	570	1094	434	1365	701	1409	254	1588	1231	350	708	1538	60	1410	353	184	689	1168	207	771	1002	611	464	250	152	1831	414	833	91	365	1005	767	655	292	1536	277	60	497
1733	1259	225	89	1736	555	1260	399	819	1115	758	1424	470	212	121	1202	687	694	1826	625	99	1793	221	192	1327	159	1396	303	1379	685	909	747	263	146	1523	60	259	665	281	96	951	1053	1162	1429	692	333	817	1252	414	1831	138	492	525	1285	1228	723	706	878	992	76	893
898	1785	545	1170	93	910	1800	1660	881	467	700	1362	363	1511	417	1325	556	1809	1821	821	153	935	1499	1544	837	1084	60	650	273	520	1402	777	515	215	1319	1802	1760	214	1201	842	1491	823	1425	1702	1380	1104	1510	1147	833	138	1831	445	483	315	966	60	249	1609	779	600	1767
1180	167	803	728	1208	1255	717	176	501	477	1724	174	1246	1706	1158	645	1345	879	1099	60	1602	400	178	794	679	222	579	698	595	554	1565	476	544	1621	618	1633	913	721	327	597	100	1078	1725	939	552	1471	1745	1494	91	492	445	1831	513	1237	1212	1695	87	1045	1681	1198	1639
334	110	1657	349	218	60	60	1279	1553	418	1421	1240	716	1637	699	142	1570	456	644	463	1194	751	1281	60	962	60	82	242	989	918	942	736	1812	1607	668	1056	827	1229	1335	1816	1183	1390	305	195	811	262	757	1381	365	525	483	513	1831	834	1600	964	732	916	429	1811	1011
605	147	86	1242	402	1484	1177	829	217	1646	1178	1622	240	1256	607	1273	941	1247	1628	1498	1783	1126	705	1620	1576	1081	1781	162	1148	1134	1216	1277	1191	1683	1444	496	1727	1137	1218	572	1261	799	1376	60	1293	410	380	485	1005	1285	315	1237	834	1831	308	1803	101	266	599	437	1355
1314	1159	1107	907	782	374	978	670	558	1454	1469	1488	1407	231	813	157	1801	133	1540	880	422	60	1677	493	62	368	1446	1765	1096	210	662	1635	713	1236	603	286	491	756	921	1814	1089	1640	863	1597	870	1263	1138	95	767	1228	966	1212	1600	308	1831	1087	1356	690	1543	1798	872
405	1470	577	1141	581	127	865	457	409	1067	867	1317	302	609	1417	944	1545	1567	1101	621	396	505	663	715	784	1423	1490	900	1008	1749	102	619	1546	1678	1457	1385	169	928	1591	885	584	897	549	1113	1720	275	1596	733	655	723	60	1695	964	1803	1087	1831	1452	1116	1142	754	1465
956	455	1275	973	183	1780	1686	180	1287	428	267	1338	1768	60	226	636	770	1665	1364	773	1467	1140	1462	1580	1076	926	1047	60	656	60	1613	838	658	746	680	120	1655	816	364	179	1568	1301	712	177	1663	915	137	997	292	706	249	87	732	101	1356	1452	1831	654	628	858	71
1550	814	1174	890	1531	601	857	919	781	888	1399	1257	377	883	1062	981	1757	1254	521	1750	1593	1696	395	1547	1632	423	1110	1343	1166	1771	154	783	761	1155	1631	1357	547	1676	298	60	155	78	1477	1455	60	1249	1742	1456	1536	878	1609	1045	916	266	690	1116	654	1831	974	850	743
1703	1161	449	807	1276	339	1280	684	622	1392	1306	1692	241	847	1634	107	502	104	1779	1350	831	801	1103	1514	686	172	1318	1778	278	403	1723	1119	1755	1445	1541	938	105	1128	472	1746	1675	1334	1368	1354	927	60	164	206	277	992	779	1681	429	599	1543	1142	628	974	1831	624	390
1823	1617	1460	612	667	1815	762	1284	815	795	319	1513	763	60	112	66	116	920	1012	775	103	149	1551	314	451	1641	1526	1058	134	1481	208	772	453	697	934	1227	583	229	1377	1332	60	635	1341	1608	1659	1614	270	691	60	76	600	1198	1811	437	1798	754	858	850	624	1831	1394
1824	1258	661	582	235	536	145	345	312	351	432	60	984	637	1349	614	1303	1529	213	94	569	60	447	566	868	846	535	1507	824	864	1549	1612	1623	1185	139	1817	1051	1761	1658	936	257	60	60	537	1132	465	875	1029	497	893	1767	1639	1011	1355	872	1465	71	743	390	1394	1831
