56	12	10	38	10	20	52	10	27	23	34
12	56	14	42	51	25	10	50	45	19	36
10	14	56	26	17	15	10	13	29	10	49
38	42	26	56	10	32	46	21	43	11	53
10	51	17	10	56	30	54	39	18	24	31
20	25	15	32	30	56	44	16	55	28	10
52	10	10	46	54	44	56	48	41	37	10
10	50	13	21	39	16	48	56	35	40	33
27	45	29	43	18	55	41	35	56	22	10
23	19	10	11	24	28	37	40	22	56	47
34	36	49	53	31	10	10	33	10	47	56
