3241	2473	516	1520	3111	894	2585	3167	735	80	472	2367	1417	2891	729	926	807	1433	605	3001	2924	636	420	2480	80	985	2756	80	417	874	2306	2701	1517	1983	307	80	2823	2182	2632	1076	1911	2330	2776	1754	1640	2086	1516	162	1161	2618	2410	3013	3103	406	475	1498	2782	1669	3233	1519	1094	2452	2491	2900	2242	1947	1061	889	2284	960	2226	577	967	1098	1072	567	2835	1689	2518	2126	3023
2473	3241	289	2963	2278	2946	1995	2581	2681	2949	531	664	911	405	2797	256	387	2049	80	1079	2087	1718	2582	1908	1709	281	1511	782	1083	2944	1697	2307	2350	942	2022	2471	1830	3181	1702	1878	1910	962	424	1980	2513	2371	1066	1510	2368	2522	2285	562	358	2458	3054	1769	381	1338	3137	591	2700	990	1436	614	1917	2340	2455	1420	2228	2138	404	1979	445	80	129	2044	634	2709	1722	1461	1464
516	289	3241	1480	240	2166	1078	244	533	412	1902	2441	2211	1255	2695	437	3215	1006	1441	1299	2948	1876	202	1182	1392	749	1291	208	2334	1596	1957	364	1212	1316	1638	1058	2398	2935	2942	836	781	3166	649	3176	3031	3068	2381	1622	1744	850	2416	1496	2190	803	2127	2863	2322	3116	3209	1865	673	470	2605	2118	3026	2994	351	433	2857	579	432	80	3126	1069	1456	3057	1594	2407	1100	1740	607
1520	2963	1480	3241	1397	1381	978	1494	485	80	1543	597	1982	713	1214	2154	237	2326	2851	1458	357	2314	971	1073	1685	1927	1568	2712	2906	2196	1557	214	2690	2774	3073	97	3024	3101	2362	2104	2474	1833	80	2884	2428	777	1062	378	1707	1046	80	837	553	1655	1335	1778	2014	1435	2365	2869	565	3108	846	457	1600	695	812	2101	2865	82	2750	1311	1618	2488	2979	1560	1426	238	250	3010	2603
3111	2278	240	1397	3241	2128	1665	3228	3163	1933	2754	2236	644	2699	2162	1580	270	2769	653	1906	979	1188	2512	1923	2248	1045	183	922	1445	935	792	2566	3092	1803	384	1817	1242	1615	1589	1478	621	1224	468	2811	1604	1147	201	3004	912	2923	1668	2027	2142	3088	316	558	1885	799	1325	2925	1442	2569	2704	3009	2654	2298	1222	3164	271	2723	2333	2987	401	2112	1372	438	2624	80	3076	700	1475
894	2946	2166	1381	2128	3241	2721	1125	204	1681	2576	834	1376	1952	2950	721	2115	1010	3079	838	866	1213	678	2325	133	506	440	2199	637	1450	3234	104	3189	1476	80	2147	2604	492	976	1136	1997	2083	2155	2511	247	2663	1705	1507	3208	2510	771	1481	308	514	2400	1261	3200	2477	1619	199	1124	3179	2631	825	2268	1116	783	3070	2108	683	80	640	2414	728	1988	2145	2067	555	704	2729	2707
2585	1995	1078	978	1665	2721	3241	1846	292	613	545	1950	2075	2355	1109	422	1020	944	2388	2502	2309	696	107	2311	1826	1733	1581	974	2047	1835	3028	1448	2430	2588	311	291	2450	268	3192	2377	1763	3017	3128	1894	2807	80	3083	2139	1585	2678	1798	1981	1204	327	2499	1597	2120	2342	2299	864	80	1378	1889	175	1695	2599	502	1180	2886	932	3056	1771	2742	1850	2547	2733	1278	1414	2406	212	1315
3167	2581	244	1494	3228	1125	1846	3241	1166	2608	3000	701	1872	426	527	102	500	3221	646	2408	325	1443	1776	3050	2682	1157	843	3020	881	1030	375	242	80	1571	1118	488	362	3130	770	2602	2652	1809	2691	1390	511	1106	1007	819	2212	2932	2364	1354	2713	963	1310	2007	2714	2106	3113	2487	809	1245	2215	919	525	2688	670	1000	494	1145	603	83	85	3085	1529	1647	572	2203	2183	278	2577
735	2681	533	485	3163	204	292	1166	3241	386	2516	543	3134	2814	1943	2558	2542	452	2181	2287	608	140	1542	2993	1191	950	897	469	1470	2836	999	1570	3051	617	856	1799	1748	2180	116	1202	3136	1666	2785	2069	2237	2912	2427	80	1047	1260	1267	3157	1801	1734	996	1966	981	1211	2275	448	471	3213	2541	1864	99	3216	2489	414	1422	1074	1715	1783	2795	1891	2504	354	3211	3240	2213	2100	916
80	2949	412	80	1933	1681	613	2608	386	3241	714	599	883	2623	753	1903	1620	2609	2005	1642	2459	2894	2002	1645	1022	1437	2626	305	1506	360	1566	2926	1945	3165	1059	2293	884	80	349	3123	626	2187	772	1351	2628	521	2997	1877	2983	2329	766	484	2572	1497	2515	1143	1607	2553	622	2347	2876	1129	1210	481	1385	1012	3222	1416	1313	2222	1142	1409	549	1540	136	3118	2708	1209	2720	2417	2981
472	531	1902	1543	2754	2576	545	3000	2516	714	3241	725	1591	534	595	1777	2974	752	2989	149	2373	80	898	80	2552	455	1137	2698	2740	731	796	80	390	2136	651	968	1785	1455	1241	2011	2060	1644	225	334	3152	1446	345	2575	509	1749	321	1228	1628	2272	530	3021	1089	3012	1096	984	160	1552	1657	2953	3218	3191	1237	2303	2747	189	220	2964	135	2496	1183	3011	497	2273	1944	2880	2097
2367	664	2441	597	2236	834	1950	701	543	599	725	3241	3162	2887	2780	2034	2466	2784	155	2965	2279	263	2868	852	601	439	2525	859	992	832	95	2193	111	1048	338	1238	251	483	3115	566	2555	1736	2204	2042	2679	2927	570	1812	2648	396	1972	665	1593	1930	3124	205	1164	1374	1840	2390	1610	2038	1412	1439	370	1731	3053	3003	1514	1004	2790	3174	248	814	1288	2360	1653	80	515	122	1321
1417	911	2211	1982	644	1376	2075	1872	3134	883	1591	3162	3241	2930	1612	2134	2772	209	1887	2984	763	708	1167	1996	2535	294	1898	1234	2788	80	709	747	1684	2380	1932	1429	698	2495	3129	3210	1751	1832	2696	80	2546	2345	2503	918	723	328	290	2189	1854	1364	1637	663	2520	1341	288	2798	1659	2506	661	2113	2379	2975	2854	1632	2918	2743	2732	1674	1123	638	682	1187	1171	1093	2096	2738	2395
2891	405	1255	713	2699	1952	2355	426	2814	2623	534	2887	2930	3241	1880	1991	2779	650	1912	2157	2337	2957	2995	3127	2866	1588	1901	2645	2919	2998	1218	392	1230	1322	2063	1690	630	2091	1249	2335	1856	2735	2910	1808	1765	2764	80	1144	419	1963	3049	2830	1897	3084	2066	920	1200	1452	365	1360	389	3159	2664	966	2028	2889	2509	80	2225	2765	2124	873	372	2429	532	3036	2043	3161	1201	98	3138
729	2797	2695	1214	2162	2950	1109	527	1943	753	595	2780	1612	1880	3241	3096	902	628	169	3071	1919	2666	2343	1085	80	2913	2129	228	259	1258	887	1207	1339	1473	2169	2445	1275	1643	2812	590	2464	166	2094	1373	2591	2415	2457	1961	153	2561	703	1603	3106	2736	2296	1396	2943	1423	707	1742	1155	187	1708	1686	986	176	415	2530	1342	2861	2160	2366	3207	3043	211	1165	2121	989	3022	2331	2064
926	256	437	2154	1580	721	422	102	2558	1903	1777	2034	2134	1991	3096	3241	2288	80	1293	376	1892	2353	1029	2451	1869	875	1678	137	1825	580	1773	486	2897	1056	80	2105	274	1399	456	1361	2751	939	2719	2033	2200	1508	2006	458	490	447	428	80	2899	848	3131	3229	206	1549	410	3093	831	3223	180	1844	1304	888	125	2916	3006	3224	1251	1667	681	2844	142	145	1240	1091	808	309	1926
807	387	3215	237	270	2115	1020	500	2542	1620	2974	2466	2772	2779	902	2288	3241	1340	2770	513	1503	217	1337	2336	2538	2745	1613	2467	3238	2173	997	3177	755	1021	1486	2037	2694	987	624	1005	2529	1400	769	2221	2954	460	2250	1617	737	1271	1463	823	1457	2610	436	2191	369	2697	1305	2245	1141	2375	489	1831	1350	715	2135	2156	2586	1102	2030	1884	113	3018	767	496	2393	2358	80	1327	710
1433	2049	1006	2326	2769	1010	944	3221	452	2609	752	2784	209	650	628	80	1340	3241	188	1388	574	1469	1598	80	524	3030	3186	3064	677	1168	2251	2035	403	528	1664	446	2748	272	221	108	2862	246	229	2481	839	3060	141	1951	332	1484	1735	1011	2557	2951	2111	1487	459	339	3237	1888	806	1852	243	1853	267	498	3037	2053	80	1787	2475	751	3196	2437	128	1781	1867	218	2431	536	1262
605	80	1441	2851	653	3079	2388	646	2181	2005	2989	155	1887	1912	169	1293	2770	188	3241	2443	817	1528	2936	407	474	2662	273	2352	877	1978	1194	1636	2319	680	1518	3107	170	793	280	1353	2617	1899	863	463	3098	1357	2313	1259	741	3173	1999	712	2045	3080	1794	2716	2818	3144	2107	1609	2834	2573	3095	101	80	1724	1003	1755	890	416	3122	1601	1658	1925	2722	1054	1726	923	1023	3239	539
3001	1079	1299	1458	1906	838	2502	2408	2287	1642	149	2965	2984	2157	3071	376	513	1388	2443	3241	1126	1148	400	1014	2016	1493	1411	2052	3198	2947	1679	2562	3155	2328	1611	1303	1868	561	581	1266	2625	2422	2260	1131	2903	3183	130	80	2883	3025	1121	1605	716	2606	828	1712	1764	2551	1746	1546	658	645	2158	317	2621	3019	1410	615	1592	1553	1405	2046	1626	657	1366	2320	1565	2885	2730	1652	1257
2924	2087	2948	357	979	866	2309	325	608	2459	2373	2279	763	2337	1919	1892	1503	574	817	1126	3241	1197	2877	1203	80	1953	860	119	2543	1235	2386	1110	167	1635	2317	1859	606	2536	1807	1874	2959	1535	2583	3089	2073	765	1732	2658	2261	1097	1425	2760	393	1359	105	896	1725	538	2737	2116	2755	1696	2149	689	2675	80	1616	3032	2292	2074	2635	1196	1398	1848	2961	80	868	2649	744	1873	2969
636	1718	1876	2314	1188	1213	696	1443	140	2894	80	263	708	2957	2666	2353	217	1469	1528	1148	1197	3241	301	2514	1290	2439	764	254	1575	3143	2425	1955	216	2146	1595	1309	2269	1319	2587	3151	1492	2004	1703	810	1080	2426	544	1018	1879	1139	2229	3171	2301	1602	2703	2252	2852	1300	3109	1281	858	1539	1631	956	347	2081	2098	178	654	1344	1057	2929	1312	542	342	1914	382	2357	1816	1822	1031
420	2582	202	971	2512	678	107	1776	1542	2002	898	2868	1167	2995	2343	1029	1337	1598	2936	400	2877	301	3241	2230	1460	3014	348	330	547	1329	2909	1189	2665	2726	1427	2494	302	592	1745	253	627	982	361	2825	3110	81	1104	1970	1627	1965	1521	625	1710	623	535	2382	2479	1286	2170	855	631	546	298	980	322	1077	80	742	318	1590	750	2524	1920	2640	1330	299	917	906	2447	904	84
2480	1908	1182	1073	1923	2325	2311	3050	2993	1645	80	852	1996	3127	1085	2451	2336	80	407	1014	1203	2514	2230	3241	2297	510	374	1332	3230	213	1721	1738	743	2548	1863	2560	92	2563	1762	2556	2461	2208	110	306	2012	2490	190	80	1561	1886	632	1025	648	1727	2829	94	1190	740	286	1915	1163	454	1317	1949	1941	2102	2255	687	1001	2986	2775	3063	2103	1713	3236	1302	659	862	429	304	1921
80	1709	1392	1685	2248	133	1826	2682	1191	1022	2552	601	2535	2866	80	1869	2538	524	474	2016	80	1290	1460	2297	3241	705	1013	391	2412	227	2130	879	277	150	3132	152	977	727	1440	380	1348	1112	2444	1954	1488	2528	895	2867	2833	3094	1505	672	2117	2253	1959	1843	80	2493	1379	2584	2419	1841	2346	1199	2185	844	1523	88	2009	2937	871	2232	2446	582	2184	1651	1896	2078	2802	80	1956
985	281	749	1927	1045	506	1733	1157	950	1437	455	439	294	1588	2913	875	2745	3030	2662	1493	1953	2439	3014	510	705	3241	80	80	1989	1133	2711	1103	2290	1419	2257	526	1026	785	1772	1263	1577	2928	685	2438	1395	450	2607	1138	1804	1500	3062	2266	2892	80	124	80	3067	1554	2133	1687	2672	3204	2837	2841	2413	143	333	2805	641	778	853	1548	2449	1614	353	279	746	2600	2243	548	3117
2756	1511	1291	1568	183	440	1581	843	897	2626	1137	2525	1898	1901	2129	1678	1613	3186	273	1411	860	764	348	374	1013	80	3241	679	284	1525	1467	293	2596	1418	1905	139	1747	1447	2616	2639	1408	2956	2150	3081	726	2484	80	2271	2167	2258	1694	1071	504	1811	2901	924	182	2095	602	2574	2920	1413	2940	2327	2256	2771	3015	826	1223	2674	2323	2966	1459	1574	2517	1287	2125	2168	2056	1294	2570
80	782	208	2712	922	2199	974	3020	469	305	2698	859	1234	2645	228	137	2467	3064	2352	2052	119	254	330	1332	391	80	679	3241	1120	3231	2831	1677	2634	2864	776	1277	352	3087	1276	2165	2023	872	2827	3119	398	3075	1838	2061	1019	2684	373	2463	1415	1219	774	431	1170	2757	1789	3002	1052	757	367	3185	1377	2338	80	2249	1174	1184	164	2099	2819	2579	3195	2436	1431	344	2668	3044	2970
417	1083	2334	2906	1445	637	2047	881	1470	1506	2740	992	2788	2919	259	1825	3238	677	877	3198	2543	1575	547	3230	2412	1989	284	1120	3241	3141	818	235	720	1205	487	886	2988	80	1175	3059	2908	1406	2687	914	1866	1922	2794	2550	2079	1750	224	2041	2401	1648	3090	3035	3142	2882	801	2264	1472	2601	2384	2753	331	2673	915	1753	905	2992	594	2497	1716	2454	1352	688	1582	1114	2263	2209	2344
874	2944	1596	2196	935	1450	1835	1030	2836	360	731	832	80	2998	1258	580	2173	1168	1978	2947	1235	3143	1329	213	227	1133	1525	3231	3141	3241	1847	870	885	2680	2578	310	1401	829	2485	1178	2305	2205	869	191	2397	2054	1634	833	1087	1758	1053	1717	276	3097	2216	346	1810	2396	1974	3214	2670	1775	2383	2828	1284	2402	2630	2318	2761	399	1977	1272	2177	1757	931	80	1227	2791	3149	343	226
2306	1697	1957	1557	792	3234	3028	375	999	1566	796	95	709	1218	887	1773	997	2251	1194	1679	2386	2425	2909	1721	2130	2711	1467	2831	818	1847	3241	2816	2917	1280	739	3135	127	2418	1471	172	768	1654	1391	930	2281	1501	2565	1306	1791	947	2195	3145	588	1032	355	2921	3219	2881	1625	717	2638	1766	1049	3205	147	303	759	2659	2164	192	2175	2781	3048	3153	1239	2725	80	1967	1673	1296	1538
2701	2307	364	214	2566	104	1448	242	1570	2926	80	2193	747	392	1207	486	3177	2035	1636	2562	1110	1955	1189	1738	879	1103	293	1677	235	870	2816	3241	2231	2799	1115	1971	841	1719	1485	117	1845	789	2070	2627	2013	1331	2224	2267	2109	1037	804	2385	2072	1975	652	1132	2089	1365	2234	430	3065	453	1105	2198	337	1509	1389	2643	2088	1158	800	2010	157	1624	1153	2492	2507	1117	1041	1468	1662
1517	2350	1212	2690	3092	3189	2430	80	3051	1945	390	111	1684	1230	1339	2897	755	403	2319	3155	167	216	2665	743	277	2290	2596	2634	720	885	2917	2231	3241	383	668	2955	1432	1151	2214	660	1134	90	1916	2403	2532	2850	802	1976	2176	2977	427	324	2172	2141	91	2080	1761	1938	1499	1756	867	2374	2143	3169	1639	2777	1268	80	2392	1502	2767	1688	564	2469	1691	2289	134	2001	675	1243	144
1983	942	1316	2774	1803	1476	2588	1571	617	3165	2136	1048	2380	1322	1473	1056	1021	528	680	2328	1635	2146	2726	2548	150	1419	1418	2864	1205	2680	1280	2799	383	3241	1092	1474	1318	340	2434	842	3034	2619	1248	1793	2369	2277	2302	901	2119	791	491	576	3227	2179	1055	3061	2822	2615	473	503	820	80	2933	1217	2693	2985	3042	3074	2024	711	1039	2967	1140	1334	3170	2276	2978	969	2084	2692	1569
307	2022	1638	3073	384	80	311	1118	856	1059	651	338	1932	2063	2169	80	1486	1664	1518	1611	2317	1595	1427	1863	3132	2257	1905	776	487	2578	739	1115	668	1092	3241	2254	3154	2840	975	363	2982	2433	551	2508	2653	1044	1256	1720	1821	193	940	236	2008	241	1247	1504	3086	287	1375	609	604	2904	138	2636	1527	3029	2018	1940	2968	598	200	2580	643	1512	109	1851	3078	196	945	3206	2411
80	2471	1058	97	1817	2147	291	488	1799	2293	968	1238	1429	1690	2445	2105	2037	446	3107	1303	1859	1309	2494	2560	152	526	139	1277	886	310	3135	1971	2955	1474	2254	3241	2152	146	1828	586	2527	795	847	395	1403	93	560	1081	2804	3146	3072	320	965	1537	1895	231	1033	1107	2749	1024	80	80	1404	465	946	2483	2641	505	1973	158	706	569	2859	3190	1782	1533	1274	1586	295	1009	2991
2823	1830	2398	3024	1242	2604	2450	362	1748	884	1785	251	698	630	1275	274	2694	2748	170	1868	606	2269	302	92	977	1026	1747	352	2988	1401	127	841	1432	1318	3154	2152	3241	402	910	2059	1813	2207	2404	177	936	2843	2247	80	464	2922	173	811	1767	1279	80	642	1067	184	1728	80	2123	583	616	2689	1672	3139	816	1993	1065	2537	2821	3235	2773	1663	690	413	2826	790	2210	2026	80
2182	3181	2935	3101	1615	492	268	3130	2180	80	1455	483	2495	2091	1643	1399	987	272	793	561	2536	1319	592	2563	727	785	1447	3087	80	829	2418	1719	1151	340	2840	146	402	3241	1229	2849	275	2241	260	2192	2567	1871	3125	2453	2227	1918	2534	232	2839	1345	2810	2842	927	1584	2593	1491	385	1289	1660	1434	1269	1297	1818	1544	2728	2265	2875	1477	115	3156	1802	693	913	2860	2521	788	2650
2632	1702	2942	2362	1589	976	3192	770	116	349	1241	3115	3129	1249	2812	456	624	221	280	581	1807	2587	1745	1762	1440	1772	2616	1276	1175	2485	1471	1485	2214	2434	975	1828	910	1229	3241	120	1034	955	633	2838	1428	2259	210	2144	80	517	2058	718	2589	1786	1737	1060	1969	1384	951	2476	1273	1453	1451	692	2505	1948	3040	2218	694	1788	3066	1797	1323	552	1082	2734	2015	371	171	441	2349
1076	1878	836	2104	1478	1136	2377	2602	1202	3123	2011	566	3210	2335	590	1361	1005	108	1353	1266	1874	3151	253	2556	380	1263	2639	2165	3059	1178	172	117	660	842	363	586	2059	2849	120	3241	1070	1101	573	3121	2050	1264	156	1692	734	2848	1587	1646	1336	1231	2223	1992	2539	2282	2669	762	1454	80	2017	449	2907	929	1250	676	1800	2879	423	2731	1169	2440	3133	983	2815	756	2093	2870	2620
1911	1910	781	2474	621	1997	1763	2652	3136	626	2060	2555	1751	1856	2464	2751	2529	2862	2617	2625	2959	1492	627	2461	1348	1577	1408	2023	2908	2305	768	1845	1134	3034	2982	2527	1813	275	1034	1070	3241	959	257	1935	1307	1714	3217	1236	1555	148	760	1711	1641	2246	1358	813	1424	2424	952	103	2312	994	1814	954	3102	669	948	2768	973	1900	2594	2163	222	1701	80	2686	1192	261	1051	2793	1752
2330	962	3166	1833	1224	2083	3017	1809	1666	2187	1644	1736	1832	2735	166	939	1400	246	1899	2422	1535	2004	982	2208	1112	2928	2956	872	1406	2205	1654	789	90	2619	2433	795	2207	2241	955	1101	959	3241	903	198	1328	80	674	1706	1346	394	2399	2996	787	1362	2706	1559	2332	2092	2039	3055	1016	1768	1998	283	2240	1095	2958	168	341	537	1671	845	1934	1232	2990	1760	195	995	1333	2660	185
2776	424	649	80	468	2155	3128	2691	2785	772	225	2204	2696	2910	2094	2719	769	229	863	2260	2583	1703	361	110	2444	685	2150	2827	2687	869	1391	2070	1916	1248	551	847	2404	260	633	573	257	903	3241	1177	1839	2702	3232	2394	1649	892	1676	2359	822	1393	100	893	1819	2544	2960	2622	3148	1962	1371	745	1043	1824	1495	2667	3077	112	1122	2526	3045	1939	3201	656	2874	1700	2470	575	2020
1754	1980	3176	2884	2811	2511	1894	1390	2069	1351	334	2042	80	1808	1373	2033	2221	2481	463	1131	3089	810	2825	306	1954	2438	3081	3119	914	191	930	2627	2403	1793	2508	395	177	2192	2838	3121	1935	198	1177	3241	1159	2110	234	1370	1015	1579	571	1225	1179	2161	1135	159	2217	2482	1186	1152	2888	1172	821	1193	2817	1855	2519	2423	2486	520	2262	1283	1780	2122	1698	313	1483	2405	1693	2614	181
1640	2513	3031	2428	1604	247	2807	511	2237	2628	3152	2679	2546	1765	2591	2200	2954	839	3098	2903	2073	1080	3110	2012	1488	1395	726	398	1866	2397	2281	2013	2532	2369	2653	1403	936	2567	1428	2050	1307	1328	1839	1159	3241	2592	934	80	2962	2657	350	2762	478	1524	2824	2763	1805	495	991	2571	733	1904	988	857	1308	315	1964	2153	784	1759	1682	507	620	1630	2683	1382	3150	3193	2800	1858	2671
2086	2371	3068	777	1147	2663	80	1106	2912	521	1446	2927	2345	2764	2415	1508	460	3060	1357	3183	765	2426	81	2490	2528	450	2484	3075	1922	2054	1501	1331	2850	2277	1044	93	2843	1871	2259	1264	1714	80	2702	2110	2592	3241	584	264	377	1253	2283	266	1449	2629	1704	1292	1699	2021	1629	3178	249	89	775	1862	1042	2188	2465	388	993	1834	899	1008	1836	2677	1040	3114	2280	600	610	2076	880
1516	1066	2381	1062	201	1705	3083	1007	2427	2997	345	570	2503	80	2457	2006	2250	141	2313	130	1732	544	1104	190	895	2607	80	1838	2794	1634	2565	2224	802	2302	1256	560	2247	3125	210	156	3217	674	3232	234	934	584	3241	326	1146	466	2391	1994	3203	3005	1986	2040	1608	1861	2911	1490	2270	2300	1515	2372	3180	1130	2890	2813	1806	2131	1363	1195	2531	2460	2186	2559	1815	1958	2363	2858	2501
162	1510	1622	378	3004	1507	2139	819	80	1877	2575	1812	918	1144	1961	458	1617	1951	1259	80	2658	1018	1970	80	2867	1138	2271	2061	2550	833	1306	2267	1976	901	1720	1081	80	2453	2144	1692	1236	1706	2394	1370	80	264	326	3241	2568	1790	2564	662	1860	1779	1680	2801	1394	197	1181	1990	798	1881	937	865	80	587	1857	629	2295	541	1572	2356	1795	312	738	797	1849	851	1438	1563	2656
1161	2368	1744	1707	912	3208	1585	2212	1047	2983	509	2648	723	419	153	490	737	332	741	2883	2261	1879	1627	1561	2833	1804	2167	1019	2079	1087	1791	2109	2176	2119	1821	2804	464	2227	80	734	1555	1346	1649	1015	2962	377	1146	2568	3241	1968	1985	2809	418	80	953	2354	3172	2832	80	215	165	3188	3104	1064	3052	732	368	907	425	2545	1386	719	2934	2238	80	1823	1301	2174	1739	3187	1113
2618	2522	850	1046	2923	2510	2678	2932	1260	2329	1749	396	328	1963	2561	447	1271	1484	3173	3025	1097	1139	1965	1886	3094	1500	2258	2684	1750	1758	947	1037	2977	791	193	3146	2922	1918	517	2848	148	394	892	1579	2657	1253	466	1790	1968	3241	2206	2432	1960	1946	671	2132	1462	2062	1820	1907	2233	2220	2646	2905	467	1295	1792	2938	876	86	557	2420	3007	2715	1558	80	722	80	1730	3182	1444
2410	2285	2416	80	1668	771	1798	2364	1267	766	321	1972	290	3049	703	428	1463	1735	1999	1121	1425	2229	1521	632	1505	3062	1694	373	224	1053	2195	804	427	491	940	3072	173	2534	2058	1587	760	2399	1676	571	350	2283	2391	2564	1985	2206	3241	3112	480	2140	2082	1320	2071	356	2291	2378	2387	2068	2219	1349	2853	2941	2178	300	1369	3197	1355	80	2789	1162	518	1928	1347	2235	461	297	593
3013	562	1496	837	2027	1481	1981	1354	3157	484	1228	665	2189	2830	1603	80	823	1011	712	1605	2760	3171	625	1025	672	2266	1071	2463	2041	1717	3145	2385	324	576	236	320	811	232	718	1646	1711	2996	2359	1225	2762	266	1994	662	2809	2432	3112	3241	80	1027	421	3184	451	258	1099	1149	961	2931	2472	2972	2421	1837	943	462	2448	2304	1150	3202	230	2077	3047	3033	3058	2847	1367	2540	1536
3103	358	2190	553	2142	308	1204	2713	1801	2572	1628	1593	1854	1897	3106	2899	1457	2557	2045	716	393	2301	1710	648	2117	2892	504	1415	2401	276	588	2072	2172	3227	2008	965	1767	2839	2589	1336	1641	787	822	1179	478	1449	3203	1860	418	1960	480	80	3241	1545	2778	1875	2915	2724	2171	1650	1298	1465	1729	2409	1216	2590	730	2637	3220	684	761	2361	748	612	2651	2351	508	3158	1723	3160	194
406	2458	803	1655	3088	514	327	963	1734	1497	2272	1930	1364	3084	2736	848	2610	2951	3080	2606	1359	1602	623	1727	2253	80	1811	1219	1648	3097	1032	1975	2141	2179	241	1537	1279	1345	1786	1231	2246	1362	1393	2161	1524	2629	3005	1779	80	1946	2140	1027	1545	3241	1633	667	619	2898	928	126	2752	2872	578	2244	3120	1221	835	1036	2598	3041	2065	1075	794	3100	2878	2746	849	252	408	1254	1383
475	3054	2127	1335	316	2400	2499	1310	996	2515	530	3124	1637	2066	2296	3131	436	2111	1794	828	105	2703	535	2829	1959	124	2901	774	3090	2216	355	652	91	1055	1247	1895	80	2810	1737	2223	1358	2706	100	1135	2824	1704	1986	1680	953	671	2082	421	2778	1633	3241	2197	1482	2705	262	523	921	925	2661	1380	882	1530	2796	121	397	132	233	2710	2025	379	2456	666	3091	724	2895	335	699
1498	1769	2863	1778	558	1261	1597	2007	1966	1143	3021	205	663	920	1396	3229	2191	1487	2716	1712	896	2252	2382	94	1843	80	924	431	3035	346	2921	1132	2080	3061	1504	231	642	2842	1060	1992	813	1559	893	159	2763	1292	2040	2801	2354	2132	1320	3184	1875	667	2197	3241	2533	2468	1479	824	482	596	758	87	2744	1285	2462	1244	998	2759	815	972	2973	2786	186	900	2085	2137	2114	1086	1407
2782	381	2322	2014	1885	3200	2120	2714	981	1607	1089	1164	2520	1200	2943	206	369	459	2818	1764	1725	2852	2479	1190	80	3067	182	1170	3142	1810	3219	2089	1761	2822	3086	1033	1067	927	1969	2539	1424	2332	1819	2217	1805	1699	1608	1394	3172	1462	2071	451	2915	619	1482	2533	3241	296	2902	1599	1534	2376	1368	827	1522	1356	1583	2971	970	1883	1562	319	3212	909	1942	2676	219	878	2644	1176	1050
1669	1338	3116	1435	799	2477	2342	2106	1211	2553	3012	1374	1341	1452	1423	1549	2697	339	3144	2551	538	1300	1286	740	2493	1554	2095	2757	2882	2396	2881	1365	1938	2615	287	1107	184	1584	1384	2282	2424	2092	2544	2482	495	2021	1861	197	2832	2062	356	258	2724	2898	2705	2468	296	3241	2310	2159	2855	697	786	2597	2148	2202	1084	2914	556	1531	1017	80	1741	2031	1683	964	476	1870	2871	1621	686
3233	3137	3209	2365	1325	1619	2299	3113	2275	622	1096	1840	288	365	707	410	1305	3237	2107	1746	2737	3109	2170	286	1379	2133	602	1789	801	1974	1625	2234	1499	473	1375	2749	1728	2593	951	2669	952	2039	2960	1186	991	1629	2911	1181	80	1820	2291	1099	2171	928	262	1479	2902	2310	3241	1402	1931	2647	493	2845	1421	174	1987	3069	1551	329	223	589	949	655	1796	2048	2856	2999	269	1119	559
1519	591	1865	2869	2925	199	864	2487	448	2347	984	2390	2798	1360	1742	3093	2245	1888	1609	1546	2116	1281	855	1915	2584	1687	2574	3002	2264	3214	717	430	1756	503	609	1024	80	1491	2476	762	103	3055	2622	1152	2571	3178	1490	1990	215	1907	2378	1149	1650	126	523	824	1599	2159	1402	3241	1675	1937	106	540	1556	2308	647	861	1576	1842	2783	1387	80	2758	3147	501	2339	2976	1128	1547	563
1094	2700	673	565	1442	1124	80	809	471	2876	160	1610	1659	389	1155	831	1141	806	2834	658	2755	858	631	1163	2419	2672	2920	1052	1472	2670	2638	3065	867	820	604	80	2123	385	1273	1454	2312	1016	3148	2888	733	249	2270	798	165	2233	2387	961	1298	2752	921	482	1534	2855	1931	1675	3241	1656	2055	3099	442	1829	1913	411	2787	2239	161	1252	3008	434	2500	2315	3199	522	2036	2727	1160
2452	990	470	3108	2569	3179	1378	1245	3213	1129	1552	2038	2506	3159	187	3223	2375	1852	2573	645	1696	1539	546	454	1841	3204	1413	757	2601	1775	1766	453	2374	80	2904	80	583	1289	1453	80	994	1768	1962	1172	1904	89	2300	1881	3188	2220	2068	2931	1465	2872	925	596	2376	697	2647	1937	1656	3241	265	1774	1324	908	443	2820	2739	512	2057	2611	2655	245	1343	3168	2523	805	2032	2348	1890
2491	1436	2605	846	2704	2631	1889	2215	2541	1210	1657	1412	661	2664	1708	180	489	243	3095	2158	2149	1631	298	1317	2346	2837	2940	367	2384	2383	1049	1105	2143	2933	138	1404	616	1660	1451	2017	1814	1998	1371	821	988	775	1515	937	3104	2646	2219	2472	1729	578	2661	758	1368	786	493	106	2055	265	3241	3016	2019	958	499	323	1567	519	2442	207	2873	1265	635	779	1127	1526	1198	2321	80
2900	614	2118	457	3009	825	175	919	1864	481	2953	1439	2113	966	1686	1844	1831	1853	101	317	689	956	980	1949	1199	2841	2327	3185	2753	2828	3205	2198	3169	1217	2636	465	2689	1434	692	449	954	283	745	1193	857	1862	2372	865	1064	2905	1349	2972	2409	2244	1380	87	827	2597	2845	540	3099	1774	3016	3241	479	2718	255	2741	1430	1233	754	1929	80	830	1090	2498	2685	2554	336	891	957
2242	1917	3026	1600	2654	2268	1695	525	99	1385	3218	370	2379	2028	986	1304	1350	267	80	2621	2675	347	322	1941	2185	2413	2256	1377	331	1284	147	337	1639	2693	1527	946	1672	1269	2505	2907	3102	2240	1043	2817	1308	1042	3180	80	3052	467	2853	2421	1216	3120	882	2744	1522	2148	1421	1556	442	1324	2019	479	3241	2803	2717	2341	2980	366	435	529	2274	2808	3226	2952	3140	1035	1208	1784	1173
1947	2340	2994	695	2298	1116	2599	2688	3216	1012	3191	1731	2975	2889	176	888	715	498	1724	3019	80	2081	1077	2102	844	143	2771	2338	2673	2402	303	1509	2777	2985	3029	2483	3139	1297	1948	929	669	1095	1824	1855	315	2188	1130	587	732	1295	2941	1837	2590	1221	1530	1285	1356	2202	174	2308	1829	908	958	2718	2803	3241	1068	1326	1924	840	611	1909	1743	2549	1220	123	2792	3039	2435	1063	80
1061	2455	351	812	1222	783	502	670	2489	3222	1237	3053	2854	2509	415	125	2135	3037	1003	1410	1616	2098	80	2255	1523	333	3015	80	915	2630	759	1389	1268	3042	2018	2641	816	1818	3040	1250	948	2958	1495	2519	1964	2465	2890	1857	368	1792	2178	943	730	835	2796	2462	1583	1084	1987	647	1913	443	499	255	2717	1068	3241	2370	1564	2194	1936	1532	773	118	933	780	1578	568	736	1038	1827
889	1420	433	2101	3164	3070	1180	1000	414	1416	2303	3003	1632	80	2530	2916	2156	2053	1755	615	3032	178	742	687	88	2805	826	2249	1753	2318	2659	2643	80	3074	1940	505	1993	1544	2218	676	2768	168	2667	2423	2153	388	2813	629	907	2938	300	462	2637	1036	121	1244	2971	2914	3069	861	411	2820	323	2741	2341	1326	2370	3241	154	1215	1028	2286	203	1661	2201	2389	2316	2324	550	2806	938
2284	2228	2857	2865	271	2108	2886	494	1422	1313	2747	1514	2918	2225	1342	3006	2586	80	890	1592	2292	654	318	1001	2009	641	1223	1174	905	2761	2164	2088	2392	2024	2968	1973	1065	2728	694	1800	973	341	3077	2486	784	993	1806	2295	425	876	1369	2448	3220	2598	397	998	970	556	1551	1576	2787	2739	1567	1430	2980	1924	1564	154	3241	639	1623	2051	1206	285	618	554	1670	2945	1226	2893	2478
960	2138	579	82	2723	683	932	1145	1074	2222	189	1004	2743	2765	2861	3224	1102	1787	416	1553	2074	1344	1590	2986	2937	778	2674	1184	2992	399	192	1158	1502	711	598	158	2537	2265	1788	2879	1900	537	112	520	1759	1834	2131	541	2545	86	3197	2304	684	3041	132	2759	1883	1531	329	1842	2239	512	519	1233	366	840	2194	1215	639	3241	1156	2029	80	314	3105	3038	1002	2000	3082	96	1108
2226	404	432	2750	2333	80	3056	603	1715	1142	220	2790	2732	2124	2160	1251	2030	2475	3122	1405	2635	1057	750	2775	871	853	2323	164	594	1977	2175	800	2767	1039	200	706	2821	2875	3066	423	2594	1671	1122	2262	1682	899	1363	1572	1386	557	1355	1150	761	2065	233	815	1562	1017	223	2783	161	2057	2442	754	435	611	1936	1028	1623	1156	3241	854	359	2003	2612	3175	1489	3046	2766	179	2939
577	1979	80	1311	2987	640	1771	83	1783	1409	2964	3174	1674	873	2366	1667	1884	751	1601	2046	1196	2929	2524	3063	2232	1548	2966	2099	2497	1272	2781	2010	1688	2967	2580	569	3235	1477	1797	2731	2163	845	2526	1283	507	1008	1195	2356	719	2420	80	3202	2361	1075	2710	972	319	80	589	1387	1252	2611	207	1929	529	1909	1532	2286	2051	2029	854	3241	2642	585	1185	131	2613	163	151	3194	1270
967	445	3126	1618	401	2414	2742	85	2795	549	135	248	1123	372	3207	681	113	3196	1658	1626	1398	1312	1920	2103	2446	2449	1459	2819	1716	2177	3048	157	564	1140	643	2859	2773	115	1323	1169	222	1934	3045	1780	620	1836	2531	1795	2934	3007	2789	230	748	794	2025	2973	3212	1741	949	80	3008	2655	2873	80	2274	1743	773	203	1206	80	359	2642	3241	1984	409	2633	80	1088	477	1154	1550
1098	80	1069	2488	2112	728	1850	3085	1891	1540	2496	814	638	2429	3043	2844	3018	2437	1925	657	1848	542	2640	1713	582	1614	1574	2579	2454	1757	3153	1624	2469	1334	1512	3190	1663	3156	552	2440	1701	1232	1939	2122	1630	2677	2460	312	2238	2715	1162	2077	612	3100	379	2786	909	2031	655	2758	434	245	1265	830	2808	2549	118	1661	285	314	2003	585	1984	3241	1314	1246	2151	1111	941	3027	3225
1072	129	1456	2979	1372	1988	2547	1529	2504	136	1183	1288	682	532	211	142	767	128	2722	1366	2961	342	1330	3236	2184	353	2517	3195	1352	931	1239	1153	1691	3170	109	1782	690	1802	1082	3133	80	2990	3201	1698	2683	1040	2186	738	80	1558	518	3047	2651	2878	2456	186	1942	1683	1796	3147	2500	1343	635	1090	3226	1220	933	2201	618	3105	2612	1185	409	1314	3241	702	114	1573	691	2294	1541
567	2044	3057	1560	438	2145	2733	1647	354	3118	3011	2360	1187	3036	1165	145	496	1781	1054	2320	80	1914	299	1302	1651	279	1287	2436	688	80	2725	2492	2289	2276	1851	1533	413	693	2734	983	2686	1760	656	313	1382	3114	2559	797	1823	80	1928	3033	2351	2746	666	900	2676	964	2048	501	2315	3168	779	2498	2952	123	780	2389	554	3038	3175	131	2633	1246	702	3241	1893	1513	239	2846	2595
2835	634	1594	1426	2624	2067	1278	572	3211	2708	497	1653	1171	2043	2121	1240	2393	1867	1726	1565	868	382	917	659	1896	746	2125	1431	1582	1227	80	2507	134	2978	3078	1274	2826	913	2015	2815	1192	195	2874	1483	3150	2280	1815	1849	1301	722	1347	3058	508	849	3091	2085	219	476	2856	2339	3199	2523	1127	2685	3140	2792	1578	2316	1670	1002	1489	2613	80	2151	114	1893	3241	1770	2896	2090	1282
1689	2709	2407	238	80	555	1414	2203	3240	1209	2273	80	1093	3161	989	1091	2358	218	923	2885	2649	2357	906	862	2078	2600	2168	344	1114	2791	1967	1117	2001	969	196	1586	790	2860	371	756	261	995	1700	2405	3193	600	1958	851	2174	80	2235	2847	3158	252	724	2137	878	1870	2999	2976	522	805	1526	2554	1035	3039	568	2324	2945	2000	3046	163	1088	1111	1573	1513	1770	3241	80	1882	444
2518	1722	1100	250	3076	704	2406	2183	2213	2720	1944	515	2096	1201	3022	808	80	2431	1023	2730	744	1816	2447	429	2802	2243	2056	2668	2263	3149	1673	1041	675	2084	945	295	2210	2521	171	2093	1051	1333	2470	1693	2800	610	2363	1438	1739	1730	461	1367	1723	408	2895	2114	2644	2871	269	1128	2036	2032	1198	336	1208	2435	736	550	1226	3082	2766	151	477	941	691	239	2896	80	3241	1466	1606
2126	1461	1740	3010	700	2729	212	278	2100	2417	2880	122	2738	98	2331	309	1327	536	3239	1652	1873	1822	904	304	80	548	1294	3044	2209	343	1296	1468	1243	2692	3206	1009	2026	788	441	2870	2793	2660	575	2614	1858	2076	2858	1563	3187	3182	297	2540	3160	1254	335	1086	1176	1621	1119	1547	2727	2348	2321	891	1784	1063	1038	2806	2893	96	179	3194	1154	3027	2294	2846	2090	1882	1466	3241	282
3023	1464	607	2603	1475	2707	1315	2577	916	2981	2097	1321	2395	3138	2064	1926	710	1262	539	1257	2969	1031	84	1921	1956	3117	2570	2970	2344	226	1538	1662	144	1569	2411	2991	80	2650	2349	2620	1752	185	2020	181	2671	880	2501	2656	1113	1444	593	1536	194	1383	699	1407	1050	686	559	563	1160	1890	80	957	1173	80	1827	938	2478	1108	2939	1270	1550	3225	1541	2595	1282	444	1606	282	3241
