6106	5894	258	1714	1258	110	142	995	1392	3360	696	4977	3439	4823	4521	5438	3735	3357	5874	1553	4749	2070	808	5504	4535	612	607	1662	3665	4855	122	2707	2059	1849	5202	4005	2374	4219	5493	968	2494	470	4389	1360	367	5168	4244	500	619	3533	683	353	5857	870	5050	4970	5530	940	4234	2325	2819	1861	4203	4528	3007	5224	2079	5546	674	1719	2239	284	2187	547	527	1465	2997	4903	5843	1095	2063	5575	2747	4585	3564	1640	110	4167	110	1153	4160	2286	4377	4842	5811	5043	2360	4241	4295	2814	1142	4237	1454	4711	2489	3359	3872	4699	2366	854	1065
5894	6106	2689	110	1484	3633	5381	155	895	3201	3405	5098	4763	3353	1925	3528	709	1829	1020	5567	5440	5861	2001	3058	1555	2331	4607	1294	4090	2214	4359	4649	599	2210	863	3120	1231	4764	4461	5732	2157	2806	3609	3549	2033	4503	4445	3093	2166	220	1978	2252	4733	2526	605	3031	2591	3908	1130	1371	4862	541	2963	3044	4173	3972	3728	4130	4871	4910	4262	1442	6006	2903	4396	3052	3371	4347	2517	4270	6005	1625	1761	1105	5299	110	4953	2307	4929	4198	3955	4879	1138	1209	5971	4637	2542	3724	1229	3739	4686	4886	2387	4048	2561	823	3146	2637	851	5580	3282
258	2689	6106	1647	3798	3760	4936	3330	4976	5364	5995	3468	3023	2795	5992	1722	3919	2804	596	2226	939	5899	5782	1224	2265	2536	2455	3651	1699	2403	3995	5252	5676	1762	5777	3755	5318	2000	896	1094	1664	1325	5542	110	5066	3682	2464	5212	2005	2416	1993	2670	5003	5094	3200	4845	1844	4993	2116	4751	2559	641	4557	1944	4758	2692	5925	3006	3810	110	2491	2730	2435	3344	3630	1377	2052	1842	5602	5384	423	5627	3986	5828	3652	2388	3485	5131	4097	4194	938	3557	5161	1955	597	2110	251	5357	4354	654	3441	4986	4689	4031	1370	1492	1627	4440	3541	133	6060
1714	110	1647	6106	1574	4723	2270	4248	3254	1380	2376	3316	3907	392	4893	4035	3933	1805	3221	3338	4085	5447	3595	3458	4287	4034	5606	4122	3387	1272	3376	5354	3603	3914	5268	1916	4285	2752	2065	2349	4006	3446	5198	1636	110	4314	4935	475	4594	4376	4687	1538	871	4900	4748	1204	1653	6070	5379	1409	3390	2964	342	3389	2264	1029	428	5287	951	2923	306	2098	2010	3068	148	305	2735	2529	893	2635	2718	3662	1948	3012	1500	499	3778	2723	3850	112	623	1293	924	723	5831	4623	3868	2180	4500	4608	2615	2769	5522	1572	4352	4036	110	270	5178	5324	5328
1258	1484	3798	1574	6106	1296	4404	4100	3436	5713	624	4507	5885	639	1796	1678	4881	1568	4546	3465	1135	1355	601	5694	4778	1774	2641	4149	1226	4007	4988	2727	3255	4622	4975	3746	2481	242	335	2713	3793	2540	110	4092	3323	5656	5722	167	5975	4577	3251	994	202	3869	3839	3337	1918	1752	3145	513	1732	4691	2002	1488	4772	3581	5443	2943	3677	1712	936	743	4043	113	1912	2644	2064	292	2313	1728	3426	3336	633	1081	2676	2744	293	2344	2575	2537	3946	1991	4484	4693	3272	1513	1403	5157	760	2957	831	3555	2845	4356	144	4756	5555	779	1018	3982	757
110	3633	3760	4723	1296	6106	5149	1548	208	3184	6069	1600	1830	1000	5689	465	1487	828	2815	2973	1033	631	962	2008	5152	990	4231	1404	3064	1677	4527	1070	2812	3616	4808	110	1607	4598	777	3770	2408	3171	5004	661	864	1367	5940	1399	5254	4863	5383	5817	4131	1590	3489	921	1694	1567	4387	2251	2568	1207	4852	2639	5887	1291	2683	4161	3133	3785	5773	4515	1382	4308	4297	1177	3161	549	4418	5105	3596	4120	2249	3069	3309	4419	5804	2209	501	2921	1450	119	2404	4926	3035	1107	1310	3301	4899	1594	3053	559	4839	660	1133	5949	5159	110	2046	1011	5233
142	5381	4936	2270	4404	5149	6106	317	1768	3079	3411	2367	156	5853	3966	2348	5297	356	5427	5163	1816	4166	3741	794	5031	3333	2577	6082	3641	2069	5757	3477	4260	1215	4282	4265	2993	5392	949	653	2240	4301	957	2643	918	393	2894	1576	1455	3694	478	2162	245	521	2987	4537	1506	4264	3875	3447	5594	4186	590	2722	5120	1202	5409	842	4957	1927	956	5113	6083	781	3890	1314	3041	5331	4605	4961	4803	2223	5648	3859	1482	181	4501	382	5035	2386	765	2956	1869	1323	4514	3178	5208	3246	5036	2028	1875	4488	3905	110	6103	780	4042	146	5001	1926	6061
995	155	3330	4248	4100	1548	317	6106	5411	5386	3703	2229	5197	110	5740	934	4564	1965	3138	211	5578	2413	3208	110	2791	5247	2889	3520	1051	4947	473	3979	1146	2666	845	1834	110	5296	1290	1532	1823	981	2199	3706	5597	4518	1464	2671	2918	3001	2977	3481	2121	785	4978	5319	4102	3155	4132	5640	4917	4328	736	771	4247	1766	1599	3292	4854	1864	1376	5047	4410	1394	800	4861	505	5812	827	3119	2291	5991	3749	4026	268	3224	129	1498	4159	4611	598	5800	1007	1402	4827	2034	1128	3072	1058	311	843	1438	2271	453	2807	2106	1986	5852	4630	4667	170
1392	895	4976	3254	3436	208	1768	5411	6106	3030	5758	4638	5022	1683	3744	5207	5116	5543	2401	4275	1979	882	2510	3486	308	3545	5199	3380	4109	3768	160	774	4246	2555	5013	4945	4532	984	1573	3989	5605	6048	5313	4534	3829	675	4548	5030	471	4486	5239	5258	3917	2962	5215	4727	5669	4669	1669	3833	4277	4656	3598	1687	4187	4643	6040	3572	6030	2771	3237	745	346	3518	4460	879	494	1307	3054	5890	5435	461	3592	3716	2032	3370	1378	5225	1672	3522	2504	4099	4672	110	584	5222	5584	594	3256	5188	5363	1071	4152	6052	1330	616	2163	5308	2143	4209	4447
3360	3201	5364	1380	5713	3184	3079	5386	3030	6106	1709	2474	960	2579	2681	3654	442	4524	4901	4371	878	1211	2235	131	3453	441	1185	1565	5484	5495	4882	1445	2304	1225	4895	849	1786	3361	3556	5891	971	5904	4603	5999	496	5108	3926	5704	110	1772	4101	2195	3622	255	2592	4069	2261	2496	2617	5399	2362	1899	2196	5082	1710	2328	1045	5685	4477	6009	5900	1489	3158	1263	4326	5892	826	4801	5059	913	4804	2230	152	2551	2021	3876	3084	3619	5638	110	1478	3111	3587	1932	4918	2917	4059	4139	413	3783	5358	3219	1026	1541	3070	4774	5721	1759	140	2234	4077
696	3405	5995	2376	624	6069	3411	3703	5758	1709	6106	2104	903	1892	110	368	4813	3763	1363	3812	3930	824	3660	4013	4032	2953	3841	1865	1584	814	1264	1434	2423	4243	3017	4191	2941	5263	334	2197	1321	987	1690	5838	1366	4205	4860	5884	1043	2189	5529	4079	4360	4239	4703	1769	3906	2330	6019	5459	3821	3743	1747	4428	3687	3025	5776	110	4020	750	1718	4979	562	4798	4350	4599	3286	2383	5041	1961	4746	3036	3710	4096	3988	4348	802	479	4380	5300	2004	2756	3568	5512	2583	4004	2109	3479	5966	997	1265	558	4786	1934	3182	573	2871	1998	5429	3959	1914
4977	5098	3468	3316	4507	1600	2367	2229	4638	2474	2104	6106	1324	560	3602	738	1398	5968	2272	3008	2629	1586	5918	663	4922	4008	110	4923	2767	3806	445	799	5323	3431	1096	422	3367	5155	1879	5864	2434	4441	5064	5309	3275	5914	3196	3454	5473	3945	2015	444	365	2904	2872	3885	5563	2130	5682	4992	2588	5709	4914	920	1227	4779	3676	3026	3599	914	484	3573	1469	3828	314	2237	3784	877	3589	4985	952	3422	5460	6013	5896	876	4344	3154	1463	805	243	4443	1909	3604	403	2728	3661	1947	4263	4807	3065	1154	5834	4784	5830	2165	1233	3268	2901	5102	2114
3439	4763	3023	3907	5885	1830	156	5197	5022	960	903	1324	6106	2419	3934	5691	3942	3686	787	978	5327	813	1618	5534	4064	1891	1611	3503	2701	523	1602	3228	1468	455	3210	1958	3878	110	6078	1793	3258	925	1996	4382	4837	1184	5654	5926	1969	1995	1389	227	2582	295	915	1267	5589	5739	2273	3705	5550	3832	2616	5808	4658	3916	2013	4651	3310	5283	1328	2076	2737	3339	3970	1643	4736	4708	4373	693	1945	4519	339	330	1329	4271	4335	1432	3177	3978	4718	350	5413	6086	110	4009	510	3537	3961	2698	3788	4047	6034	4126	5170	651	670	4962	5516	3538	4560
4823	3353	2795	392	639	1000	5853	110	1683	2579	1892	560	2419	6106	136	3963	215	110	2479	4155	2900	3733	5816	4791	699	4489	1526	406	2762	4566	1471	3045	1511	5491	1365	4002	286	2208	4729	5688	3881	3880	4602	5813	2614	1084	3981	487	4193	1089	3297	325	825	110	964	529	229	1987	711	1217	5008	3835	3548	1078	1009	2259	6022	4180	4417	5780	459	508	5217	1053	4570	373	2602	5023	5314	372	5444	950	5623	5334	2651	5371	703	5148	3354	621	1246	5340	1121	1922	4625	320	2281	4272	961	4222	4538	4502	1612	647	110	3891	514	2846	5937	4552	3644
4521	1925	5992	4893	1796	5689	3966	5740	3744	2681	110	3602	3934	136	6106	2750	2354	4200	2201	5376	3794	2442	1940	4364	4446	5916	2839	1060	5141	4172	3713	4370	5588	909	4088	4003	3063	2066	2222	535	1411	2315	4476	840	2544	4104	1004	1260	3757	463	4156	2409	328	4290	2493	3938	1239	744	1920	4082	2358	1397	4144	5610	5074	1340	1644	5912	4037	3299	5696	2569	3586	452	1072	2488	4740	1283	1557	1212	2890	3134	4012	4616	110	2596	4086	1563	1104	2102	3397	537	2779	1015	3047	4624	2875	1785	1803	766	3038	512	658	5888	3055	5401	1364	3540	3567	635	5499
5438	3528	1722	4035	1678	465	2348	934	5207	3654	368	738	5691	3963	2750	6106	6016	2039	2101	4980	161	3857	1228	3565	4571	110	5446	3909	4444	4942	969	1022	5562	4233	259	966	1017	4688	3428	4717	3198	3085	5659	4572	3774	965	1902	3460	4339	5998	524	2863	5024	3796	850	3469	2036	5448	3493	5985	2802	1510	4351	873	4261	169	2482	3571	4783	3994	3472	2748	5412	5134	4175	4790	998	3974	2041	4856	5065	2924	3546	4016	1652	3634	1968	196	5468	6046	3130	1501	818	5919	5755	3415	5280	4094	3846	1850	1181	6093	5670	640	690	2136	432	2472	4025	3107	2873
3735	709	3919	3933	4881	1487	5297	4564	5116	442	4813	1398	3942	215	2354	6016	6106	1235	3754	3163	5743	1822	1342	126	464	4324	2119	2754	2567	4684	1757	3369	1763	2399	1949	5289	4023	4825	5726	1707	2967	5096	2450	2424	485	1789	5505	3233	979	4176	5631	289	5666	5756	1802	1333	993	1244	5715	1622	1730	5846	2764	5598	3347	4867	1888	5716	2359	1938	1832	860	5950	4304	3826	3969	3678	5671	533	846	2340	5687	5180	2553	5616	355	4426	5943	213	1997	1524	2599	5576	4113	110	3947	2818	530	4983	4021	5372	2081	3227	5844	3101	110	2605	3280	685	2996	1063
3357	1829	2804	1805	1568	828	356	1965	5543	4524	3763	5968	3686	110	4200	2039	1235	6106	1711	5765	729	4692	1528	2024	3474	3412	1804	5026	5984	669	3648	1858	604	2520	3685	4073	5284	4709	5668	2497	1452	2415	2969	6014	613	4705	1467	389	4202	1210	2090	4990	2389	3780	3814	2473	1946	2045	6102	3932	5477	3681	3510	4114	3402	3056	976	5463	5359	1692	5304	2603	1368	4846	930	679	1851	832	4720	1327	4076	3613	655	4540	701	5929	5693	4196	1169	4151	4931	5935	2105	4366	2051	4312	237	5374	3315	4797	3240	4481	2660	2897	4398	2092	755	2989	4058	4320	3295
5874	1020	596	3221	4546	2815	5427	3138	2401	4901	1363	2272	787	2479	2201	2101	3754	1711	6106	5867	5441	3475	5302	4940	2333	2724	901	2108	4017	2293	2715	3987	2067	1297	4878	2784	758	3607	1251	3494	5993	1252	2968	4492	1744	438	2262	5201	1144	5126	2915	5437	912	538	1693	416	4183	4541	2031	3775	6053	2533	1005	2831	5772	4028	3584	574	790	110	972	5081	2495	3083	1232	3225	2462	1196	4949	3953	5613	5707	5117	1753	4642	1174	2654	5860	3067	2131	4866	2858	2094	2828	4627	620	3250	3281	4201	426	3795	4909	2960	3514	2912	3305	5842	5600	2118	5063	3241
1553	5567	2226	3338	3465	2973	5163	211	4275	4371	3812	3008	978	4155	5376	4980	3163	5765	5867	6106	2907	2891	2673	1373	4496	178	3523	4078	506	1593	4730	4010	468	1745	437	5461	5044	5515	3466	3450	1715	4400	735	2311	495	4138	1684	1605	3958	3721	419	4916	2012	3825	1352	3702	4281	3190	319	919	539	1410	3852	3956	2283	1566	2042	4098	2091	2557	1405	3973	991	1309	1425	4315	1075	3983	5519	3628	2506	1203	1461	5517	581	205	2174	5075	2642	5789	2050	206	3498	2942	1525	752	2552	3591	1939	4698	5032	4089	5908	1942	1708	110	1255	1480	1165	4830	5560
4749	5440	939	4085	1135	1033	1816	5578	1979	878	3930	2629	5327	2900	3794	161	5743	729	5441	2907	6106	838	5677	2888	360	4182	929	5271	5125	3118	1076	2454	5641	5810	1670	4654	634	4401	5787	937	2738	1666	555	1751	3139	4840	673	1179	1201	185	5664	3790	1797	454	5248	3013	1931	1259	2417	2176	2524	1160	1962	5097	3206	347	947	3756	3382	4199	3610	2785	1159	3656	5581	852	4575	550	5305	5498	733	2346	6047	374	4317	5393	3156	5342	2717	2498	2556	4125	728	3061	4851	1764	110	1388	5145	4820	5014	2175	531	1359	756	4695	4228	5417	2887	3675	3211
2070	5861	5899	5447	1355	631	4166	2413	882	1211	824	1586	813	3733	2442	3857	1822	4692	3475	2891	838	6106	816	759	2859	4930	2662	4869	1601	4504	5753	3980	2395	5154	110	5579	3032	297	3314	4904	4141	5150	2896	3266	5523	5079	5508	3900	486	731	3802	5501	5489	1218	4655	4189	380	888	3845	4908	1637	5234	4279	5060	5089	5635	5893	4590	5274	3302	1061	2368	4647	4668	5539	3725	1261	1099	3534	6076	1889	2480	5091	2185	1542	1257	4539	5803	1523	3283	1332	4722	2914	5242	1116	4142	3492	4885	706	646	4133	3057	3123	2749	3433	4169	5368	4547	4134	1546	5011
808	2001	5782	3595	601	962	3741	3208	2510	2235	3660	5918	1618	5816	1940	1228	1342	1528	5302	2673	5677	816	6106	1638	2302	1073	3990	4523	5761	3985	880	110	4422	6044	4311	2739	926	5996	4939	5629	4595	2181	943	5273	2384	3659	5295	2546	1088	1300	4093	3262	4135	2539	753	358	4298	3349	2627	4531	2528	1361	2881	2178	5632	1649	2861	4256	238	1685	3836	2595	5883	3410	4814	491	5469	3129	2628	4755	3984	5465	1921	225	281	5009	3132	561	5343	1287	180	5369	3313	4629	5820	4336	3801	2926	2659	4680	3293	4874	2298	4920	2011	4944	3199	2126	602	5979	2084
5504	3058	1224	3458	5694	2008	794	110	3486	131	4013	663	5534	4791	4364	3565	126	2024	4940	1373	2888	759	1638	6106	3722	2144	5750	4907	5494	4631	2621	1308	3141	4734	3772	4487	4105	5245	5333	3077	577	5729	3321	1792	5646	3626	4409	2882	5705	5882	5637	3658	5977	4826	440	2327	5734	3730	3944	4991	5620	219	5674	6015	2006	1188	4181	3854	3300	3033	3690	3671	5931	3624	4001	5700	4995	3341	3392	2619	6058	5213	3786	2484	5815	1630	2310	1562	4427	3274	2475	3368	2430	5906	5080	298	1989	4841	1024	708	4322	3547	3438	2364	4365	1106	1182	1984	3080	1358	1421
4535	1555	2265	4287	4778	5152	5031	2791	308	3453	4032	4922	4064	699	4446	4571	464	3474	2333	4496	360	2859	2302	3722	6106	5733	2296	5432	931	5365	6098	2448	2634	4558	3620	3328	4592	3496	2898	5420	1734	2213	1985	2205	1243	2864	2437	5609	5911	421	2598	6084	1966	5236	3024	1743	110	2825	5278	6097	2250	5736	1453	5566	254	5277	4682	4873	2356	4232	2626	3424	5403	2233	5965	4565	5528	503	3816	249	3423	3252	3159	1054	4858	5952	2906	3207	4762	4742	1982	2215	618	1441	3769	3232	6077	2761	2477	2297	4081	725	4887	3731	1818	2770	265	592	2589	1882	1820
612	2331	2536	4034	1774	990	3333	5247	3545	441	2953	4008	1891	4489	5916	110	4324	3412	2724	178	4182	4930	1073	2144	5733	6106	1813	1698	3748	5256	1924	4586	2902	1230	1836	1665	1953	1915	488	2978	3696	2979	2290	5840	4768	1120	3386	2422	1976	2117	3037	110	2254	2772	5129	6043	980	4665	4639	371	1628	4052	5119	5866	2745	4696	6079	5768	2774	4573	3351	762	2731	5797	1338	3797	5582	3406	110	1676	287	4057	2093	4116	2809	3819	1423	3680	2396	776	5166	4905	1660	439	1446	2274	172	5586	2585	2441	1671	2139	5025	1596	3480	1426	5038	5118	5015	5243	4345
607	4607	2455	5606	2641	4231	2577	2889	5199	1185	3841	110	1611	1526	2839	5446	2119	1804	901	3523	929	2662	3990	5750	2296	1813	6106	4383	5947	4853	2786	4824	1102	5907	2955	4321	982	3122	1784	1780	1808	1765	4636	2440	1696	5439	250	1726	4619	2990	3642	2168	4715	642	974	2876	3230	5467	110	153	110	933	2123	1131	3751	2672	4467	2320	5702	1963	3830	740	1459	1543	2535	5921	4787	2153	3385	4785	2867	553	2198	4168	2133	3762	2211	3862	6039	110	2385	5040	585	3346	2487	3273	5735	3837	5010	5553	811	3936	2146	236	5377	5078	6008	1723	4033	2514	5326
1662	1294	3651	4122	4149	1404	6082	3520	3380	1565	1865	4923	3503	406	1060	3909	2754	5026	2108	4078	5271	4869	4523	4907	5432	1698	4383	6106	1517	5317	400	6096	4805	3324	4118	1779	312	636	110	2228	899	369	4143	4576	3366	1114	209	3588	3294	2842	1319	5684	1575	3817	4451	4362	1149	4913	2057	1883	3235	5167	2929	324	4550	1540	2246	801	430	1279	5282	5173	3759	2970	4240	3091	1040	5211	3886	149	3425	1067	6049	732	4416	2244	1097	615	3935	3734	4337	3714	2439	3771	2309	796	5751	1814	2919	285	1216	4323	2458	1908	1014	2980	5724	3653	490	3529	1737
3665	4090	1699	3387	1226	3064	3641	1051	4109	5484	1584	2767	2701	2762	5141	4444	2567	5984	4017	506	5125	1601	5761	5494	931	3748	5947	1517	6106	1503	110	3977	3073	2112	3874	2412	6011	6028	5347	3867	341	2835	2946	6063	5551	5259	4933	6094	3679	5771	4137	2135	1006	1447	569	3135	2428	1821	5615	1848	2687	5596	6025	492	1521	2411	1973	5727	321	4671	4780	110	782	6081	5612	579	5577	1068	4597	4865	1702	2468	1681	302	5568	5375	5067	3612	1161	1581	4479	3500	1810	586	5737	3804	5502	5457	719	1911	3585	3870	5967	3957	3160	5183	207	2939	4811	1496	3727
4855	2214	2403	1272	4007	1677	2069	4947	3768	5495	814	3806	523	4566	4172	4942	4684	669	2293	1593	3118	4504	3985	4631	5365	5256	4853	5317	1503	6106	5510	1439	2746	4828	5856	1872	3655	4483	3560	3131	2976	3884	2357	3674	2337	1504	2725	5976	763	3621	2518	3261	3715	3663	147	2884	3290	5932	2095	5982	5483	2171	3358	5058	3191	5880	3476	2103	4472	2082	1819	186	3259	3563	5595	3142	3950	3527	1527	5286	3669	5621	4471	4340	4610	5960	3442	1878	4414	5424	3204	4068	4743	622	3109	4952	608	4777	4714	1344	5506	1495	4732	110	3075	5865	5182	977	203	3824	4435
122	4359	3995	3376	4988	4527	5757	473	160	4882	1264	445	1602	1471	3713	969	1757	3648	2715	4730	1076	5753	880	2621	6098	1924	2786	400	110	5510	6106	3149	3536	4806	4268	905	3831	1578	1220	3484	908	2578	4087	3418	5325	3708	3004	5281	2693	2381	1750	2584	3430	5002	536	2883	4041	6041	2757	2394	722	3443	110	3437	3147	3113	5633	5945	3467	4544	5462	2507	2203	4568	4609	4121	746	571	4341	434	2741	4278	3143	1400	3216	554	4178	1066	3332	2151	5537	5798	5072	3220	5255	1619	2338	2352	4815	3317	3276	3844	110	354	2287	3244	1610	3625	1868	4415	3170
2707	4649	5252	5354	2727	1070	3477	3979	774	1445	1434	799	3228	3045	4370	1022	3369	1858	3987	4010	2454	3980	110	1308	2448	4586	4824	6096	3977	1439	3149	6106	3627	887	2905	1042	4074	1157	1237	2216	4110	821	5077	1604	1424	1298	1134	4694	5806	1036	3901	1518	2202	2856	2521	3583	2308	1139	2911	3805	4071	4253	5525	280	1617	4355	1659	3326	2037	3167	6091	5016	2003	3203	992	509	3526	1614	3027	1481	2443	2994	110	3879	2018	2988	5764	5697	1175	1337	1720	1079	2058	2129	1898	5711	340	1536	3449	261	2040	5905	3903	3409	4894	4838	2805	4530	4216	2877	361
2059	599	5676	3603	3255	2812	4260	1146	4246	2304	2423	5323	1468	1511	5588	5562	1763	604	2067	468	5641	2395	4422	3141	2634	2902	1102	4805	3073	2746	3536	3627	6106	4551	6099	4495	5660	793	5920	4987	1648	110	5037	5770	279	1773	4334	5056	5137	4760	1608	4386	630	3242	1739	565	2740	1305	502	5832	986	1115	5807	1960	5644	3761	567	3929	810	323	318	1632	2280	4928	587	5052	5172	6045	2667	5518	4981	1706	5382	4022	3456	3515	4106	3383	3532	2173	5877	2523	177	4810	3580	6027	6068	5177	4836	3924	2170	4739	4051	1910	5450	2600	4517	5355	1758	672	5915
1849	2210	1762	3914	4622	3616	1215	2666	2555	1225	4243	3431	455	5491	909	4233	2399	2520	1297	1745	5810	5154	6044	4734	4558	1230	5907	3324	2112	4828	4806	887	4551	6106	5790	2089	2245	2242	110	1621	721	2134	2086	3838	4744	5042	2339	4640	3401	3103	3400	3781	4177	4915	3188	2684	858	2870	1545	3100	1407	5146	2256	5405	3646	3011	5388	874	1534	4896	3666	4766	3296	3020	4080	110	3501	6090	4466	5219	3307	5557	3384	4066	6029	5827	1077	830	179	4293	187	4596	2253	4511	3416	2303	5964	2219	1299	3750	5956	2836	1738	5345	2431	1168	2088	1675	5946	162	2820
5202	863	5777	5268	4975	4808	4282	845	5013	4895	3017	1096	3210	1365	4088	259	1949	3685	4878	437	1670	110	4311	3772	3620	1836	2955	4118	3874	5856	4268	2905	6099	5790	6106	764	2705	516	4951	5260	4455	228	2945	5930	5538	159	2154	3471	4379	3151	5573	1560	922	274	691	3434	4956	954	5341	5139	687	5464	345	2138	3298	5085	4164	5454	6075	2668	3148	1999	2365	3899	1930	2436	712	1038	3417	2426	5083	5873	652	857	629	4442	959	5176	2125	4795	4941	2277	4902	2334	3791	4759	4251	1221	3440	2895	5759	1735	2541	110	754	2821	5135	4145	278	2768	4381
4005	3120	3755	1916	3746	110	4265	1834	4945	849	4191	422	1958	4002	4003	966	5289	4073	2784	5461	4654	5579	2739	4487	3328	1665	4321	1779	2412	1872	905	1042	4495	2089	764	6106	3106	5902	6100	625	3736	576	4407	3478	637	3951	2879	2607	1695	528	1777	5962	812	5599	3222	5710	1219	3842	3952	5500	1457	5972	6071	2573	525	3800	2466	418	3720	2682	2207	3530	1791	2449	5741	3657	4450	3650	2678	4683	110	4038	2508	134	3516	3855	3461	222	2378	5492	4892	4430	681	2729	1062	4305	5871	5136	3289	1080	1980	2522	3561	2194	3902	4600	427	3399	2855	3212	3094
2374	1231	5318	4285	2481	1607	2993	110	4532	1786	2941	3367	3878	286	3063	1017	4023	5284	758	5044	634	3032	926	4105	4592	1953	982	312	6011	3655	3831	4074	5660	2245	2705	3106	6106	2467	5791	2940	2922	5775	866	4372	2563	110	1318	5246	1561	5169	446	5290	4850	5203	4969	1760	552	2612	970	158	5124	5699	331	1788	4266	1673	4543	2796	1811	466	110	2610	5548	2622	476	3889	2501	4529	1859	1691	4648	3381	4252	3288	775	5645	5794	4333	2609	5069	3575	3088	1253	1381	3378	4580	2998	118	390	5763	3559	2652	4249	4091	4213	4752	603	2392	5298	515	2665
4219	4764	2000	2752	242	4598	5392	5296	984	3361	5263	5155	110	2208	2066	4688	4825	4709	3607	5515	4401	297	5996	5245	3496	1915	3122	636	6028	4483	1578	1157	793	2242	516	5902	2467	6106	3815	2874	1037	6074	3704	447	1301	244	329	3209	493	520	1977	1192	1436	2645	1923	2632	3910	5897	4670	2457	1725	1806	5210	115	1721	837	3076	299	1833	2562	1782	3764	617	5703	5329	1522	5917	3104	322	2661	5238	806	4192	3331	4498	4413	5572	566	5133	2317	6020	3124	1535	545	5556	797	4393	4959	4938	1494	5353	2200	5292	5859	1143	3700	212	4859	4650	3373	3864
5493	4461	896	2065	335	777	949	1290	1573	3556	334	1879	6078	4729	2222	3428	5726	5668	1251	3466	5787	3314	4939	5333	2898	488	1784	110	5347	3560	1220	1237	5920	110	4951	6100	5791	3815	6106	5655	2278	384	2734	4833	5007	4664	5194	2742	4960	1383	649	1055	2221	1749	3539	1746	2620	3976	2830	3482	3420	1433	507	1871	5422	1736	3312	1200	3843	5193	3776	2164	4306	2548	3948	5339	2128	3202	518	5881	5680	773	1420	5229	5747	5792	2850	5262	3365	4704	1852	3322	3894	2686	4485	1900	1831	184	2909	1491	3937	5636	3943	3590	4255	2571	2675	1951	4555	5223	3553
968	5732	1094	2349	2713	3770	653	1532	3989	5891	2197	5864	1793	5688	535	4717	1707	2497	3494	3450	937	4904	5629	3077	5420	2978	1780	2228	3867	3131	3484	2216	4987	1621	5260	625	2940	2874	5655	6106	4349	2169	123	1322	4319	248	3699	3745	4218	4745	4212	2314	3393	5667	5049	370	829	1262	2959	3888	4197	301	911	4829	1476	128	1633	5156	883	5416	932	3183	4045	2470	4436	3355	1241	5745	5100	3519	2255	5774	5320	110	5396	4659	4343	3267	900	3016	1512	6010	1824	3277	4628	2677	110	2824	5402	2433	2097	1497	4578	4000	5362	4258	2930	2236	4701	3345	2712
2494	2157	1664	4006	3793	2408	2240	1823	5605	971	1321	2434	3258	3881	1411	3198	2967	1452	5993	1715	2738	4141	4595	577	1734	3696	1808	899	341	2976	908	4110	1648	721	4455	3736	2922	1037	2278	4349	6106	110	110	4124	3408	273	110	1907	420	3692	3718	695	449	1109	4559	2238	4889	2343	2397	1286	257	3629	4458	656	4663	5903	2191	3818	761	4288	4800	4072	5456	4653	2650	4876	4681	2107	3059	5099	3019	1556	1929	4235	1895	3189	707	1954	4857	1917	5423	3236	2780	5565	1249	3271	348	3737	1473	988	5647	768	5221	1558	963	1682	2071	1741	5006	5783	3765
470	2806	1325	3446	2540	3171	4301	981	6048	5904	987	4441	925	3880	2315	3085	5096	2415	1252	4400	1666	5150	2181	5729	2213	2979	1765	369	2835	3884	2578	821	110	2134	228	576	5775	6074	384	2169	110	6106	5103	5692	2694	3954	4626	2586	6062	3574	2460	2631	4453	1775	3194	2732	3413	610	3042	3127	789	4641	5451	1727	5604	4721	4506	5312	247	2047	3051	606	1499	4425	1390	5367	4046	3086	644	5634	2073	2022	650	4816	3701	1334	2999	1854	1770	5742	5592	2743	3126	472	2648	2490	1564	1422	6072	3457	4153	2638	2706	2292	5062	4463	3923	4397	294	4726	2279
4389	3609	5542	5198	110	5004	957	2199	5313	4603	1690	5064	1996	4602	4476	5659	2450	2969	2968	735	555	2896	943	3321	1985	2290	4636	4143	2946	2357	4087	5077	5037	2086	2945	4407	866	3704	2734	123	110	5103	6106	6012	2971	2986	5870	5410	3512	927	497	4220	4954	4269	3960	3849	1129	3448	1269	1626	5712	3193	2469	4724	3698	1516	4950	953	110	2758	5055	4412	110	5570	5821	2156	183	5101	1956	2981	3789	5878	3834	5941	1047	834	1419	1913	4411	4591	1349	2656	1137	3287	5426	5719	1103	700	5288	4675	1443	4776	3116	889	2085	5825	1807	2049	3615	4067	2781
1360	3549	110	1636	4092	661	2643	3706	4534	5999	5838	5309	4382	5813	840	4572	2424	6014	4492	2311	1751	3266	5273	1792	2205	5840	2440	4576	6063	3674	3418	1604	5770	3838	5930	3478	4372	447	4833	1322	4124	5692	6012	6106	3631	396	2778	4549	5110	4771	4635	626	5293	404	189	1013	892	4429	2853	1781	5854	2593	2182	3003	2492	5681	4660	2558	3688	3525	1375	2869	5349	2113	5034	1755	1384	6064	4040	2061	3611	2545	1839	5749	4747	2509	5872	1343	5760	110	199	3640	5185	835	376	110	1274	5614	2755	593	5394	469	154	3162	110	1515	2463	1268	2418	3921	3668
367	2033	5066	110	3323	864	918	5597	3829	496	1366	3275	4837	2614	2544	3774	485	613	1744	495	3139	5523	2384	5646	1243	4768	1696	3366	5551	2337	5325	1424	279	4744	5538	637	2563	1301	5007	4319	3408	2694	2971	3631	6106	252	266	4678	4884	5109	2983	4465	5257	166	3319	4367	803	1801	4574	3391	4880	4210	5762	2527	3544	3144	645	2373	4817	2916	2700	716	4973	5973	3320	2965	3269	110	1680	5266	2865	1827	231	5475	3851	2601	3264	2580	2834	4179	366	4958	276	1208	5045	627	724	4095	3214	1623	1350	2808	2587	1616	3128	910	1855	2192	3550	4583	2709
5168	4503	3682	4314	5656	1367	393	4518	675	5108	4205	5914	1184	1084	4104	965	1789	4705	438	4138	4840	5079	3659	3626	2864	1120	5439	1114	5259	1504	3708	1298	1773	5042	159	3951	110	244	4664	248	273	3954	2986	396	252	6106	397	433	1234	2072	2899	5018	2811	1935	2502	4294	2075	2324	3968	4888	5474	2843	2289	4424	4464	1840	540	5398	5476	4190	2606	1386	2984	1863	6024	3897	2658	3284	4431	1151	3803	1742	2300	1530	3179	4890	4587	3697	5174	4150	5291	2319	1440	1458	5626	3169	1981	2944	5788	4029	2525	349	5725	904	2720	4438	2618	1173	4083	5531	3911
4244	4445	2464	4935	5722	5940	2894	1464	4548	3926	4860	3196	5654	3981	1004	1902	5505	1467	2262	1684	673	5508	5295	4409	2437	3386	250	209	4933	2725	3004	1134	4334	2339	2154	2879	1318	329	5194	3699	110	4626	5870	2778	266	397	6106	1606	4700	467	3217	2371	482	6067	2613	2604	4103	5270	3102	4327	5121	4765	5471	5571	1767	1686	6065	2653	4666	480	110	1189	5796	3445	5046	5485	6031	2370	3509	6033	5662	175	3883	1001	121	795	2398	5651	6089	5143	747	1039	1100	4063	2530	2532	2640	425	4206	2708	2227	1800	3197	4510	195	2840	5752	4948	3306	3569	210
500	3093	5212	475	167	1399	1576	2671	5030	5704	5884	3454	5926	487	1260	3460	3233	389	5201	1605	1179	3900	2546	2882	5609	2422	1726	3588	6094	5976	5281	4694	5056	4640	3471	2607	5246	3209	2742	3745	1907	2586	5410	4549	4678	433	1606	6106	3991	5657	5231	4974	291	4070	1123	3647	5087	2716	4569	4919	1650	5053	4318	110	450	2972	1112	2773	2625	3009	4794	4927	234	5983	4943	2074	262	2623	1656	855	1248	2697	5959	4136	5955	5455	792	5209	2789	3039	5132	381	2797	2444	4162	2160	2958	698	313	928	713	1876	4996	5868	3511	2649	5226	2810	1654	4402	668
619	2166	2005	4594	5975	5254	1455	2918	471	110	1043	5473	1969	4193	3757	4339	979	4202	1144	3958	1201	486	1088	5705	5911	1976	4619	3294	3679	763	2693	5806	5137	3401	4379	1695	1561	493	4960	4218	420	6062	3512	5110	4884	1234	4700	3991	6106	5235	3263	2936	819	1346	5814	1408	1853	2241	2913	344	5521	734	5650	5587	3245	3693	4750	2790	2124	4300	1795	5673	5799	1862	2355	2937	3873	2379	4140	2268	5153	3388	3777	363	2714	1475	5205	3673	1704	3807	4170	6104	1591	3896	4984	3049	3175	5294	5404	1401	4676	2220	3779	4582	1550	2016	985	5360	2132	847	1345
3533	220	2416	4376	4577	4863	3694	3001	4486	1772	2189	3945	1995	1089	463	5998	4176	1210	5126	3721	185	731	1300	5882	421	2117	2990	2842	5771	3621	2381	1036	4760	3103	3151	528	5169	520	1383	4745	3692	3574	927	4771	5109	2072	467	5657	5235	6106	4112	2783	3350	3081	337	150	5315	4971	3325	3180	2931	4563	3172	1972	2576	817	240	4292	3010	6003	1994	4434	5819	4289	5665	3792	2294	1486	2851	4690	110	3234	2763	1837	5033	3074	4129	2322	4782	4490	1657	4618	4617	955	1663	456	4185	2149	336	648	4433	2794	4236	3975	1552	4273	5387	2669	848	6092	2186
683	1978	1993	4687	3251	5383	478	2977	5239	4101	5529	2015	1389	3297	4156	524	5631	2090	2915	419	5664	3802	4093	5637	2598	3037	3642	1319	4137	2518	1750	3901	1608	3400	5573	1777	446	1977	649	4212	3718	2460	497	4635	2983	2899	3217	5231	3263	4112	6106	3444	1509	2878	2326	3488	405	2925	5071	4257	1860	3535	5251	5086	1415	1724	589	4296	409	1273	4792	3497	443	3421	4480	5928	4999	3318	2204	3898	296	1579	3223	5802	5938	3394	3558	5652	3847	1870	5214	110	4267	2721	5361	2276	1206	3215	999	5488	3125	3099	4925	4556	4505	1041	1059	4188	767	2710	4302
353	2252	2670	1538	994	5817	2162	3481	5258	2195	4079	444	227	325	2409	2863	289	4990	5437	4916	3790	5501	3262	3658	6084	110	2168	5684	2135	3261	2584	1518	4386	3781	1560	5962	5290	1192	1055	2314	695	2631	4220	626	4465	5018	2371	4974	2936	2783	3444	6106	3853	2949	3939	1826	3097	2142	3965	3050	945	4965	5863	5706	3014	3822	5452	110	1641	4788	5766	429	5961	5590	3840	5112	6087	2838	983	1729	2332	702	4799	1490	1303	543	4039	923	2267	5336	378	3639	1843	3691	1008	5240	5028	2372	1276	5335	5151	2400	1025	697	694	5389	2975	3140	4408	1412	6036
5857	4733	5003	871	202	4131	245	2121	3917	3622	4360	365	2582	825	328	5024	5666	2389	912	2012	1797	5489	4135	5977	1966	2254	4715	1575	1006	3715	3430	2202	630	4177	922	812	4850	1436	2221	3393	449	4453	4954	5293	5257	2811	482	291	819	3350	1509	3853	6106	2183	5730	973	223	4613	3231	1171	5472	2301	1197	4906	3165	841	3429	4223	4553	4775	4661	3578	595	110	5541	3205	5913	4346	2335	2055	4898	5431	4215	6085	2892	4325	1437	310	5227	5181	4499	4119	1597	5179	2776	1507	1124	5115	2029	1417	1679	5140	2966	4217	5608	1195	3729	1214	4702	5039	5261
870	2526	5094	4900	3869	1590	521	785	2962	255	4239	2904	295	110	4290	3796	5756	3780	538	3825	454	1218	2539	4826	5236	2772	642	3817	1447	3663	5002	2856	3242	4915	274	5599	5203	2645	1749	5667	1109	1775	4269	404	166	1935	6067	4070	1346	3081	2878	2949	2183	6106	1477	1799	3334	5449	2538	1125	517	2753	5574	110	3270	906	272	5264	5244	5433	2405	3062	5366	4439	2549	975	5442	5785	4024	1990	5204	2027	5986	2499	4673	414	1615	171	401	3173	1894	5351	4832	5981	5385	462	4964	5061	1010	3092	4115	3689	4819	1090	6059	1717	3971	2258	5162	4849	316
5050	605	3200	4748	3839	3489	2987	4978	5215	2592	4703	2872	915	964	2493	850	1802	3814	1693	1352	5248	4655	753	440	3024	5129	974	4451	569	147	536	2521	1739	3188	691	3222	4969	1923	3539	5049	4559	3194	3960	189	3319	2502	2613	1123	5814	337	2326	3939	5730	1477	6106	4452	4123	1428	3108	2948	2832	5481	4211	5818	2848	5000	197	1431	4230	3291	1828	786	2266	4011	5123	3638	5549	357	3709	5337	5533	4207	3635	1580	3799	3740	856	3043	303	4060	2852	5994	5618	844	1172	110	1057	5051	3552	4713	3912	2217	1199	6105	557	4405	2841	2043	3742	564	4280
4970	3031	4845	1204	3337	921	4537	5319	4727	4069	1769	3885	1267	529	3938	3469	1333	2473	416	3702	3013	4189	358	2327	1743	6043	2876	4362	3135	2884	2883	3583	565	2684	3434	5710	1760	2632	1746	370	2238	2732	3849	1013	4367	4294	2604	3647	1408	150	3488	1826	973	1799	4452	6106	1903	4055	881	2572	3363	2377	5683	2137	6066	2345	5927	3597	3672	1992	3278	1846	3185	4707	5400	338	5142	2679	1002	4332	2590	2155	2038	1544	677	1444	1588	5837	3920	2696	110	2519	739	194	6095	5520	4728	5158	411	110	1613	4470	2257	110	1302	1354	163	4912	110	5686	5690
5530	2591	1844	1653	1918	1694	1506	4102	5669	2261	3906	5563	5589	229	1239	2036	993	1946	4183	4281	1931	380	4298	5734	110	980	3230	1149	2428	3290	4041	2308	2740	858	4956	1219	552	3910	2620	829	4889	3413	1129	892	803	2075	4103	5087	1853	5315	405	3097	223	3334	4123	1903	6106	5514	4789	2260	5279	1030	611	1448	191	110	5073	4238	4891	4225	2886	2078	3028	110	2111	3152	3608	3508	2224	5107	1429	5406	4620	3164	5569	526	217	1609	1873	5285	717	1393	5731	5628	2478	4770	2655	3229	5390	4395	5095	807	1880	4049	4946	4754	4955	5617	3877	5698	3643
940	3908	4993	6070	1752	1567	4264	3155	4669	2496	2330	2130	5739	1987	744	5448	1244	2045	4541	3190	1259	888	3349	3730	2825	4665	5467	4913	1821	5932	6041	1139	1305	2870	954	3842	2612	5897	3976	1262	2343	610	3448	4429	1801	2324	5270	2716	2241	4971	2925	2142	4613	5449	1428	4055	5514	6106	1285	4579	3808	5954	3407	3940	4554	2857	1357	1639	5265	2053	6000	2703	4921	192	5348	3866	662	2792	5090	110	4388	875	862	4526	2122	2663	1348	5779	1003	3913	5486	1019	1731	737	3419	1163	4972	4652	519	3022	1460	5189	853	3967	4769	4632	1396	3115	5250	4493	5490
4234	1130	2116	5379	3145	4387	3875	4132	1669	2617	6019	5682	2273	711	1920	3493	5715	6102	2031	319	2417	3845	2627	3944	5278	4639	110	2057	5615	2095	2757	2911	502	1545	5341	3952	970	4670	2830	2959	2397	3042	1269	2853	4574	3968	3102	4569	2913	3325	5071	3965	3231	2538	3108	881	4789	1285	6106	3999	2336	2414	3451	5507	5391	2351	2445	1395	1893	4509	2817	885	5232	1881	1245	1957	4158	3758	3922	395	2030	5482	3636	4019	352	3582	2868	4286	5678	5649	3992	6055	6007	2565	1087	4911	865	5249	239	5017	5466	4174	2284	3379	570	415	5845	614	1655	682	6051
2325	1371	4751	1409	513	2251	3447	5640	3833	5399	5459	4992	3705	1217	4082	5985	1622	3932	3775	919	2176	4908	4531	4991	6097	371	153	1883	1848	5982	2394	3805	5832	3100	5139	5500	158	2457	3482	3888	1286	3127	1626	1781	3391	4888	4327	4919	344	3180	4257	3050	1171	1125	2948	2572	2260	4579	3999	6106	1193	436	4731	3925	110	5841	1056	591	4075	907	3343	916	1271	1798	4127	1372	1145	114	5653	2782	2961	5306	2766	3404	1646	399	2158	628	2531	5987	4399	3427	3787	3364	2471	110	4147	4018	5267	5029	5922	3470	5397	1413	4545	2316	2161	3395	4674	1069	326
2819	4862	2559	3390	1732	2568	5594	4917	4277	2362	3821	2588	5550	5008	2358	2802	1730	5477	6053	539	2524	1637	2528	5620	2250	1628	110	3235	2687	5483	722	4071	986	1407	687	1457	5124	1725	3420	4197	257	789	5712	5854	4880	5474	5121	1650	5521	2931	1860	945	5472	517	2832	3363	5279	3808	2336	1193	6106	5559	1634	4897	3195	1141	4491	5593	137	2247	4330	3941	1289	1886	3505	269	110	2282	1021	4475	4998	5111	5876	5241	3459	4384	783	481	5012	2425	2513	2026	6017	3579	117	2680	1122	173	1952	3066	1369	3403	2263	4868	1183	5532	135	1794	2248	6035	3904
1861	541	641	2964	4691	1207	4186	4328	4656	1899	3743	5709	3832	3835	1397	1510	5846	3681	2533	1410	1160	5234	1361	219	5736	4052	933	5167	5596	2171	3443	4253	1115	5146	5464	5972	5699	1806	1433	301	3629	4641	3193	2593	4210	2843	4765	5053	734	4563	3535	4965	2301	2753	5481	2377	1030	5954	2414	436	5559	6106	4163	1320	5184	989	4997	5164	216	4835	5990	2534	5338	4834	3483	5237	4512	522	1083	5346	2664	110	1270	4710	5425	4738	1242	2827	4584	1505	5186	1583	2787	2363	1150	2329	5434	1167	168	5536	5695	2035	3243	5415	4342	233	1771	859	3623	3265	288
4203	2963	4557	342	2002	4852	590	736	3598	2196	1747	4914	2616	3548	4144	4351	2764	3510	1005	3852	1962	4279	2881	5674	1453	5119	2123	2929	6025	3358	110	5525	5807	2256	345	6071	331	5210	507	911	4458	5451	2469	2182	5762	2289	5471	4318	5650	3172	5251	5863	1197	5574	4211	5683	611	3407	3451	4731	1634	4163	6106	4363	5622	544	241	4406	174	1110	1689	1275	5216	5545	143	1620	3695	141	749	1118	110	820	1213	110	307	3308	833	5344	4821	4735	1571	5418	1148	3605	1391	4062	2009	4516	1776	4394	4054	5527	4259	5591	1331	2554	2285	3473	1158	4030	5470
4528	3044	1944	3389	1488	2639	2722	771	1687	5082	4428	920	5808	1078	5610	873	5598	4114	2831	3956	5097	5060	2178	6015	5566	5866	1131	324	492	5058	3437	280	1960	5405	2138	2573	1788	115	1871	4829	656	1727	4724	3003	2527	4424	5571	110	5587	1972	5086	5706	4906	110	5818	2137	1448	3940	5507	3925	4897	1320	4363	6106	4357	1451	2880	2427	2141	3649	304	1645	5269	5744	1533	2927	5778	1315	5909	1194	5939	5509	1975	666	5192	408	2560	124	5356	275	3487	5175	5487	4338	5407	4753	6054	2361	1374	5963	5160	2646	1035	1756	1064	2347	2100	948	809	5953	2369
3007	4173	4758	2264	4772	5887	5120	4247	4187	1710	3687	1227	4658	1009	5074	4261	3347	3402	5772	2283	3206	5089	5632	2006	254	2745	3751	4550	1521	3191	3147	1617	5644	3646	3298	525	4266	1721	5422	1476	4663	5604	3698	2492	3544	4464	1767	450	3245	2576	1415	3014	3165	3270	2848	6066	191	4554	5391	110	3195	5184	5622	4357	6106	5068	3887	1928	394	1052	667	3594	3090	2080	489	138	343	2407	4221	1582	3601	1983	3782	3238	246	3168	1093	839	1117	4065	546	704	6021	3087	3577	3997	3707	5513	5933	271	3260	2751	3753	2801	4392	3918	4014	1277	5823	2928	3110
5224	3972	2692	1029	3581	1291	1202	1766	4643	2328	3025	4779	3916	2259	1340	169	4867	3056	4028	1566	347	5635	1649	1188	5277	4696	2672	1540	2411	5880	3113	4355	3761	3011	5085	3800	1673	837	1736	128	5903	4721	1516	5681	3144	1840	1686	2972	3693	817	1724	3822	841	906	5000	2345	110	2857	2351	5841	1141	989	544	1451	5068	6106	4462	1032	3504	3078	4284	110	2406	3632	5027	2148	1817	300	2736	4875	6026	5558	282	4633	4614	4533	3860	2159	2461	1485	718	5754	232	935	5895	2636	4214	4148	1967	4454	5889	110	2803	1282	4448	4542	902	4712	2597	1205	4822
2079	3728	5925	428	5443	2683	5409	1599	6040	1045	5776	3676	2013	6022	1644	2482	1888	976	3584	2042	947	5893	2861	4181	4682	6079	4467	2246	1973	3476	5633	1659	567	5388	4164	2466	4543	3076	3312	1633	2191	4506	4950	4660	645	540	6065	1112	4750	240	589	5452	3429	272	197	5927	5073	1357	2445	1056	4491	4997	241	2880	3887	4462	6106	2380	1164	1108	1356	2318	2060	1474	5275	4994	1254	944	1312	3463	226	2147	460	3015	1809	4084	1703	1280	110	2704	1284	3617	3375	5970	5848	1023	2759	1697	204	1866	3040	2500	332	3176	632	2476	3098	2775	2516	218	2150
5546	4130	3006	5287	2943	4161	842	3292	3572	5685	110	3026	4651	4180	5912	3571	5716	5463	574	4098	3756	4590	4256	3854	4873	5768	2320	801	5727	2103	5945	3326	3929	874	5454	418	2796	299	1200	5156	3818	5312	953	2558	2373	5398	2653	2773	2790	4292	4296	110	4223	5264	1431	3597	4238	1639	1395	591	5593	5164	4406	2427	1928	1032	2380	6106	4612	2295	1531	5639	3719	5663	3166	2188	5601	151	1379	770	3329	4989	6088	4697	676	1857	214	1311	2633	1406	2323	688	3543	3962	3414	2056	3524	1877	2954	3377	3600	1198	5795	5218	4015	6018	5147	157	3432	1904	4456
674	4871	3810	951	3677	3133	4957	4854	6030	4477	4020	3599	3310	4417	4037	4783	2359	5359	790	2091	3382	5274	238	3300	2356	2774	5702	430	321	4472	3467	2037	810	1534	6075	3720	1811	1833	3843	883	761	247	110	3688	4817	5476	4666	2625	2124	3010	409	1641	4553	5244	4230	3672	4891	5265	1893	4075	137	216	174	2141	394	3504	1164	4612	6106	1418	3566	5084	2574	1901	532	474	263	1387	1126	4796	5303	3865	5190	4706	5076	110	1472	5944	2974	2120	2099	822	664	1288	3018	689	3082	110	5544	383	5171	1937	2862	1867	1456	1635	3998	4562	1874	4313	5786
1719	4910	110	2923	1712	3785	1927	1864	2771	6009	750	914	5283	5780	3299	3994	1938	1692	110	2557	4199	3302	1685	3033	4232	4573	1963	1279	4671	2082	4544	3167	323	4896	2668	2682	466	2562	5193	5416	4288	2047	2758	3525	2916	4190	480	3009	4300	6003	1273	4788	4775	5433	3291	1992	4225	2053	4509	907	2247	4835	1110	3649	1052	3078	1108	2295	1418	6106	1170	5421	5503	4847	5619	379	4146	788	3712	5253	2938	1385	542	5272	2218	5408	4403	1222	431	6004	2206	2630	111	1082	2995	5643	1449	4375	4224	2699	3576	3226	410	1897	3506	5738	4604	5057	804	5858	407
2239	4262	2491	306	936	5773	956	1376	3237	5900	1718	484	1328	459	5696	3472	1832	5304	972	1405	3610	1061	3836	3690	2626	3351	3830	5282	4780	1819	5462	6091	318	3666	3148	2207	110	1782	3776	932	4800	3051	5055	1375	2700	2606	110	4794	1795	1994	4792	5766	4661	2405	1828	3278	2886	6000	2817	3343	4330	5990	1689	304	667	4284	1356	1531	3566	1170	6106	1240	6042	1603	2465	1046	412	5974	1885	4773	4924	3304	110	5128	1101	3239	5855	5934	188	2054	5869	897	110	836	2543	5701	3813	3356	5540	235	5122	2127	5316	3893	4358	1815	2350	1537	720	1964	2893
284	1442	2730	2098	743	4515	5113	5047	745	1489	4979	3573	2076	508	2569	2748	860	2603	5081	3973	2785	2368	2595	3671	3424	762	740	5173	110	186	2507	5016	1632	4766	1999	3530	2610	3764	2164	3183	4072	606	4412	2869	716	1386	1189	4927	5673	4434	3497	429	3578	3062	786	1846	2078	2703	885	916	3941	2534	1275	1645	3594	110	2318	5639	5084	5421	1240	6106	551	1577	3738	2275	2375	1176	5330	1155	1414	657	563	2019	1890	5228	5373	3362	4966	2952	1187	110	5714	3095	164	5658	2152	2231	5526	3096	1595	3856	534	3723	2564	2020	4621	1585	402	3551	2503
2187	6006	2435	2010	4043	1382	6083	4410	346	3158	562	1469	2737	5217	3586	5412	5950	1368	2495	991	1159	4647	5883	5931	5403	2731	1459	3759	782	3259	2203	2003	2280	3296	2365	1791	5548	617	4306	4045	5456	1499	110	5349	4973	2984	5796	234	5799	5819	443	5961	595	5366	2266	3185	3028	4921	5232	1271	1289	5338	5216	5269	3090	2406	2060	3719	2574	5503	6042	551	6106	3993	3435	4478	4391	362	2570	2920	1919	2167	4226	116	3928	4361	1974	5875	2410	127	575	2647	5370	5847	1570	1295	1012	5414	5380	4646	784	2140	2485	2816	2950	5535	4588	3248	267	1668	1841
547	2903	3344	3068	113	4308	781	1394	3518	1263	4798	3828	3339	1053	452	5134	4304	4846	3083	1309	3656	4668	3410	3624	2233	5797	1543	2970	6081	3563	4568	3203	4928	3020	3899	2449	2622	5703	2548	2470	4653	4425	5570	2113	5973	1863	3445	5983	1862	4289	3421	5590	110	4439	4011	4707	110	192	1881	1798	1886	4834	5545	5744	2080	3632	1474	5663	1901	4847	1603	1577	3993	6106	1624	2566	3490	714	3848	2145	3150	3327	3181	1705	4767	1031	2932	2193	2453	3667	2115	4968	1479	3823	4716	4316	1838	2726	3711	5311	3372	894	5511	2446	1884	4254	139	1466	3732	4420	1223
