4096	1883	1426	90	566	829	3536	3741	1424	387	517	1975	2827	2673	1553	3534	807	383	1911	2965	1265	3758	1409	3240	519	3739	1178	2462	825	1252	4050	3160	458	1669	369	2251	3247	2047	3163	3092	2406	1083	481	1376	2495	915	2819	2410	3671	2655	3779	176	3999	1478	3148	2068	1925	1329	2809	1163	1981	2934	1891	2822	946	2104	2182	4093	105	2975	1934	2716	2112	1170	1392	3294	1371	898	2010	926	3136	1942	1411	632	448	1443	782	2760	1964	333	2334
1883	4096	2230	508	1875	1615	2728	382	724	2871	921	3336	3772	101	2550	3418	2262	1176	934	2900	2084	1958	1138	3480	3285	1491	1870	90	315	2342	345	3490	106	3549	2476	374	604	3217	916	3133	3996	2686	2688	2906	2317	972	323	1708	2536	652	1773	3664	4084	179	842	755	794	1845	836	396	764	224	3506	154	3127	1694	3369	1791	239	636	672	621	3481	911	3109	1997	3063	1404	737	2667	3162	3409	3723	1680	3154	1348	90	352	3689	1783	219
1426	2230	4096	1954	1745	1772	2794	3200	2669	658	1966	3712	1775	862	1587	962	2808	2124	1254	3028	3181	2497	1386	1461	924	90	2670	3145	3521	3543	1319	1963	1387	1848	2842	236	211	1542	2477	163	2960	3980	3793	2111	1575	3992	155	2033	1095	3372	2475	3685	872	3210	2565	1867	3083	357	1431	3042	3488	1679	3255	3114	3374	1502	2266	603	462	1717	1512	954	2054	2280	679	1007	3299	1843	2438	2703	1677	1131	1184	1812	523	3398	490	262	4075	1570	2982
90	508	1954	4096	2482	3349	2591	349	3604	1497	110	3371	477	1342	3129	949	987	3271	1733	663	3278	1803	2985	3655	3558	559	148	3842	3046	2138	3599	3678	3969	889	3924	3147	1198	1381	3926	2849	321	1927	90	1339	3024	1015	2433	1337	1219	1105	1237	1276	4057	3113	615	3787	2023	3016	2777	1053	2694	1593	3527	361	965	3085	4003	1008	2291	3194	930	651	3322	3577	1823	2471	3835	3687	657	2053	3862	1444	4021	1763	1748	1406	2810	2048	3018	3155	942
566	1875	1745	2482	4096	193	2144	1767	326	1147	2062	3570	2687	1978	3078	1926	2473	1739	1529	1641	1829	3633	3103	2024	2455	126	1986	547	90	2322	3064	1304	413	1700	861	3224	2003	2613	3307	2394	1197	1824	856	1685	90	1466	3378	3697	1049	1612	3840	266	3201	2785	2935	3719	2755	3380	1251	3982	487	3070	527	1152	1819	1503	840	90	1609	1136	2248	207	2281	3128	839	2186	3583	2253	928	153	451	2930	2568	3686	3895	1153	1413	581	93	168	1569
829	1615	1772	3349	193	4096	90	1181	2999	2420	1389	1746	135	461	1005	3991	3061	2784	2978	3807	869	2133	441	3123	3444	2988	784	757	539	793	2349	1538	277	1052	2943	2246	1897	1667	1122	1368	3868	295	2868	4085	2566	752	2472	350	2562	2614	2058	1577	2145	90	2834	3831	847	4042	325	589	883	2621	2272	1946	1206	1761	2770	855	1253	2403	2527	3620	4048	1698	1854	2125	1190	3791	3830	427	1878	1140	1040	2689	1626	1807	2396	162	98	1921	2478
3536	2728	2794	2591	2144	90	4096	2517	3246	3971	1331	700	2109	102	3858	1691	3995	516	4009	1901	3861	3192	2242	3850	4034	2069	1552	558	2515	4010	2719	3381	513	3350	3781	2639	293	627	3817	743	899	2159	633	1090	682	4043	4013	2917	3884	1724	3214	2298	1936	2013	1969	3967	3652	545	1026	3932	1660	1535	2504	3691	1899	1166	2366	1257	3193	3491	585	2427	2701	488	1084	640	363	370	1358	669	1642	248	3270	697	3470	1035	1678	3119	1780	1027	2238
3741	382	3200	349	1767	1181	2517	4096	2295	90	1835	1232	96	715	3704	1548	3022	1517	1374	988	3586	2306	3132	1799	3918	2781	431	2386	3648	940	3086	957	2989	90	1564	2894	3713	2446	444	4036	1236	2915	2267	2951	2790	2830	2081	1285	1141	996	3800	2055	1383	351	2944	1956	597	2423	4031	1625	531	275	1928	469	3970	438	2308	1520	2947	1583	3137	1229	2200	1913	3888	860	3567	620	3718	518	1740	1076	2813	2161	3472	3972	1156	1179	454	150	3144
1424	724	2669	3604	326	2999	3246	2295	4096	3809	3057	3656	631	2569	3221	2662	2007	2108	230	1111	218	3030	1882	502	851	1511	3411	2704	432	1595	90	2624	1188	854	2924	2557	1243	187	2608	3014	2409	2756	1102	3266	2653	362	258	3529	2518	3327	2840	1168	1349	3764	283	768	3265	1019	2609	1298	2771	665	1943	3934	2163	868	141	1121	2345	1940	666	2168	766	3116	637	1110	819	1547	3228	2887	390	3745	2239	817	1135	746	1274	3267	216	3174	2029
387	2871	658	1497	1147	2420	3971	90	3809	4096	2035	3225	2654	3188	977	3518	1240	3205	1555	2196	2633	2538	1509	3672	2754	2683	4091	2340	811	1545	2031	1687	1935	2422	2946	2205	2335	2393	2526	2789	2449	2729	3065	701	1455	561	1924	3493	3555	3006	1531	571	992	1092	1447	1822	2805	691	614	1805	312	3286	2967	1786	131	409	2502	2861	2619	2309	2651	3853	475	2344	1394	1077	635	1664	353	1183	2973	2674	2647	1159	3569	3661	2050	2141	557	3379	3714
517	921	1966	110	2062	1389	1331	1835	3057	2035	4096	3717	1054	1449	1770	3179	3104	3706	628	3878	4063	2866	986	3760	1557	1070	2912	3184	1238	2774	506	2358	2076	2379	1516	2949	3833	3208	2118	90	662	1670	1315	1215	3623	771	3605	3849	1576	158	758	1036	4066	1917	164	2549	2528	464	1385	3946	2752	221	1755	3066	2130	1079	2370	1396	90	1582	1988	3542	3753	485	3248	3081	3898	90	2093	880	733	3732	3562	2269	1999	1454	2484	3312	1042	1633	2148
1975	3336	3712	3371	3570	1746	700	1232	3656	3225	3717	4096	3953	3903	1446	483	2592	1857	1568	2408	3642	1021	556	538	3904	2521	709	3981	2607	3001	2287	3736	2005	3095	3430	1525	408	696	2724	832	1749	526	2862	704	3765	3242	1450	2426	3304	1682	243	1764	3080	3528	2122	544	2700	3251	90	3609	2106	772	3315	2937	3601	3526	1144	1369	563	2206	2547	810	3313	2212	2969	2390	1731	3207	1656	1778	3027	694	225	90	552	1384	2127	2400	2847	1297	2083
2827	3772	1775	477	2687	135	2109	96	631	2654	1054	3953	4096	720	3755	3520	136	2209	3422	1324	1636	3296	1334	203	253	3742	1929	2713	1760	339	1888	4022	1995	4045	404	3400	1133	1467	1526	1597	3134	1260	1064	785	2606	3866	2575	3043	3023	276	2698	2022	1061	2708	3814	2833	3945	2671	1794	1728	866	618	3264	2252	745	3778	903	3237	1605	1705	776	1080	2395	2863	231	3138	3223	1290	2233	90	494	3196	1910	831	1556	2085	874	2492	812	801	735
2673	101	862	1342	1978	461	102	715	2569	3188	1449	3903	720	4096	1174	3703	2601	3889	649	2987	3651	3412	774	1154	2745	3571	3321	3877	90	3579	707	2245	1472	3415	3011	470	296	3258	3825	3882	1919	3950	2307	90	92	2632	3501	2519	941	1863	1462	1313	815	212	2658	2585	343	976	3734	3823	2479	3559	3176	2839	2229	541	423	2119	2735	1884	2622	1973	1530	2179	1086	3408	1330	1000	2799	1074	3496	3329	824	2877	1566	188	2685	1225	3079	1430	1071
1553	2550	1587	3129	3078	1005	3858	3704	3221	977	1770	1446	3755	1174	4096	1790	3497	3748	685	1448	250	3252	593	3399	284	3226	3625	1397	1719	2199	2160	3091	1734	3792	2766	4072	3922	90	1365	320	3428	2733	2795	3701	1088	2558	1704	3037	1640	783	1216	2537	1213	2359	2303	2265	3890	871	2328	2169	4038	2014	1820	3675	1058	699	769	3090	4018	2543	823	177	2202	1714	392	3928	2236	1210	1578	2972	186	2499	2343	4046	1584	1441	3522	2380	2064	1672	1814
3534	3418	962	949	1926	3991	1691	1548	2662	3518	3179	483	3520	3703	1790	4096	2001	4012	3419	354	434	2237	1124	1977	1256	1785	2546	569	2764	1402	2057	4060	1250	1235	2021	3698	1239	611	1608	2120	770	184	3281	1962	4051	2387	302	452	1150	1301	4054	90	670	2963	3517	2131	304	2763	3515	767	1846	1861	3531	1850	3931	1075	3448	1501	3721	90	1066	1281	1373	2990	1322	2183	3026	254	1359	511	2530	2843	742	2015	1931	675	108	893	1971	891	157
807	2262	2808	987	2473	3061	3995	3022	2007	1240	3104	2592	136	2601	3497	2001	4096	1456	1952	2542	450	1518	2166	205	2638	3885	1832	4069	142	237	3641	2240	1540	804	2143	3301	1108	3921	1202	1600	196	814	2424	668	1429	2697	348	473	358	3004	4062	3029	2665	2296	1439	886	560	562	1599	268	90	3199	1624	297	3986	3740	3287	395	2570	803	391	2593	1357	2577	2207	929	3563	90	3538	3954	2324	2602	1094	2299	1169	1453	2256	3055	3492	879	1912
383	1176	2124	3271	1739	2784	516	1517	2108	3205	3706	1857	2209	3889	3748	4012	1456	4096	2848	128	2316	2268	1307	1811	2661	4090	3197	853	1208	1493	3388	3674	1721	4030	3464	2911	3629	2971	90	182	1186	2742	3441	90	725	1707	1621	3798	115	2889	4025	2908	3478	3869	3673	2811	2520	2648	2428	3827	2448	1457	1363	1068	1263	1753	3539	2377	3813	3427	2060	1864	1360	1953	3545	2605	2411	2582	1695	3227	3254	2702	3439	3110	3437	2178	1858	1193	2823	139	505
1911	934	1254	1733	1529	2978	4009	1374	230	1555	628	1568	3422	649	685	3419	1952	2848	4096	3611	2857	1513	2368	706	997	1558	1266	1338	3844	3308	3727	3084	2259	90	1247	3662	3244	2323	3746	974	2851	1127	3445	2126	931	3763	985	3017	3883	727	1143	3059	584	2501	3957	729	379	2453	958	3879	3211	3729	948	1900	3009	1309	2222	1573	2355	2421	3118	3805	2378	2996	3368	1567	2899	908	1485	2417	2437	989	2486	3462	3759	922	181	2087	3292	1752	3056
2965	2900	3028	663	1641	3807	1901	988	1111	2196	3878	2408	1324	2987	1448	354	2542	128	3611	4096	3347	90	3720	600	1876	3232	1607	2986	1233	816	3594	2170	3775	3838	2073	503	3985	1689	90	778	3731	3639	1477	1377	1662	3960	1400	3045	3705	3724	574	3589	2407	384	166	4035	170	1438	2573	945	3635	3837	498	857	1081	2548	3752	1099	4055	3902	1214	446	1320	2441	786	2414	2897	3302	90	90	1046	2513	667	3306	3859	2171	3631	762	3499	1279	548
1265	2084	3181	3278	1829	869	3861	3586	218	2633	4063	3642	1636	3651	250	434	450	2316	2857	3347	4096	2762	90	3747	90	959	2983	661	638	1632	1189	2176	913	1504	1043	3821	2836	327	1738	1627	1797	286	3432	2270	1091	3537	2679	2922	2818	2351	329	3213	3106	1362	1051	1918	3799	3295	1445	2121	3386	1059	90	2865	3797	2165	938	1588	2443	3512	2838	2588	3429	1833	3384	677	127	307	130	2412	1950	3310	3335	3326	2150	781	4006	245	3514	1559	3943
3758	1958	2497	1803	3633	2133	3192	2306	3030	2538	2866	1021	3296	3412	3252	2237	1518	2268	1513	90	2762	4096	399	3401	3054	474	3076	3988	1885	1732	1463	3459	2405	3824	2445	3357	2039	2294	3466	3715	169	993	1990	1776	3275	3433	2319	2466	1898	2775	892	3150	2852	3891	821	1851	1580	2620	3870	3848	4083	4053	2162	1418	3206	2325	2052	3899	1175	2709	3523	648	1754	244	2801	2321	4049	117	4086	826	120	1162	3139	3331	639	3125	2100	2263	2590	2357	806
1409	1138	1386	2985	3103	441	2242	3132	1882	1509	986	556	1334	774	593	1124	2166	1307	2368	3720	90	399	4096	1675	3277	3170	165	1483	1004	2092	2185	1579	1016	605	3394	2507	1196	4000	455	2892	1725	1354	1539	3596	895	653	507	1139	3811	2886	2105	1204	1335	3588	2901	2589	964	1433	583	1442	2942	1180	3851	159	1979	2192	3908	3185	2481	1944	2580	3021	2600	90	223	1351	255	3828	1308	3911	3568	3075	2753	731	330	952	3203	3993	1831	2063	3416
3240	3480	1461	3655	2024	3123	3850	1799	502	3672	3760	538	203	1154	3399	1977	205	1811	706	600	3747	3401	1675	4096	1637	1736	599	2903	907	2459	1847	1665	2534	2286	1853	1726	659	3929	2129	884	2997	2018	1781	2758	3351	1014	417	1151	385	2385	3504	2634	1611	944	747	2488	843	401	2663	3665	3222	3940	3894	3122	991	834	3131	415	2065	3893	2953	406	1712	1230	2146	2932	3832	643	678	3190	1591	3446	90	466	1332	1395	3328	2879	896	2189	808
519	3285	924	3558	2455	3444	4034	3918	851	2754	1557	3904	253	2745	284	1256	2638	2661	997	1876	90	3054	3277	1637	4096	3218	1033	1630	3910	2992	2203	2611	3405	1536	161	3566	2820	3707	3881	314	1487	2184	1906	1688	3471	592	2761	1828	3997	3230	3626	613	2277	625	1045	412	1361	4059	3843	2748	1145	664	356	1096	2864	3300	607	491	2684	308	2217	2333	1777	3345	3574	961	1744	3557	1862	936	529	1830	3613	1375	3309	3397	90	3989	2936	90	1047
3739	1491	90	559	126	2988	2069	2781	1511	2683	1070	2521	3742	3571	3226	1785	3885	4090	1558	3232	959	474	3170	1736	3218	4096	430	864	1543	900	1242	90	1718	3886	3612	2027	1645	90	90	4008	2369	3475	2190	2134	232	876	3359	2544	140	3761	2739	3039	460	241	3438	2072	979	3987	3852	405	514	1146	2102	263	3573	1994	865	3485	3325	198	3189	1666	459	257	1551	3546	849	3948	3303	2690	4001	265	2151	969	2465	3509	360	3505	3602	138	3477
1178	1870	2670	148	1986	784	1552	431	3411	4091	2912	709	1929	3321	3625	2546	1832	3197	1266	1607	2983	3076	165	599	1033	430	4096	3619	3551	3818	1171	2744	3186	800	1896	1657	132	393	4002	2883	3847	3283	1955	3961	3725	1161	447	1103	2090	749	3645	210	1742	933	3434	2091	2980	3391	3259	1273	235	3958	1743	2329	2872	252	3530	1904	3474	1269	4020	3241	437	1951	654	622	721	2510	1902	1028	630	1495	870	4056	3482	3239	1020	90	90	2249	137
2462	90	3145	3842	547	757	558	2386	2704	2340	3184	3981	2713	3877	1397	569	4069	853	1338	2986	661	3988	1483	2903	1630	864	3619	4096	301	795	967	3167	937	3463	90	3436	1886	2806	3789	1268	520	2747	2581	674	2158	2677	3788	2780	703	1370	3338	2284	623	1165	1428	1264	1991	3754	2718	1414	3355	425	1825	2959	400	765	1029	1762	3857	2194	2907	1277	3050	2044	2331	2211	3034	2583	2691	133	2773	3048	3235	2955	332	3361	2523	521	228	2824	2711
825	315	3521	3046	90	539	2515	3648	432	811	1238	2607	1760	90	1719	2764	142	1208	3844	1233	638	1885	1004	907	3910	1543	3551	301	4096	753	2757	3019	1458	2234	2898	3261	833	3461	3353	852	2336	792	3941	1985	3614	1481	1284	920	1120	90	3102	1364	644	3735	573	3873	3164	2059	1729	365	1353	2587	4007	1316	2315	822	2844	4024	3863	3112	2452	2612	601	2929	183	2615	1303	1562	2958	1182	3925	2312	90	3005	3693	616	2828	3679	2880	303	3360
1252	2342	3543	2138	2322	793	4010	940	1595	1545	2774	3001	339	3579	2199	1402	237	1493	3308	816	1632	1732	2092	2459	2992	900	3818	795	753	4096	2874	2128	347	2769	1982	2028	2020	3580	2832	935	90	835	4016	3229	2596	3233	1610	3424	4015	3425	1464	1499	2218	510	3143	863	3015	3377	1101	3776	2875	2363	1380	2375	1989	3410	199	1123	90	439	4004	3094	1293	2075	1508	2998	3183	1119	629	242	3382	2966	1072	4023	3854	3413	3469	2539	364	104	971
4050	345	1319	3599	3064	2349	2719	3086	90	2031	506	2287	1888	707	2160	2057	3641	3388	3727	3594	1189	1463	2185	1847	2203	1242	1171	967	2757	2874	4096	2338	2293	299	3198	740	596	3587	2235	761	1855	1756	3038	2788	2467	2572	151	3489	1398	3690	340	97	3592	542	582	90	3920	1340	912	1194	2910	294	3880	2137	3548	1434	3334	1961	4041	2123	3584	1716	1967	2952	2283	3829	1417	288	3887	2567	2902	2260	1907	94	973	194	3071	317	3373	2870	90
3160	3490	1963	3678	1304	1538	3381	957	2624	1687	2358	3736	4022	2245	3091	4060	2240	3674	3084	2170	2176	3459	1579	1665	2611	90	2744	3167	3019	2128	2338	4096	2890	1078	3348	591	3728	1244	386	927	748	1796	3000	1751	3383	1993	2080	3638	3087	2950	530	2152	3341	2512	1352	2888	501	3769	710	3508	3654	3667	2320	2895	1473	3774	602	2232	1116	2803	2289	486	1634	2826	998	484	3402	3737	717	1129	2214	1757	1399	337	4081	3450	754	2779	2177	2751	3282
458	106	1387	3969	413	277	513	2989	1188	1935	2076	2005	1995	1472	1734	1250	1540	1721	2259	3775	913	2405	1016	2534	3405	1718	3186	937	1458	347	2293	2890	4096	2618	2977	3089	3236	4037	2155	3643	587	981	2730	2074	1241	3033	414	1826	2198	1521	90	2116	3942	1506	3683	388	3498	2095	2610	3977	1097	90	389	214	568	3874	4077	3392	1470	3507	1871	3243	1976	617	2695	2147	2305	1683	619	1173	1652	1887	2310	1356	2173	1604	2468	2732	3726	1469	90
1669	3549	1848	889	1700	1052	3350	90	854	2422	2379	3095	4045	3415	3792	1235	804	4030	90	3838	1504	3824	605	2286	1536	3886	800	3463	2234	2769	299	1078	2618	4096	3111	2882	3486	3333	2909	3756	2814	909	595	3919	1914	3864	1209	2181	2337	1949	1164	1522	982	2228	3202	311	1234	2976	2793	1034	305	2821	3180	951	1149	1676	272	858	543	3860	2563	90	195	1172	2496	676	282	2360	787	90	249	2193	2627	2617	3447	813	693	2456	1476	3346	1602
369	2476	2842	3924	861	2943	3781	1564	2924	2946	1516	3430	404	3011	2766	2021	2143	3464	1247	2073	1043	2445	3394	1853	161	3612	1896	90	2898	1982	3198	3348	2977	3111	4096	2905	2914	402	3744	1492	3906	1957	820	1347	2629	2261	2139	4074	2348	1401	3483	445	3553	2807	359	2956	3343	3794	1345	2891	994	1218	1391	2878	229	1379	3093	4076	1393	1774	1939	1741	2623	3140	2846	2187	2078	1779	1318	1654	1720	90	269	3696	2644	2231	1267	1856	1711	2964	3449
2251	374	236	3147	3224	2246	2639	2894	2557	2205	2949	1525	3400	470	4072	3698	3301	2911	3662	503	3821	3357	2507	1726	3566	2027	1657	3436	3261	2028	740	591	3089	2882	2905	4096	2019	1800	90	1148	1294	3316	403	1690	1784	3288	289	3915	968	3688	3423	1223	2285	736	2660	2279	2743	3168	316	3552	805	1909	1692	2297	1922	90	2533	917	1432	1055	1844	3841	4092	695	3804	1860	247	2006	978	3431	2968	2750	424	372	594	220	1002	4067	4073	1643	213
3247	604	211	1198	2003	1897	293	3713	1243	2335	3833	408	1133	296	3922	1239	1108	3629	3244	3985	2836	2039	1196	659	2820	1645	132	1886	833	2020	596	3728	3236	3486	2914	2019	4096	3785	2339	2637	887	1388	3984	1590	2026	3962	2850	2300	1603	905	90	2431	3367	1768	309	2117	960	2923	2174	410	1592	1673	881	90	3077	2487	3801	1617	3768	797	227	394	3636	3456	2778	3670	368	204	1217	2630	1693	2505	2434	1681	2220	367	1192	3955	2804	3949	2402
2047	3217	1542	1381	2613	1667	627	2446	187	2393	3208	696	1467	3258	90	611	3921	2971	2323	1689	327	2294	4000	3929	3707	90	393	2806	3461	3580	3587	1244	4037	3333	402	1800	3785	4096	264	1300	3273	2132	479	2954	1355	1795	467	4071	3708	291	2786	844	3452	3524	3917	1069	2706	3082	1816	3784	1537	3276	2167	3100	3901	3220	1817	1813	3822	528	1423	1065	2835	3289	894	112	1109	4088	540	882	3274	2925	4040	2970	2208	624	3494	1073	796	553	2746
3163	916	2477	3926	3307	1122	3817	444	2608	2526	2118	2724	1526	3825	1365	1608	1202	90	3746	90	1738	3466	455	2129	3881	90	4002	3789	3353	2832	2235	386	2155	2909	3744	90	2339	264	4096	1623	116	2330	713	2494	2938	419	407	2008	1782	3653	919	1488	1082	90	3782	779	1710	888	1057	1787	1271	3632	1638	2649	1804	681	555	3040	3291	3802	1877	111	2032	1115	2288	3771	2860	828	3610	1403	2736	118	3195	1278	1343	3581	1668	3944	3933	125	107
3092	3133	163	2849	2394	1368	743	4036	3014	2789	90	832	1597	3882	320	2120	1600	182	974	778	1627	3715	2892	884	314	4008	2883	1268	852	935	761	927	3643	3756	1492	1148	2637	1300	1623	4096	1465	259	1890	2391	3907	1644	2727	2439	3036	1715	4027	877	373	788	3766	2191	2469	2012	2896	2392	328	3157	550	2049	634	645	575	791	2435	3407	3695	578	334	4028	2553	2140	420	1528	577	2693	2765	2440	3062	3937	2552	3502	734	1022	4047	1968	3324
2406	3996	2960	321	1197	3868	899	1236	2409	2449	662	1749	3134	1919	3428	770	196	1186	2851	3731	1797	169	1725	2997	1487	2369	3847	520	2336	90	1855	748	587	2814	3906	1294	887	3273	116	1465	4096	3905	1372	2631	2767	3107	1903	2800	1723	2529	579	1039	206	2371	3591	2458	509	2493	2485	1618	3519	646	2149	2714	2636	2365	2598	306	1893	457	2876	3098	1031	172	570	1258	2346	3773	2772	1880	152	1063	468	1629	3356	3358	512	1572	287	3320	1248
1083	2686	3980	1927	1824	295	2159	2915	2756	2729	1670	526	1260	3950	2733	184	814	2742	1127	3639	286	993	1354	2018	2184	3475	3283	2747	792	835	1756	1796	981	909	1957	3316	1388	2132	2330	259	3905	4096	90	3622	567	2676	2313	2282	641	1544	1659	1001	3262	91	1916	1747	1872	3637	1203	1598	2274	1420	1296	2463	2678	2224	90	4044	3484	3572	1865	2436	3340	3816	1207	103	90	90	3681	759	3658	109	2921	741	1866	4065	2948	1709	671	493	3166
481	2688	3793	90	856	2868	633	2267	1102	3065	1315	2862	1064	2307	2795	3281	2424	3441	3445	1477	3432	1990	1539	1781	1906	2190	1955	2581	3941	4016	3038	3000	2730	595	820	403	3984	479	713	1890	1372	90	4096	1938	3846	146	1085	1560	2893	3856	2051	1486	2642	429	1827	966	1534	3293	463	2215	160	3757	2532	1653	2247	1510	3936	1533	3319	3120	586	1699	1496	1932	3153	2097	2374	3647	1382	1789	1326	3806	411	3965	2210	90	1730	2586	2841	684	3803
1376	2906	2111	1339	1685	4085	1090	2951	3266	701	1215	704	785	90	3701	1962	668	90	2126	1377	2270	1776	3596	2758	1688	2134	3961	674	1985	3229	2788	1751	2074	3919	1347	1690	1590	2954	2494	2391	2631	3622	1938	4096	1937	3182	1792	3212	3173	3467	2425	1933	1546	2927	763	433	551	2599	381	1128	456	3072	2034	335	897	4080	3963	1222	655	4064	3627	2710	723	3250	3417	1541	777	3376	3503	590	3215	1272	2382	465	2916	1280	90	3395	963	3007	173
2495	2317	1575	3024	90	2566	682	2790	2653	1455	3623	3765	2606	92	1088	4051	1429	725	931	1662	1091	3275	895	3351	3471	232	3725	2158	3614	2596	2467	3383	1241	1914	2629	1784	2026	1355	2938	3907	2767	567	3846	1937	4096	280	1023	1245	2110	1959	90	3532	837	3487	355	2480	3365	2250	3074	3578	3231	331	2491	1017	246	1879	2858	270	2016	1018	4089	1211	442	2367	2961	3101	2855	338	476	1048	890	656	3615	3730	2564	2195	522	2643	2326	2043	2675
915	972	3992	1015	1466	752	4043	2830	362	561	771	3242	3866	2632	2558	2387	2697	1707	3763	3960	3537	3433	653	1014	592	876	1161	2677	1481	3233	2572	1993	3033	3864	2261	3288	3962	1795	419	1644	3107	2676	146	3182	280	4096	3068	3722	3777	2275	2551	3387	202	1868	192	3249	2474	2278	2350	2920	3762	1427	1527	2933	1221	90	2993	2383	3783	2361	2559	732	3896	690	240	2290	341	650	1118	3912	950	3069	418	2995	435	443	1436	683	3257	2353	3420
2819	323	155	2433	3378	2472	4013	2081	258	1924	3605	1450	2575	3501	1704	302	348	1621	985	1400	2679	2319	507	417	2761	3359	447	3788	1284	1610	151	2080	414	1209	2139	289	2850	467	407	2727	1903	2313	1085	1792	1023	3068	4096	2725	2516	2628	3130	2783	90	1769	1410	3964	1947	1628	775	322	190	3716	2584	3976	3565	2672	3099	2470	2974	492	1050	1451	799	421	1671	1703	185	1226	1765	1722	1960	3770	867	1727	3923	2201	90	2829	3892	3808	2273
2410	1708	2033	1337	3697	350	2917	1285	3529	3493	3849	2426	3043	2519	3037	452	473	3798	3017	3045	2922	2466	1139	1151	1828	2544	1103	2780	920	3424	3489	3638	1826	2181	4074	3915	2300	4071	2008	2439	2800	2282	1560	3212	1245	3722	2725	4096	2656	2154	2867	1945	90	3607	2556	1200	2812	3332	3554	873	1187	478	3618	2213	598	2107	995	2928	1093	2657	290	1661	3593	1056	174	156	3053	3540	711	2524	1984	564	2715	3624	3556	3663	751	932	3750	3983	3344
3671	2536	1095	1219	1049	2562	3884	1141	2518	3555	1576	3304	3023	941	1640	1150	358	115	3883	3705	2818	1898	3811	385	3997	140	2090	703	1120	4015	1398	3087	2198	2337	2348	968	1603	3708	1782	3036	1723	641	2893	3173	2110	3777	2516	2656	4096	90	3617	3699	1892	178	3096	4039	175	1810	1859	3500	1965	738	1155	377	3370	1302	1894	2981	2603	1841	3966	2682	705	1107	1930	200	970	2442	2749	1177	346	3872	2873	2650	2142	1701	2243	2101	144	914	2555
2655	652	3372	1105	1612	2614	1724	996	3327	3006	158	1682	276	1863	783	1301	3004	2889	727	3724	2351	2775	2886	2385	3230	3761	749	1370	90	3425	3690	2950	1521	1949	1401	3688	905	291	3653	1715	2529	1544	3856	3467	1959	2275	2628	2154	90	4096	3511	1684	2791	1622	1581	576	274	1519	3669	943	3535	2197	2002	3284	1482	3169	2696	2635	612	4033	2254	2574	1306	841	1405	2776	3323	3426	1839	1100	2404	1261	3012	716	2450	2837	2352	2721	260	1697	2399
3779	1773	2475	1237	3840	2058	3214	3800	2840	1531	758	243	2698	1462	1216	4054	4062	4025	1143	574	329	892	2105	3504	3626	2739	3645	3338	3102	1464	340	530	90	1164	3483	3423	90	2786	919	4027	579	1659	2051	2425	90	2551	3130	2867	3617	3511	4096	336	1571	990	2664	1270	2522	1585	728	2525	123	3479	2354	1992	3406	1852	688	3979	2576	3339	1750	1137	3058	722	4014	1974	1224	1255	1706	1158	2571	3914	1201	1292	1498	3002	313	3238	2740	2979	3547
176	3664	3685	1276	266	1577	2298	2055	1168	571	1036	1764	2022	1313	2537	90	3029	2908	3059	3589	3213	3150	1204	2634	613	3039	210	2284	1364	1499	97	2152	2116	1522	445	1223	2431	844	1488	877	1039	1001	1486	1933	3532	3387	2783	1945	3699	1684	336	4096	726	119	143	1435	121	261	1283	1231	2798	802	1350	3659	2364	1639	4011	3561	1038	500	687	3156	760	3560	1998	925	90	1500	1282	2258	2490	1325	208	1987	3010	4068	2845	1422	1838	124	1011
3999	4084	872	4057	3201	2145	1936	1383	1349	992	4066	3080	1061	815	1213	670	2665	3478	584	2407	3106	2852	1335	1611	2277	460	1742	623	644	2218	3592	3341	3942	982	3553	2285	3367	3452	1082	373	206	3262	2642	1546	837	202	90	90	1892	2791	1571	726	4096	2797	3533	2311	533	2707	2881	1524	1106	3795	2616	698	1408	3628	3473	1289	122	2004	2372	3389	3865	1514	3603	1554	3676	1889	3117	1286	1948	2645	2904	2625	1561	1586	2098	1191	2276	2796	1873
1478	179	3210	3113	2785	90	2013	351	3764	1092	1917	3528	2708	212	2359	2963	2296	3869	2501	384	1362	3891	3588	944	625	241	933	1165	3735	510	542	2512	1506	2228	2807	736	1768	3524	90	788	2371	91	429	2927	3487	1868	1769	3607	178	1622	990	119	2797	4096	1317	2540	1646	3352	983	580	1134	3396	3938	532	3640	2918	3978	398	2859	2082	2514	719	1471	2768	3867	2737	90	440	1425	3947	4078	953	1840	1808	1013	3711	251	955	2560	233	3597
3148	842	2565	615	2935	2834	1969	2944	283	1447	164	2122	3814	2658	2303	3517	1439	3673	3957	166	1051	821	2901	747	1045	3438	3434	1428	573	3143	582	1352	3683	3202	359	2660	309	3917	3782	3766	3591	1916	1827	763	355	192	1410	2556	3096	1581	2664	143	3533	1317	4096	1649	608	2061	3421	2025	1771	1674	3909	3649	1220	2787	1620	3031	319	3767	3159	3363	1452	222	90	90	3834	3451	1009	984	2984	1983	3606	2388	534	1923	1759	2419	2301	3149	1037
2068	755	1867	3787	3719	3831	3967	1956	768	1822	2549	544	2833	2585	2265	2131	886	2811	729	4035	1918	1851	2589	2488	412	2072	2091	1264	3873	863	90	2888	388	311	2956	2279	2117	1069	779	2191	2458	1747	966	433	2480	3249	3964	1200	4039	576	1270	1435	2311	2540	1649	4096	1378	499	496	3796	215	3930	2318	1788	3385	342	2594	1415	3513	3135	1249	3245	588	1287	1125	90	1440	3175	3460	2931	4029	1766	2135	3234	3414	300	366	3124	1367	2332	1532
1925	794	3083	2023	2755	847	3652	597	3265	2805	2528	2700	3945	343	3890	304	560	2520	379	170	3799	1580	964	843	1361	979	2980	1991	3164	3015	3920	501	3498	1234	3343	2743	960	2706	1710	2469	509	1872	1534	551	3365	2474	1947	2812	175	274	2522	121	533	1646	608	1378	4096	2030	1333	980	2255	2509	1793	3974	2226	3871	90	1908	1836	2381	2957	1024	2652	2712	3044	3541	1702	2723	2156	2302	524	809	1412	3951	482	2646	114	1421	3158	2164	3812
1329	1845	357	3016	3380	4042	545	2423	1019	691	464	3251	2671	976	871	2763	562	2648	2453	1438	3295	2620	1433	401	4059	3987	3391	3754	2059	3377	1340	3769	2095	2976	3794	3168	2923	3082	888	2012	2493	3637	3293	2599	2250	2278	1628	3332	1810	1519	1585	261	2707	3352	2061	499	2030	4096	3692	1686	378	838	1060	3598	1006	2099	1112	2096	789	149	3121	3035	1594	1489	90	1996	910	2531	3404	3913	718	647	2447	565	3442	1416	1798	1484	798	3311	1842
2809	836	1431	2777	1251	325	1026	4031	2609	614	1385	90	1794	3734	2328	3515	1599	2428	958	2573	1445	3870	583	2663	3843	3852	3259	2718	1729	1101	912	710	2610	2793	1345	316	2174	1816	1057	2896	2485	1203	463	381	3074	2350	775	3554	1859	3669	728	1283	2881	983	3421	496	1333	3692	4096	90	1275	3751	1563	497	848	756	3684	2962	100	95	2040	975	1117	3216	606	3172	2415	90	3939	939	471	2103	1663	3595	2595	714	2418	2991	1550	572	3668
1163	396	3042	1053	3982	589	3932	1625	1298	1805	3946	3609	1728	3823	2169	767	268	3827	3879	945	2121	3848	1442	3665	2748	405	1273	1414	365	3776	1194	3508	3977	1034	2891	3552	410	3784	1787	2392	1618	1598	2215	1128	3578	2920	322	873	3500	943	2525	1231	1524	580	2025	3796	980	1686	90	4096	1205	3694	3152	2041	1312	1366	2172	4026	2913	2541	3041	1295	3952	2444	2362	2741	2692	201	1459	1288	426	1246	2884	3582	90	1344	1737	2511	2115	2535	773
1981	764	3488	2694	487	883	1660	531	2771	312	2752	2106	866	2479	4038	1846	90	2448	3211	3635	3386	4083	2942	3222	1145	514	235	3355	1353	2875	2910	3654	1097	305	994	805	1592	1537	1271	328	3519	2274	160	456	3231	3762	190	1187	1965	3535	123	2798	1106	1134	1771	215	2255	378	1275	1205	4096	3819	2430	1494	3975	489	515	673	3935	1314	1062	3476	278	2413	234	3786	1651	2066	2017	2666	3161	660	2640	3680	1067	1341	1549	1262	2506	3171	2919
2934	224	1679	1593	3070	2621	1535	275	665	3286	221	772	618	3559	2014	1861	3199	1457	3729	3837	1059	4053	1180	3940	664	1146	3958	425	2587	2363	294	3667	90	2821	1218	1909	1673	3276	3632	3157	646	1420	3757	3072	331	1427	3716	478	738	2197	3479	802	3795	3396	1674	3930	2509	838	3751	3694	3819	4096	1713	2451	2681	1041	4087	3253	2659	3455	1407	1895	2398	3003	3660	3146	1869	2680	2705	702	3457	2432	1311	1142	3177	375	744	845	3337	3845	3366
1891	3506	3255	3527	527	2272	2504	1928	1943	2967	1755	3315	3264	3176	1820	3531	1624	1363	948	498	90	2162	3851	3894	356	2102	1743	1825	4007	1380	3880	2320	389	3180	1391	1692	881	2167	1638	550	2149	1296	2532	2034	2491	1527	2584	3618	1155	2002	2354	1350	2616	3938	3909	2318	1793	1060	1563	3152	2430	1713	4096	1321	1113	1920	2817	680	2341	2244	4052	3836	2314	3657	1523	1515	1167	2940	1941	712	2856	2816	1696	3839	902	371	1291	1614	901	2271	2941
2822	154	3114	361	1152	1946	3691	469	3934	1786	3066	2937	2252	2839	3675	1850	297	1068	1900	857	2865	1418	159	3122	1096	263	2329	2959	1316	2375	2137	2895	214	951	2878	2297	90	3100	2649	2049	2714	2463	1653	335	1017	2933	3976	2213	377	3284	1992	3659	698	532	3649	1788	3974	3598	497	2041	1494	2451	1321	4096	3525	2498	610	2545	1098	1801	3362	4032	3151	3616	1460	3516	495	2079	1809	535	90	1915	3290	2045	2042	2939	3390	134	113	292	4019
946	3127	3374	965	1819	1206	1899	3970	2163	131	2130	3601	745	2229	1058	3931	3986	1263	3009	1081	3797	3206	1979	991	2864	3573	2872	400	2315	1989	3548	1473	568	1149	229	1922	3077	3901	1804	634	2636	2678	2247	897	246	1221	3565	598	3370	1482	3406	2364	1408	3640	1220	3385	2226	1006	848	1312	3975	2681	1113	3525	4096	3440	2088	689	3749	2356	923	4095	3318	1606	90	2225	739	2869	1613	324	1735	1818	3314	3790	3260	416	3280	956	2327	344	3855
2104	1694	1502	3085	1503	1761	1166	438	868	409	1079	3526	3778	541	699	1075	3740	1753	1309	2548	2165	2325	2192	834	3300	1994	252	765	822	3410	1434	3774	3874	1676	1379	90	2487	3220	681	645	2365	2224	1510	4080	1879	90	2672	2107	1302	3169	1852	1639	3628	2918	2787	342	3871	2099	756	1366	489	1041	1920	2498	3440	4096	2219	2094	2180	3443	1647	1044	256	846	2384	1475	3634	2457	1837	818	2641	3279	708	2561	3330	189	1126	1972	453	99	209
2182	3369	2266	4003	840	2770	2366	2308	141	2502	2370	1144	903	423	769	3448	3287	3539	2222	3752	938	2052	3908	3131	607	865	3530	1029	2844	199	3334	602	4077	272	3093	2533	3801	1817	555	575	2598	90	3936	3963	2858	2993	3099	995	1894	2696	688	4011	3473	3978	1620	2594	90	1112	3684	2172	515	4087	2817	610	2088	2219	4096	3810	3677	1328	2292	2038	780	1905	3115	2460	546	3052	3959	267	3051	2373	2241	4061	3564	171	3025	2223	3646	626	3875
4093	1791	603	1008	90	855	1257	1520	1121	2861	1396	1369	3237	2119	3090	1501	395	2377	1573	1099	1588	3899	3185	415	491	3485	1904	1762	4024	1123	1961	2232	3392	858	4076	917	1617	1813	3040	791	306	4044	1533	1222	270	2383	2470	2928	2981	2635	3979	3561	1289	398	3031	1415	1908	2096	2962	4026	673	3253	680	2545	689	2094	3810	4096	2397	3550	1574	2738	3032	2070	2216	180	3020	318	397	2604	4017	2089	1834	1970	1601	2720	1474	885	3375	2000	3108
105	239	462	2291	1609	1253	3193	2947	2345	2619	90	563	1605	2735	4018	3721	2570	3813	2355	4055	2443	1175	2481	2065	2684	3325	3474	3857	3863	90	4041	1116	1470	543	1393	1432	3768	3822	3291	2435	1893	3484	3319	655	2016	3783	2974	1093	2603	612	2576	1038	122	2859	319	3513	1836	789	100	2913	3935	2659	2341	1098	3749	2180	3677	2397	4096	3453	2114	4094	3165	3060	3916	3666	2416	3067	1157	3510	2067	1419	3073	2113	2579	1160	2722	3364	3049	1874	1032
2975	636	1717	3194	1136	2403	3491	1583	1940	2309	1582	2206	1705	1884	2543	90	803	3427	2421	3902	3512	2709	1944	3893	308	198	1269	2194	3112	439	2123	2803	3507	3860	1774	1055	797	528	3802	3407	457	3572	3120	4064	1018	2361	492	2657	1841	4033	3339	500	2004	2082	3767	3135	2381	149	95	2541	1314	3455	2244	1801	2356	3443	1328	3550	3453	4096	3008	191	3088	750	850	1212	1305	310	2578	1480	3219	3305	918	2668	1881	226	2056	4058	1596	3544	129
1934	672	1512	930	2248	2527	585	3137	666	2651	1988	2547	776	2622	823	1066	391	2060	3118	1214	2838	3523	2580	2953	2217	3189	4020	2907	2452	4004	3584	2289	1871	2563	1939	1844	227	1423	1877	3695	2876	1865	586	3627	4089	2559	1050	290	3966	2254	1750	687	2372	2514	3159	1249	2957	3121	2040	3041	1062	1407	4052	3362	923	1647	2292	1574	2114	3008	4096	436	1259	90	3435	2500	3256	1849	3743	2554	3682	2731	2009	3738	3495	3097	1228	3013	2503	1802	1003
2716	621	954	651	207	3620	2427	1229	2168	3853	3542	810	1080	1973	177	1281	2593	1864	3805	446	2588	648	3021	406	2333	1666	3241	1277	2612	3094	1716	486	3243	90	1741	3841	394	1065	111	578	3098	2436	1699	2710	1211	732	1451	1661	2682	2574	1137	3156	3389	719	3363	3245	1024	3035	975	1295	3476	1895	3836	4032	4095	1044	2038	2738	4094	191	436	4096	376	2717	3710	3126	2792	3178	3297	145	1030	692	1616	2483	1310	2389	3815	3191	1655	2037	1658
2112	3481	2054	3322	2281	4048	2701	2200	766	475	3753	3313	2395	1530	2202	1373	1357	1360	2378	1320	3429	1754	2600	1712	1777	459	437	3050	601	1293	1967	1634	1976	195	2623	4092	3636	2835	2032	334	1031	3340	1496	723	442	3896	799	3593	705	1306	3058	760	3865	1471	1452	588	2652	1594	1117	3952	278	2398	2314	3151	3318	256	780	3032	3165	3088	1259	376	4096	238	549	3630	3187	3897	3142	90	2454	1336	480	3621	1299	1479	3342	1130	3956	3709	3269
1170	911	2280	3577	3128	1698	488	1913	3116	2344	485	2212	2863	2179	1714	2990	2577	1953	2996	2441	1833	244	90	1230	3345	257	1951	2044	2929	2075	2952	2826	617	1172	3140	695	3456	3289	1115	4028	172	3816	1932	3250	2367	690	421	1056	1107	841	722	3560	1514	2768	222	1287	2712	1489	3216	2444	2413	3003	3657	3616	1606	846	1905	2070	3060	750	90	2717	238	4096	904	830	1132	2994	1227	2429	2926	3590	1195	2831	3141	3990	2011	3268	197	1114	2304
1392	3109	679	1823	839	1854	1084	3888	637	1394	3248	2969	231	1086	392	1322	2207	3545	3368	786	3384	2801	223	2146	3574	1551	654	2331	183	1508	2283	998	2695	2496	2846	3804	2778	894	2288	2553	570	1207	3153	3417	2961	240	1671	174	1930	1405	4014	1998	3603	3867	90	1125	3044	90	606	2362	234	3660	1523	1460	90	2384	3115	2216	3916	850	3435	3710	549	904	4096	298	2136	3900	1619	1980	3780	3826	1565	2376	279	2036	4079	285	2401	3204	1468
3294	1997	1007	2471	2186	2125	640	860	1110	1077	3081	2390	3138	3408	3928	2183	929	2605	1567	2414	677	2321	1351	2932	961	3546	622	2211	2615	2998	3829	484	2147	676	2187	1860	3670	112	3771	2140	1258	103	2097	1541	3101	2290	1703	156	200	2776	1974	925	1554	2737	90	90	3541	1996	3172	2741	3786	3146	1515	3516	2225	1475	2460	180	3666	1212	2500	3126	3630	830	298	4096	1390	3575	3876	2759	2086	3733	504	2257	1490	1199	537	271	2885	2597	525
1371	3063	3299	3835	3583	1190	363	3567	819	635	3898	1731	3223	1330	2236	3026	3563	2411	2899	2897	127	4049	255	3832	1744	849	721	3034	1303	3183	1417	3402	2305	282	2078	247	368	1109	2860	420	2346	90	2374	777	2855	341	185	3053	970	3323	1224	90	3676	90	3834	1440	1702	910	2415	2692	1651	1869	1167	495	739	3634	546	3020	2416	1305	3256	2792	3187	1132	2136	1390	4096	1650	3700	4005	3458	4082	1010	1087	1327	147	3576	3927	2157	3998	2046
898	1404	1843	3687	2253	3791	370	620	1547	1664	90	3207	1290	1000	1210	254	90	2582	908	3302	307	117	3828	643	3557	3948	2510	2583	1562	1119	288	3737	1683	2360	1779	2006	204	4088	828	1528	3773	90	3647	3376	338	650	1226	3540	2442	3426	1255	1500	1889	440	3451	3175	2723	2531	90	201	2066	2680	2940	2079	2869	2457	3052	318	3067	310	1849	3178	3897	2994	3900	3575	1650	4096	2461	2945	1635	686	2489	1437	1631	2726	3403	827	1815	2782	3263
2010	737	2438	657	928	3830	1358	3718	3228	353	2093	1656	2233	2799	1578	1359	3538	1695	1485	90	130	4086	1308	678	1862	3303	1902	2691	2958	629	3887	717	619	787	1318	978	1217	540	3610	577	2772	3681	1382	3503	476	1118	1765	711	2749	1839	1706	1282	3117	1425	1009	3460	2156	3404	3939	1459	2017	2705	1941	1809	1613	1837	3959	397	1157	2578	3743	3297	3142	1227	1619	3876	3700	2461	4096	790	3105	3454	2204	2853	1346	2071	472	1821	2815	730	2175
926	2667	2703	2053	153	427	669	518	2887	1183	880	1778	90	1074	2972	511	3954	3227	2417	90	2412	826	3911	3190	936	2690	1028	133	1182	242	2567	1129	1173	90	1654	3431	2630	882	1403	2693	1880	759	1789	590	1048	3912	1722	2524	1177	1100	1158	2258	1286	3947	984	2931	2302	3913	939	1288	2666	702	712	535	324	818	267	2604	3510	1480	2554	145	90	2429	1980	2759	4005	2945	790	4096	217	1104	2188	2227	3608	167	3047	3600	2153	3973	3317
3136	3162	1677	3862	451	1878	1642	1740	390	2973	733	3027	494	3496	186	2530	2324	3254	2437	1046	1950	120	3568	1591	529	4001	630	2773	3925	3382	2902	2214	1652	249	1720	2968	1693	3274	2736	2765	152	3658	1326	3215	890	950	1960	1984	346	2404	2571	2490	1948	4078	2984	4029	524	718	471	426	3161	3457	2856	90	1735	2641	3051	4017	2067	3219	3682	1030	2454	2926	3780	2086	3458	1635	3105	217	4096	3272	2264	1323	3209	1505	1758	2734	3650	380	947
1942	3409	1131	1444	2930	1140	248	1076	3745	2674	3732	694	3196	3329	2499	2843	2602	2702	989	2513	3310	1162	3075	3446	1830	265	1495	3048	2312	2966	2260	1757	1887	2193	90	2750	2505	2925	118	2440	1063	109	3806	1272	656	3069	3770	564	3872	1261	3914	1325	2645	953	1983	1766	809	647	2103	1246	660	2432	2816	1915	1818	3279	2373	2089	1419	3305	2731	692	1336	3590	3826	3733	4082	686	3454	1104	3272	4096	2854	609	422	3298	554	1025	3702	3468	2699
1411	3723	1184	4021	2568	1040	3270	2813	2239	2647	3562	225	1910	824	2343	742	1094	3439	2486	667	3335	3139	2753	90	3613	2151	870	3235	90	1072	1907	1399	2310	2627	269	424	2434	4040	3195	3062	468	2921	411	2382	3615	418	867	2715	2873	3012	1201	208	2904	1840	3606	2135	1412	2447	1663	2884	2640	1311	1696	3290	3314	708	2241	1834	3073	918	2009	1616	480	1195	1565	504	1010	2489	2204	2188	2264	2854	4096	449	2825	536	2077	999	90	859	2464
632	1680	1812	1763	3686	2689	697	2161	817	1159	2269	90	831	2877	4046	2015	2299	3110	3462	3306	3326	3331	731	466	1375	969	4056	2955	3005	4023	94	337	1356	2617	3696	372	1681	2970	1278	3937	1629	741	3965	465	3730	2995	1727	3624	2650	716	1292	1987	2625	1808	2388	3234	3951	565	3595	3582	3680	1142	3839	2045	3790	2561	4061	1970	2113	2668	3738	2483	3621	2831	2376	2257	1087	1437	2853	2227	1323	609	449	4096	3465	3354	2221	875	2347	1185	3644
448	3154	523	1748	3895	1626	3470	3472	1135	3569	1999	552	1556	1566	1584	1931	1169	3437	3759	3859	2150	639	330	1332	3309	2465	3482	332	3693	3854	973	4081	2173	3447	2644	594	2220	2208	1343	2552	3356	1866	2210	2916	2564	435	3923	3556	2142	2450	1498	3010	1561	1013	534	3414	482	3442	2595	90	1067	3177	902	2042	3260	3330	3564	1601	2579	1881	3495	1310	1299	3141	279	1490	1327	1631	1346	3608	3209	422	2825	3465	4096	3585	273	906	3994	1806	4070
1443	1348	3398	1406	1153	1807	1035	3972	746	3661	1454	1384	2085	188	1441	675	1453	2178	922	2171	781	3125	952	1395	3397	3509	3239	3361	616	3413	194	3450	1604	813	2231	220	367	624	3581	3502	3358	4065	90	1280	2195	443	2201	3663	1701	2837	3002	4068	1586	3711	1923	300	2646	1416	714	1344	1341	375	371	2939	416	189	171	2720	1160	226	3097	2389	1479	3990	2036	1199	147	2726	2071	167	1505	3298	536	3354	3585	4096	1089	2508	428	878	1589
782	90	490	2810	1413	2396	1678	1156	1274	2050	2484	2127	874	2685	3522	108	2256	1858	181	3631	4006	2100	3203	3328	90	360	1020	2523	2828	3469	3071	754	2468	693	1267	1002	1192	3494	1668	734	512	2948	1730	90	522	1436	90	751	2243	2352	313	2845	2098	251	1759	366	114	1798	2418	1737	1549	744	1291	3390	3280	1126	3025	1474	2722	2056	1228	3815	3342	2011	4079	537	3576	3403	472	3047	1758	554	2077	2221	273	1089	4096	2626	3820	3968	1507
2760	352	262	2048	581	162	3119	1179	3267	2141	3312	2400	2492	1225	2380	893	3055	1193	2087	762	245	2263	3993	2879	3989	3505	90	521	3679	2539	317	2779	2732	2456	1856	4067	3955	1073	3944	1022	1572	1709	2586	3395	2643	683	2829	932	2101	2721	3238	1422	1191	955	2419	3124	1421	1484	2991	2511	1262	845	1614	134	956	1972	2223	885	3364	4058	3013	3191	1130	3268	285	271	3927	827	1821	3600	2734	1025	999	875	906	2508	2626	4096	2802	3393	281
1964	3689	4075	3018	93	98	1780	454	216	557	1042	2847	812	3079	2064	1971	3492	2823	3292	3499	3514	2590	1831	896	2936	3602	90	228	2880	364	3373	2177	3726	1476	1711	4073	2804	796	3933	4047	287	671	2841	963	2326	3257	3892	3750	144	260	2740	1838	2276	2560	2301	1367	3158	798	1550	2115	2506	3337	901	113	2327	453	3646	3375	3049	1596	2503	1655	3956	197	2401	2885	2157	1815	2815	2153	3650	3702	90	2347	3994	428	3820	2802	4096	642	1648
333	1783	1570	3155	168	1921	1027	150	3174	3379	1633	1297	801	1430	1672	891	879	139	1752	1279	1559	2357	2063	2189	90	138	2249	2824	303	104	2870	2751	1469	3346	2964	1643	3949	553	125	1968	3320	493	684	3007	2043	2353	3808	3983	914	1697	2979	124	2796	233	3149	2332	2164	3311	572	2535	3171	3845	2271	292	344	99	626	2000	1874	3544	1802	2037	3709	1114	3204	2597	3998	2782	730	3973	380	3468	859	1185	1806	878	3968	3393	642	4096	1012
2334	219	2982	942	1569	2478	2238	3144	2029	3714	2148	2083	735	1071	1814	157	1912	505	3056	548	3943	806	3416	808	1047	3477	137	2711	3360	971	90	3282	90	1602	3449	213	2402	2746	107	3324	1248	3166	3803	173	2675	3420	2273	3344	2555	2399	3547	1011	1873	3597	1037	1532	3812	1842	3668	773	2919	3366	2941	4019	3855	209	3875	3108	1032	129	1003	1658	3269	2304	1468	525	2046	3263	2175	3317	947	2699	2464	3644	4070	1589	1507	281	1648	1012	4096
