821	217	222	51	209	487	184	503	530	139	692	56	40	58	150	574	532	772	720	205	182	653	250	771	690	421	531	128	543	350	524	393	568	40	152	171	552	806	795	700	328
217	821	415	583	717	746	614	247	365	705	814	346	726	305	435	491	713	397	589	430	619	551	40	313	417	414	499	129	333	116	104	176	326	327	40	191	120	141	227	367	460
222	415	821	654	716	697	774	40	165	650	762	776	559	708	640	309	349	169	735	233	534	241	450	306	730	437	44	81	436	773	440	163	628	351	315	579	118	536	70	40	687
51	583	654	821	466	623	40	413	647	235	812	119	343	50	497	373	73	703	506	500	502	244	605	364	106	801	434	339	787	537	682	267	458	234	454	102	41	522	535	555	751
209	717	716	466	821	738	791	456	648	611	546	443	780	734	181	360	175	198	609	719	303	789	242	302	540	98	467	809	89	810	154	113	394	40	519	560	348	709	699	110	378
487	746	697	623	738	821	287	178	159	807	710	578	799	385	138	765	40	556	514	179	229	783	274	355	758	112	752	721	196	164	797	261	769	321	547	335	593	591	613	40	342
184	614	774	40	791	287	821	673	549	254	740	308	232	472	505	784	124	258	463	211	180	99	166	289	684	401	615	587	625	40	317	563	78	40	300	82	238	718	572	693	190
503	247	40	413	456	178	673	821	817	155	510	419	612	616	601	603	416	226	101	40	715	388	146	565	800	550	408	525	584	252	297	186	144	391	722	257	508	475	251	462	407
530	365	165	647	648	159	549	817	821	111	160	263	448	594	728	40	40	107	533	336	512	363	127	40	404	422	426	199	189	411	627	40	298	224	569	187	626	372	729	74	447
139	705	650	235	611	807	254	155	111	821	745	581	676	476	249	761	423	567	666	564	782	332	311	820	675	427	40	680	53	747	390	698	792	461	688	412	377	575	424	212	610
692	814	762	812	546	710	740	510	160	745	821	788	85	362	194	785	595	40	260	484	93	192	701	446	704	477	651	753	283	402	465	737	40	320	334	202	607	691	669	742	357
56	346	776	119	443	578	308	419	263	581	788	821	657	122	585	468	455	486	40	592	796	386	643	147	84	275	554	185	778	49	529	445	136	678	142	649	137	674	262	80	290
40	726	559	343	780	799	232	612	448	676	85	657	821	733	213	201	356	214	92	621	511	48	374	702	206	231	485	266	403	492	638	642	444	816	590	117	353	811	79	624	95
58	305	708	50	734	385	472	616	594	476	362	122	733	821	219	602	236	280	42	566	679	808	655	96	750	749	570	586	40	387	100	622	714	770	474	323	686	767	319	109	284
150	435	640	497	181	138	505	601	728	249	194	585	213	219	821	285	237	195	744	480	755	121	433	453	133	134	248	432	40	449	57	790	359	368	40	64	246	255	469	243	153
574	491	309	373	360	765	784	603	40	761	785	468	201	602	285	821	65	685	756	278	167	452	694	314	379	173	162	200	188	706	665	87	329	724	296	451	361	130	464	664	337
532	713	349	73	175	40	124	416	40	423	595	455	356	236	237	65	821	221	115	330	220	293	479	671	493	210	504	62	43	409	668	544	40	282	494	418	498	94	478	310	69
772	397	169	703	198	556	258	226	107	567	40	486	214	280	195	685	221	821	542	265	228	517	318	264	741	557	281	507	660	177	739	683	663	516	382	108	727	279	292	798	634
720	589	735	506	609	514	463	101	533	666	260	40	92	42	744	756	115	542	821	759	66	481	230	273	520	794	40	805	345	731	395	299	548	271	527	490	83	483	803	617	689
205	430	233	500	719	179	211	40	336	564	484	592	621	566	480	278	330	265	759	821	488	545	766	528	754	157	760	270	635	67	40	344	123	768	620	656	473	804	541	358	197
182	619	534	502	303	229	180	715	512	782	93	796	511	679	755	167	220	228	66	488	821	77	775	316	431	126	658	636	91	68	375	786	600	667	225	526	712	400	580	304	40
653	551	241	244	789	783	99	388	363	332	192	386	48	808	121	452	293	517	481	545	77	821	322	633	352	645	515	406	815	76	582	757	72	763	641	277	40	513	711	40	40
250	40	450	605	242	274	166	146	127	311	701	643	374	655	433	694	479	318	230	766	775	322	821	441	240	598	256	54	606	764	630	203	55	573	97	253	571	518	324	103	340
771	313	306	364	302	355	289	565	40	820	446	147	702	96	453	314	671	264	273	528	316	633	441	821	399	681	295	652	40	371	193	131	269	599	707	149	428	272	618	331	672
690	417	730	106	540	758	684	800	404	675	704	84	206	750	133	379	493	741	520	754	431	352	240	399	821	40	268	438	748	659	63	725	218	52	743	338	608	695	523	183	40
421	414	437	801	98	112	401	550	422	427	477	275	231	749	134	173	210	557	794	157	126	645	598	681	40	821	172	539	420	90	670	389	732	86	723	777	325	174	75	158	577
531	499	44	434	467	752	615	408	426	40	651	554	485	570	248	162	504	281	40	760	658	515	256	295	268	172	821	509	538	40	384	60	398	46	471	482	45	501	736	341	496
128	129	81	339	809	721	587	525	199	680	753	185	266	586	432	200	62	507	805	270	636	406	54	652	438	539	509	821	294	312	366	114	392	661	677	370	813	558	380	40	61
543	333	436	787	89	196	625	584	189	53	283	778	403	40	40	188	43	660	345	635	91	815	606	40	748	420	538	294	821	47	637	802	132	576	696	135	459	381	779	156	161
350	116	773	537	810	164	40	252	411	747	402	49	492	387	449	706	409	177	731	67	68	76	764	371	659	90	40	312	47	821	383	40	442	495	125	818	644	239	604	793	819
524	104	440	682	154	797	317	297	627	390	465	529	638	100	57	665	668	739	395	40	375	582	630	193	63	670	384	366	637	383	821	562	376	170	59	215	369	286	639	553	470
393	176	163	267	113	261	563	186	40	698	737	445	642	622	790	87	544	683	299	344	786	757	203	131	725	389	60	114	802	40	562	821	71	276	781	40	301	291	354	662	631
568	326	628	458	394	769	78	144	298	792	40	136	444	714	359	329	40	663	548	123	600	72	55	269	218	732	398	392	132	442	376	71	821	288	148	151	629	646	216	410	245
40	327	351	234	40	321	40	391	224	461	320	678	816	770	368	724	282	516	271	768	667	763	573	599	52	86	46	661	576	495	170	276	288	821	632	597	208	40	425	307	521
152	40	315	454	519	547	300	722	569	688	334	142	590	474	40	296	494	382	527	620	225	641	97	707	743	723	471	677	696	125	59	781	148	632	821	457	223	204	40	140	561
171	191	579	102	560	335	82	257	187	412	202	649	117	323	64	451	418	108	490	656	526	277	253	149	338	777	482	370	135	818	215	40	151	597	457	821	105	588	396	207	143
552	120	118	41	348	593	238	508	626	377	607	137	353	686	246	361	498	727	83	473	712	40	571	428	608	325	45	813	459	644	369	301	629	208	223	105	821	347	439	88	259
806	141	536	522	709	591	718	475	372	575	691	674	811	767	255	130	94	279	483	804	400	513	518	272	695	174	501	558	381	239	286	291	646	40	204	588	347	821	405	168	145
795	227	70	535	699	613	572	251	729	424	669	262	79	319	469	464	478	292	803	541	580	711	324	618	523	75	736	380	779	604	639	354	216	425	40	396	439	405	821	596	429
700	367	40	555	110	40	693	462	74	212	742	80	624	109	243	664	310	798	617	358	304	40	103	331	183	158	341	40	156	793	553	662	410	307	140	207	88	168	596	821	489
328	460	687	751	378	342	190	407	447	610	357	290	95	284	153	337	69	634	689	197	40	40	340	672	40	577	496	61	161	819	470	631	245	521	561	143	259	145	429	489	821
