5051	2475	3981	958	4670	3929	4107	4781	1968	1757	2954	1793	1711	1089	2248	2305	2741	1335	686	3016	2538	3976	432	4561	4663	3426	3031	2981	2951	708	431	2919	216	936	2462	3051	100	2488	2365	961	4097	1627	4117	3818	4072	2768	2394	1958	4172	2979	4689	3636	1031	4199	3098	4191	4783	3147	1406	4456	3055	100	4830	1463	317	4954	2705	3952	4170	3475	2986	1914	1778	3327	4163	2099	2891	4375	3404	4399	3229	3373	2872	1771	1960	1205	2485	4741	3339	580	3804	3516	3104	4478	2528	4341	2558	3533	4777	1957	2364
2475	5051	150	2910	4969	1384	100	4247	159	4711	959	3997	2745	834	421	4104	4070	3449	4731	3117	2804	1462	1107	2374	299	2146	3867	4389	2889	2433	1120	100	2329	4838	2111	815	3440	3948	1554	2195	4604	4110	3703	3764	1809	3299	833	3198	4177	273	3502	4918	285	2451	2246	2312	4631	1802	1969	1146	4827	4575	4852	470	3955	612	1918	3829	795	4032	2974	3793	2354	2606	4004	3651	4789	622	3256	2125	1345	2094	4627	2637	1652	2626	1511	1632	3164	2443	1491	3759	1302	408	4121	2143	1639	4486	1238	511	963
3981	150	5051	5030	3213	2345	2092	402	1410	2417	2806	978	4011	1258	798	4724	644	647	4418	1768	4386	4130	2848	3074	3648	3365	1855	1807	915	2927	4041	4911	3052	4470	358	2115	2753	481	832	4630	4413	100	458	4057	701	837	4589	2630	2358	704	2738	3263	1846	3877	1730	4304	1827	4878	3666	4818	323	2629	2670	2298	816	782	2788	3872	1044	4965	338	3681	4131	2006	604	2372	3326	4013	2778	1560	1419	3501	122	4745	3062	4346	3457	4859	2090	1402	3169	1317	2841	2549	3061	964	636	3012	3633	4440	3795
958	2910	5030	5051	100	1700	100	5033	2436	1404	493	2519	3417	2952	3174	2303	495	1407	3604	5010	3288	3247	110	3711	3520	4335	1529	4299	236	4398	2113	205	3272	315	712	1187	4120	2104	4598	2326	785	574	981	802	1596	100	3530	2807	103	531	1472	1497	3941	3770	3342	1498	702	683	2145	4576	608	2794	1892	100	3447	696	1284	783	1677	492	3972	707	848	3355	100	2359	2886	4016	3090	1908	1134	100	3909	4147	2769	1378	1029	1380	2599	3319	3081	3445	1690	1944	4935	901	3969	4454	4003	3765	5018
4670	4969	3213	100	5051	3411	2874	843	3942	4948	1772	4216	3679	3908	3852	4139	3308	899	1530	570	3106	4826	2573	2268	199	2459	2743	1194	3163	753	3960	5001	4448	287	3752	257	2659	1024	2729	4105	278	4520	830	2744	1832	1567	4369	2980	2141	551	2921	4095	4332	1045	2453	1298	3313	2556	485	201	1133	510	2702	152	628	100	2879	2393	3009	4281	2945	1645	3034	3524	4367	4276	3643	3531	3480	3349	1750	1191	2552	1977	4571	564	659	4400	1334	1192	368	4523	1288	1287	4226	3092	4817	356	4390	3988	4025
3929	1384	2345	1700	3411	5051	4371	3538	860	1591	3616	2295	3396	3041	3481	4805	3245	3386	426	2444	3790	3567	2864	4289	4833	738	3178	913	929	1226	2290	2563	2124	4047	116	1828	1725	4762	3619	2795	4550	2636	4213	2234	2571	1053	3824	2126	3307	1373	668	4022	2914	3926	2536	718	4010	4872	3013	4555	2390	4193	156	109	3235	3612	1386	3733	4380	385	1785	1503	658	751	2762	547	1201	4765	3999	4527	3434	2916	2064	1073	3548	1383	345	2230	1422	4225	1455	616	1296	3156	1548	796	1077	100	3659	2978	3989
4107	100	2092	100	2874	4371	5051	1854	4500	554	281	3973	2938	4887	919	5000	3669	2224	548	4062	3370	1401	2001	3162	2004	4842	4153	1189	2767	232	100	2002	225	233	4142	3199	3871	3529	2776	2572	1409	3837	613	2714	826	3367	2127	2732	4274	3841	1803	1315	1482	746	614	4730	169	1551	1489	2740	4450	4101	2608	5047	3689	896	2103	569	2663	2603	2239	1799	1283	1594	3155	4608	1094	1496	1252	1095	1967	4063	2609	4835	4241	1047	1667	1289	3202	3310	3204	2842	2299	3620	213	1185	491	804	3080	2627	4482
4781	4247	402	5033	843	3538	1854	5051	1141	1980	223	1485	1300	571	1788	2100	3962	2282	1346	1210	4909	3274	3036	2435	4725	764	1597	4829	1606	3924	3190	303	3639	333	2186	1372	627	1713	1867	3388	194	4497	4644	4543	4720	4552	2310	3369	4960	1601	1698	1242	2547	228	100	3500	851	2941	911	3033	560	2286	1339	4519	2734	4961	4840	3788	778	2201	3649	2935	1602	1888	4618	1787	3423	943	881	403	384	1733	4538	2494	2181	1609	4218	2397	1519	934	2593	2380	4959	4879	217	619	4018	4851	4544	2159	921
1968	159	1410	2436	3942	860	4500	1141	5051	1927	2628	601	4681	1990	3725	2868	2206	1642	3575	3437	3018	3596	3037	2175	660	1149	413	2189	2931	1844	3638	496	2529	4381	4855	100	4160	2410	311	2361	555	4403	4780	550	1583	3442	4040	630	3894	3937	2148	3251	2649	1648	4659	2892	3260	4557	1314	4658	1665	703	781	4641	752	3054	3368	100	1301	472	1732	690	1943	1862	1200	4307	3141	4967	3086	3385	2301	1241	1062	1550	3152	4580	1724	4089	4660	2330	100	3153	2551	2781	3024	1469	2909	1312	2472	3663	939
1757	4711	2417	1404	4948	1591	554	1980	1927	5051	2836	4973	1764	5027	2759	2215	1431	2934	1137	5050	514	3000	877	4886	2077	3777	1626	1995	2356	4214	1391	4792	2406	652	3698	4854	4144	2352	709	2167	158	3863	3468	1091	4847	4469	1545	2225	209	1707	4080	2620	4039	3418	2091	1574	1173	4322	1413	4763	2271	4514	4083	4021	2542	4222	2297	1617	3560	4431	2276	4198	4445	4679	1083	3827	2779	828	4584	2117	2623	1236	4073	4992	3334	3047	1430	100	3889	643	1131	3496	3597	2866	3665	4706	3358	1040	461	997	3890
2954	959	2806	493	1772	3616	281	223	2628	2836	5051	3154	1509	590	2454	4808	4606	4884	336	4146	3517	2052	3571	1181	279	1167	1163	4874	672	2070	3706	3101	3150	4267	3391	3140	4625	637	4713	3886	1912	2685	4811	4936	1735	2110	3466	2078	2531	3333	4051	100	4455	3265	270	3002	4522	3712	1157	1748	2061	1731	2300	3435	101	1483	3410	1878	1535	1394	3076	4392	100	3003	1034	3882	2993	1132	1342	2209	2967	2877	2750	4034	4998	375	2177	2883	5004	425	440	1411	4917	4064	2019	528	4122	100	4654	3389	4661
1793	3997	978	2519	4216	2295	3973	1485	601	4973	3154	5051	1102	4490	100	873	1783	3267	4208	1182	906	4480	443	1762	1052	1115	556	3312	4356	4737	2007	1744	2928	2805	248	1921	406	2869	2604	4074	1984	996	2057	3936	3791	2350	3338	1246	1278	4181	295	2037	3652	1037	4650	4867	4243	4092	1524	3183	3451	3785	100	366	2034	3485	1656	3641	817	1741	4489	2191	1718	2318	1849	4436	861	161	141	3498	1153	4749	1777	3798	1126	2559	4237	2192	4821	2833	2089	100	1604	4521	4355	4988	100	1999	1705	1477	1558
1711	2745	4011	3417	3679	3396	2938	1300	4681	1764	1509	1102	5051	1931	618	5019	1589	3177	558	2772	1820	2283	3781	2182	3130	1168	3744	388	829	5049	1905	4871	1039	204	2973	2534	2190	2940	534	2643	1819	2793	290	1124	2742	3519	1638	1305	3658	2109	451	2450	895	2327	3931	867	623	4696	4738	2515	4195	3021	3195	3522	2072	4182	2898	2602	1982	2388	138	1020	4327	4761	2467	1398	100	3458	2044	567	2132	4114	1420	4261	2696	3165	4796	4426	3119	4753	902	2166	4674	3917	1306	1009	3022	1429	1985	3512	407
1089	834	1258	2952	3908	3041	4887	571	1990	5027	590	4490	1931	5051	2227	3376	713	2236	1393	473	1064	2708	999	1365	1584	3470	2487	2757	2264	2302	3294	3654	195	3657	1439	3542	4269	422	2150	1709	2761	100	1382	1461	2597	3295	685	1018	3205	3255	1374	2139	4343	4404	5036	1631	2614	3015	306	4132	3773	4846	4061	4839	898	2520	677	2341	3536	3079	4719	471	2859	3944	522	3950	1673	3290	4192	3335	1577	3020	1579	992	544	4728	2269	4798	4848	2975	1622	4947	1392	4569	4760	238	3248	1223	1791	925	2517
2248	421	798	3174	3852	3481	919	1788	3725	2759	2454	100	618	2227	5051	1279	477	4268	2114	2503	3799	615	100	1448	4118	4680	4190	3920	664	2075	4099	2370	4438	1061	852	2786	1716	100	2033	4115	3573	3401	2164	147	4876	4596	2672	1603	4890	3228	1190	1948	4607	2473	4975	2568	3724	3060	167	100	2775	3120	480	4232	4096	4908	2081	2822	3384	4691	297	3486	790	714	4505	5009	2502	100	4259	3865	2617	3393	2867	1907	956	1217	2382	4223	2557	4425	3783	200	1794	4758	100	100	4559	4578	2419	3427	1543
2305	4104	4724	2303	4139	4805	5000	2100	2868	2215	4808	873	5019	3376	1279	5051	3450	1135	1027	2112	4058	588	1826	1438	2142	697	4692	4443	2481	3809	2832	168	2880	399	553	4877	3713	175	467	4395	1265	1248	4801	3275	1082	2897	1822	2116	4714	3899	100	1005	2918	1633	737	849	1069	2254	1230	2995	3372	1629	111	4479	1664	4587	2907	2469	2073	3066	1573	1361	2039	2348	600	4651	3109	4230	879	3720	4610	4197	3738	3305	377	4250	4233	1368	572	987	4449	4228	2976	4845	4424	4649	655	2962	3688	3286	3300
2741	4070	644	495	3308	3245	3669	3962	2206	1431	4606	1783	1589	713	477	3450	5051	4474	2238	2086	2601	3716	3585	2353	1355	546	4836	3912	3994	773	3006	2648	3705	2000	3754	4136	4647	3082	1848	3707	4279	2484	4906	1682	2131	3099	4804	1701	4754	3993	1553	2332	3284	3699	3768	3238	4621	797	2966	1607	2817	3990	2562	349	1446	871	2198	827	2074	100	351	990	1254	231	1775	3302	1710	1976	4365	3726	1520	1866	530	1939	2758	762	2984	100	1321	4251	5002	316	908	4897	4885	967	1019	3225	4831	4184	1233
1335	3449	647	1407	899	3386	2224	2282	1642	2934	4884	3267	3177	2236	4268	1135	4474	5051	3816	2665	4286	100	2158	3848	2411	3329	2796	3581	1389	4655	822	1065	3118	1850	327	723	960	4498	328	1251	4113	1456	2641	4427	4916	2489	1292	1203	2408	394	1962	4537	1856	2401	1179	675	376	1426	5012	1695	2272	3546	4314	2798	4929	2959	4526	4577	1325	1547	2632	3953	3297	3539	513	4914	4671	506	197	586	768	1754	4238	2600	2752	1889	1973	1893	4966	4359	2229	1320	4129	2197	3347	1769	2307	692	1184	4320	3266
686	4731	4418	3604	1530	426	548	1346	3575	1137	336	4208	558	1393	2114	1027	2238	3816	5051	3324	1099	1662	1506	100	2592	1416	3587	4088	4585	4943	3677	307	2577	1784	2621	115	1150	3763	4008	4881	207	4415	5017	1362	4673	3438	3424	1945	3558	1598	4442	3731	4056	4229	4066	596	2686	894	1487	4548	515	2800	5043	1110	1835	835	4893	3067	1890	2818	1234	4904	3096	157	2827	1447	3856	320	3483	100	252	2514	4539	4860	3246	3949	2965	3977	1570	2724	862	4924	2656	1076	3563	4683	942	730	3340	2543	4201
3016	3117	1768	5010	570	2444	4062	1210	3437	5050	4146	1182	2772	473	2503	2112	2086	2665	3324	5051	3670	2622	1759	2970	3637	144	4528	4795	2560	2185	2715	4154	100	3691	3510	3172	4834	2403	3279	4531	4592	3779	3656	3504	2179	2267	2243	121	1576	4622	2591	595	2261	2432	2498	4102	4194	3958	2719	353	3136	143	1286	4185	441	4277	2780	125	4743	649	437	1935	1541	903	1424	3554	3782	1941	2011	3378	2214	4556	812	3787	2156	2905	682	662	1395	2371	788	3354	3240	3110	1938	2675	4841	1663	2231	2936	1303
2538	2804	4386	3288	3106	3790	3370	4909	3018	514	3517	906	1820	1064	3799	4058	2601	4286	1099	3670	5051	3843	4723	4591	3292	2615	2862	4236	2554	1864	335	490	4311	189	4766	905	1198	3353	775	4439	3755	3761	4568	3414	1842	4688	1614	4477	1825	3902	1586	2010	634	1294	4387	100	392	3881	1534	3729	4791	518	4945	1585	1001	1992	520	4433	912	3403	2482	2834	3399	3579	1537	1692	3747	2545	1715	1737	3589	1127	1637	4705	2465	1505	1689	1932	4675	3273	1920	3951	2347	2335	3769	582	2948	286	3916	3906	1824
3976	1462	4130	3247	4826	3567	1401	3274	3596	3000	2052	4480	2283	2708	615	588	3716	100	1662	2622	3843	5051	3259	2771	3014	3332	4014	813	1442	4956	2997	3264	2727	100	2168	4637	4284	5028	3241	4508	2943	4768	539	2532	1953	1983	498	3939	840	1109	620	4042	501	1936	339	2317	3115	256	219	3943	535	3125	3868	2396	878	1628	651	2105	3144	1734	740	380	846	1229	246	429	2713	4423	2138	957	183	893	909	2220	3380	100	4150	1377	3186	3039	1435	4391	2977	3200	4668	1237	108	971	3042	2088	4786
432	1107	2848	110	2573	2864	2001	3036	3037	877	3571	443	3781	999	100	1826	3585	2158	1506	1759	4723	3259	5051	3550	3673	166	4590	2878	3004	3959	4159	2548	950	229	1780	3219	4995	1752	2828	193	516	4428	179	2782	800	2625	3611	135	724	914	2445	805	2920	280	363	4308	941	3971	2496	758	3592	1215	4036	4861	3622	1770	419	2009	4853	5020	1414	1421	2079	1304	1523	3672	1352	104	1928	314	4183	1956	340	211	357	1026	3893	4345	3252	2709	979	874	3189	3598	3880	1518	3849	1111	1720	2792	3043
4561	2374	3074	3711	2268	4289	3162	2435	2175	4886	1181	1762	2182	1365	1448	1438	2353	3848	100	2970	4591	2771	3550	5051	2493	1281	3392	3723	4472	2810	4980	573	1686	776	132	2008	4203	4406	100	4180	2839	2448	3379	3134	5016	2259	2054	4043	1125	3446	1593	1123	4895	3069	1616	2894	733	2222	4162	2309	2506	187	3105	4481	1030	5025	3184	2085	1147	352	1951	1197	3662	1580	3709	4306	1434	1811	2586	5040	928	1581	3226	4666	2644	4272	100	1998	1611	1881	448	1989	3549	4968	621	3149	3103	393	2233	423	3970
4663	299	3648	3520	199	4833	2004	4725	660	2077	279	1052	3130	1584	4118	2142	1355	2411	2592	3637	3292	3014	3673	2493	5051	2319	100	1059	2722	2017	2747	1204	1330	3735	650	1121	3642	3309	3409	3088	1703	1078	2697	1676	360	190	5005	3258	3810	2546	3888	4280	1929	855	2516	532	2320	4574	3792	4164	3797	100	3201	4023	2136	4434	5042	3331	4446	3124	4748	4354	4353	4722	1213	767	3133	1080	1672	1023	1502	3684	3306	1249	3053	1704	3879	3625	2748	3984	4054	3065	2963	665	3535	4152	5003	845	2576	3836	4978
3426	2146	3365	4335	2459	738	4842	764	1149	3777	1167	1115	1168	3470	4680	697	546	3329	1416	144	2615	3332	166	1281	2319	5051	2994	4997	2555	4227	1225	3617	2285	2249	100	1900	1740	4611	1961	160	4463	2399	749	4905	3161	4695	3328	2553	4540	2912	3980	842	2161	1004	3420	2208	177	2991	1986	178	3346	2036	3102	2018	4350	3049	3692	3583	1815	100	4620	3932	529	2212	497	1776	3471	4499	1388	3187	952	3017	1987	626	4588	4899	4551	667	3113	4397	4248	1797	2038	1183	4317	387	4086	3351	3492	275	2616
3031	3867	1855	1529	2743	3178	4153	1597	413	1626	1163	556	3744	2487	4190	4692	4836	2796	3587	4528	2862	4014	4590	3392	100	2994	5051	1154	439	4693	326	3443	4326	2816	1326	1441	3813	3564	3757	4892	3561	2937	2996	1022	3366	4734	4793	2885	2026	4315	900	2012	3551	771	4623	3035	4809	954	4278	3212	2658	4065	4907	4069	2384	4933	4952	479	4402	2339	4875	4196	4288	3614	4708	4167	1540	3552	354	3864	578	4512	266	864	1247	3413	2118	1963	240	2387	3928	1877	4740	1559	389	2947	1688	2263	1831	890	3910
2981	4389	1807	4299	1194	913	1189	4829	2189	1995	4874	3312	388	2757	3920	4443	3912	3581	4088	4795	4236	813	2878	3723	1059	4997	1154	5051	1789	1952	4242	4045	4205	3462	4135	2902	3621	4517	2638	4586	868	4601	1753	2689	3068	825	3825	3644	272	4600	3983	1316	1816	2321	374	2589	2581	4420	1231	904	1093	4697	1000	4970	1108	3831	4053	4921	4260	2829	2193	3701	2812	1033	2607	100	2904	975	2511	120	888	1035	2871	1028	2486	1924	100	344	4149	3506	3011	3823	1158	4747	4513	2296	1805	3083	2395	3674	4334
2951	2889	915	236	3163	929	2767	1606	2931	2356	672	4356	829	2264	664	2481	3994	1389	4585	2560	2554	1442	3004	4472	2722	2555	439	1789	5051	1494	3499	3463	2706	5023	265	1017	4271	2322	638	820	4739	100	806	3527	1510	2837	3175	5029	1590	5021	4020	312	2097	1369	568	4333	2174	4019	3474	720	5013	4690	3845	4156	607	3946	2845	2040	2655	2255	4634	118	2087	456	1926	1066	717	1138	2654	986	3526	1636	1275	3801	4843	589	2925	3974	2849	1408	1255	3964	1525	3143	3778	4942	3846	1165	2809	3609	3676
708	2433	2927	4398	753	1226	232	3924	1844	4214	2070	4737	5049	2302	2075	3809	773	4655	4943	2185	1864	4956	3959	2810	2017	4227	4693	1952	1494	5051	417	325	1379	3484	1276	2024	2619	1106	3441	359	1991	1659	3303	1214	3070	2059	4206	4767	2154	2369	2784	4726	2701	1954	4287	4866	935	100	1418	3844	4573	2755	4495	924	3093	3675	543	3459	3390	3697	3806	149	475	1310	1810	4702	2651	2693	4757	2266	4171	4071	4685	2471	2911	3193	3786	1814	3325	1786	4302	2958	296	1195	4219	454	3364	2499	3965	585	2316
431	1120	4041	2113	3960	2290	100	3190	3638	1391	3706	2007	1905	3294	4099	2832	3006	822	3677	2715	335	2997	4159	4980	2747	1225	326	4242	3499	417	5051	646	4807	1782	3343	2550	2477	1736	1161	1360	2640	2530	1684	2311	1876	1514	4344	4257	261	2464	1717	5035	3577	1474	579	1400	4703	3214	1399	3160	3316	2058	2704	3967	4638	2754	653	4912	1605	4310	2579	3635	4133	1913	2244	2023	4384	4593	154	4331	581	2840	3839	3774	3572	5008	2389	416	4715	3216	442	676	1916	1542	1798	4665	3444	2590	457	4109	2349
2919	100	4911	205	5001	2563	2002	303	496	4792	3101	1744	4871	3654	2370	168	2648	1065	307	4154	490	3264	2548	573	1204	3617	3443	4045	3463	325	646	5051	2605	973	1280	1837	1250	1055	4006	3026	2682	3091	1067	684	2324	3627	4633	2366	1915	3071	1697	1015	4038	1651	3540	3734	1739	1857	2537	3913	322	681	2250	2171	3776	283	3963	4422	134	293	3690	3464	2765	3767	2041	2030	3402	1079	355	289	2815	2287	1467	2262	245	123	4141	468	100	4506	2219	1337	3317	100	1387	3534	4502	2587	4352	1139	2570
216	2329	3052	3272	4448	2124	225	3639	2529	2406	3150	2928	1039	195	4438	2880	3705	3118	2577	100	4311	2727	950	1686	1330	2285	4326	4205	2706	1379	4807	2605	5051	4920	791	1680	1359	3751	4657	1669	4140	4155	2790	2140	2474	3602	3360	1056	1329	4999	1646	3507	4012	3826	1747	2173	2194	3227	1544	463	2961	1206	1212	151	100	1309	2650	4081	1515	1620	3025	1269	2939	1615	444	2844	1886	3063	2824	1779	2785	1526	3919	583	858	438	3541	2429	1634	3883	3336	2691	4570	1801	687	1085	836	1343	2313	2022	4617
936	4838	4470	315	287	4047	233	333	4381	652	4267	2805	204	3657	1061	399	2000	1850	1784	3691	189	100	229	776	3735	2249	2816	3462	5023	3484	1782	973	4920	5051	3822	4504	100	3478	3855	2344	1117	774	985	2876	2611	1899	1647	1790	4252	260	3040	760	3632	732	4377	364	4572	4776	4898	1351	4401	4524	743	4769	2066	3748	100	1122	1074	4430	3126	4541	452	415	2045	1714	163	5031	4124	1681	2720	3203	4084	3211	4145	2155	255	112	2895	3927	1635	4385	3281	3895	1364	4744	1694	4698	2153	499	1500
2462	2111	358	712	3752	116	4142	2186	4855	3698	3391	248	2973	1439	852	553	3754	327	2621	3510	4766	2168	1780	132	650	100	1326	4135	265	1276	3343	1280	791	3822	5051	2908	489	5044	2763	2730	1470	3112	1947	1841	3876	4648	4411	4896	1143	4265	226	886	2415	1536	100	3168	100	3687	2232	142	4816	100	968	4717	3453	2813	2870	1972	1978	3352	3357	1906	4733	819	2567	1290	3456	3870	1812	3465	2063	4336	1743	744	100	3244	857	1054	3505	1527	1696	3576	4077	4676	379	4672	288	4736	247	130	3921
3051	815	2115	1187	257	1828	3199	1372	100	4854	3140	1921	2534	3542	2786	4877	4136	723	115	3172	905	4637	3219	2008	1121	1900	1441	2902	1017	2024	2550	1837	1680	4504	2908	5051	146	305	1994	3553	2130	3805	2946	1830	4902	2483	3518	4536	1116	889	3494	128	4950	3869	504	930	4962	1344	1227	1706	1366	1655	2814	3772	1657	1239	945	4360	173	3631	4108	427	1353	2218	1101	3179	4270	2165	1328	2924	1528	2438	1323	3745	763	3038	1755	3196	761	1295	892	174	3064	3618	100	2985	3121	2662	164	2998	3753
100	3440	2753	4120	2659	1725	3871	627	4160	4144	4625	406	2190	4269	1716	3713	4647	960	1150	4834	1198	4284	4995	4203	3642	1740	3813	3621	4271	2619	2477	1250	1359	100	489	146	5051	4806	3655	3803	3930	4078	2476	4987	4168	2972	3222	1358	100	4787	3694	2346	557	224	1347	319	3139	3452	706	396	1271	3412	4342	170	3730	3371	1517	1452	512	3898	3249	1348	670	502	2062	1806	1760	2200	3097	3802	1025	4188	4616	3719	4256	4815	2561	1712	3180	3850	2710	3866	100	1556	1113	1136	411	3858	2425	1100	100
2488	3948	481	2104	1024	4762	3529	1713	2410	2352	637	2869	2940	422	100	175	3082	4498	3763	2403	3353	5028	1752	4406	3309	4611	3564	4517	2322	1106	1736	1055	3751	3478	5044	305	4806	5051	3428	3610	2478	624	4883	2884	3671	4756	4813	424	4803	4581	4217	808	2797	4645	1370	2992	786	4594	4774	2624	883	321	5039	2452	2856	4466	640	386	1425	2989	3945	4938	3087	2774	505	3947	1571	1563	462	3224	3116	1965	1327	3544	4944	3151	3239	1728	308	4079	1910	1507	4312	2207	433	4033	3345	3607	1262	748	239
2365	1554	832	4598	2729	3619	2776	1867	311	709	4713	2604	534	2150	2033	467	1848	328	4008	3279	775	3241	2828	100	3409	1961	3757	2638	638	3441	1161	4006	4657	3855	2763	1994	3655	3428	5051	654	2820	106	1993	1375	1575	129	4157	2333	100	1235	594	447	4221	2490	4364	4002	2108	318	5046	1403	1043	803	2838	2385	993	1691	391	2360	503	180	482	3223	711	3473	4285	695	1297	2491	2147	2463	3048	940	4770	2507	2304	2031	2428	1081	2673	3756	1949	4880	1895	1678	202	4919	1088	521	2495	4240	3282
961	2195	4630	2326	4105	2795	2572	3388	2361	2167	3886	4074	2643	1709	4115	4395	3707	1251	4881	4531	4439	4508	193	4180	3088	160	4892	4586	820	359	1360	3026	1669	2344	2730	3553	3803	3610	654	5051	4788	4931	4050	4930	1103	1057	4212	3127	3482	372	1479	3406	2379	1156	2521	1874	955	4751	3056	2578	100	4231	1661	4925	4682	3566	3922	4790	853	4986	1104	951	1746	2151	298	2265	347	3992	2270	3878	4979	3901	2029	2216	2770	3194	100	1613	2050	4602	3741	3114	4509	4599	1243	4137	787	4735	606	542	3873
4097	4604	4413	785	278	4550	1409	194	555	158	1912	1984	1819	2761	3573	1265	4279	4113	207	4592	3755	2943	516	2839	1703	4463	3561	868	4739	1991	2640	2682	4140	1117	1470	2130	3930	2478	2820	4788	5051	2196	2595	2513	4701	2969	3819	3422	2674	642	435	4026	648	1257	3918	2338	3728	1566	1459	3847	1481	3108	3095	4939	2373	2594	3382	3508	2014	2583	4297	2639	1898	3472	1852	100	410	4328	4530	3431	274	3605	3032	2957	2342	1988	2610	801	3045	4414	1216	747	3968	4468	4166	859	1592	2456	4372	4511	876
1627	4110	100	574	4520	2636	3837	4497	4403	3863	2685	996	2793	100	3401	1248	2484	1456	4415	3779	3761	4768	4428	2448	1078	2399	2937	4601	100	1659	2530	3091	4155	774	3112	3805	4078	624	106	4931	2196	5051	3646	2334	2449	507	4727	1970	2242	3682	367	1885	4949	1166	1397	373	793	1460	972	362	331	2280	3717	2466	259	3532	4802	1075	4507	244	3210	1464	4075	1872	645	1390	1904	436	4746	136	2205	947	3050	4832	1625	100	4640	1821	474	4123	310	3807	1955	4044	1946	4628	2120	1897	721	4224	3854
4117	3703	458	981	830	4213	613	4644	4780	3468	4811	2057	290	1382	2164	4801	4906	2641	5017	3656	4568	539	179	3379	2697	749	2996	1753	806	3303	1684	1067	2790	985	1947	2946	2476	4883	1993	4050	2595	3646	5051	916	4441	4849	537	4707	4457	397	412	1322	162	4579	3188	4467	3528	100	2664	1220	2458	1595	4374	313	863	3236	2721	100	4560	341	4937	1036	3875	844	576	494	3727	4613	1144	2544	4732	230	2926	2446	2596	1266	2367	4709	3146	220	3784	1363	3568	398	1264	3311	250	277	2284	1654	1726
3818	3764	4057	802	2744	2234	2714	4543	550	1091	4936	3936	1124	1461	147	3275	1682	4427	1362	3504	3414	2532	2782	3134	1676	4905	1022	2689	3527	1214	2311	684	2140	2876	1841	1830	4987	2884	1375	4930	2513	2334	916	5051	750	4800	4901	519	742	2865	1766	755	2668	4283	4755	2121	2777	2279	1531	1612	1823	1508	188	4419	100	4656	371	4362	4563	2653	3789	4626	3750	1007	4410	4915	1259	2642	4869	4309	3209	4752	850	2899	4098	446	2582	4158	3348	807	1048	1966	728	2025	4138	2460	4888	382	1555	4889	2574
4072	1809	701	1596	1832	2571	826	4720	1583	4847	1735	3791	2742	2597	4876	1082	2131	4916	4673	2179	1842	1953	800	5016	360	3161	3366	3068	1510	3070	1876	2324	2474	2611	3876	4902	4168	3671	1575	1103	4701	2449	4441	750	5051	3296	727	2922	4087	3547	629	4030	1274	2274	3135	235	330	726	3023	3537	5022	4461	1468	4339	2152	4169	2245	948	332	526	3488	4000	1974	3460	4264	4984	1357	1843	4983	3425	1338	691	4518	2726	4782	5037	1148	4368	210	3057	577	2857	656	3479	3650	2756	4771	2505	4955	100	3891
2768	3299	837	100	1567	1053	3367	4552	3442	4469	2110	2350	3519	3295	4596	2897	3099	2489	3438	2267	4688	1983	2625	2259	190	4695	4734	825	2837	2059	1514	3627	3602	1899	4648	2483	2972	4756	129	1057	2969	507	4849	4800	3296	5051	523	100	100	1097	137	1492	418	1098	400	100	1319	2930	1453	1092	2913	1756	3545	3591	2455	4358	2020	2764	1751	1012	4953	3341	922	2906	735	4273	5038	4200	105	1894	3028	2323	3407	2860	3487	780	1244	378	2137	4060	4684	1478	3278	4255	4825	700	1240	241	2381	2275	1539
2394	833	4589	3530	4369	3824	2127	2310	4040	1545	3466	3338	1638	685	2672	1822	4804	1292	3424	2243	1614	498	3611	2054	5005	3328	4793	3825	3175	4206	4344	4633	3360	1647	4411	3518	3222	4813	4157	4212	3819	4727	537	4901	727	523	5051	3455	100	2565	4324	3645	3320	2016	1307	4076	1151	3923	420	1641	3206	869	2890	3262	2580	4388	3084	3557	3582	4173	1538	4515	2523	3961	3397	2021	4325	949	1142	4857	3173	1140	678	4565	699	4340	3828	1887	1880	3344	1572	1282	1476	1653	2160	2533	1666	3363	3289	3979	2988
1958	3198	2630	2807	2980	2126	2732	3369	630	2225	2078	1246	1305	1018	1603	2116	1701	1203	1945	121	4477	3939	135	4043	3258	2553	2885	3644	5029	4767	4257	2366	1056	1790	4896	4536	1358	424	2333	3127	3422	1970	4707	519	2922	100	3455	5051	587	1175	404	155	2235	4799	3359	4597	476	4452	3167	3433	3966	2564	4496	592	3903	3027	1293	258	4266	4764	3010	4357	369	4366	4296	2660	1285	4865	100	2188	4712	3142	1879	3400	3122	4977	4583	1199	3857	3489	1299	3874	4383	1245	741	2526	145	1882	2949	119	221
4172	4177	2358	103	2141	3307	4274	4960	3894	209	2531	1278	3658	3205	4890	4714	4754	2408	3558	1576	1825	840	724	1125	3810	4540	2026	272	1590	2154	261	1915	1329	4252	1143	1116	100	4803	100	3482	2674	2242	4457	742	4087	100	100	587	5051	1376	4373	1950	1324	2887	2414	4421	3242	4127	891	4810	1484	3059	182	3608	1006	478	4254	4275	3100	242	610	4429	1674	1176	673	4187	4186	794	4234	2170	3740	3987	3253	2540	1546	4545	536	1749	1608	253	2223	1940	3695	2133	611	1840	3861	3075	4462	3933	4699
2979	273	704	531	551	1373	3841	1601	3937	1707	3333	4181	2109	3255	3228	3899	3993	394	1598	4622	3902	1109	914	3446	2546	2912	4315	4600	5021	2369	2464	3071	4999	260	4265	889	4787	4581	1235	372	642	3682	397	2865	3547	1097	2565	1175	1376	5051	2735	3715	3904	243	1160	4437	3569	4093	2512	991	3830	4837	931	3957	3702	1599	4910	1331	3261	2749	4525	184	4068	3796	2791	669	3415	2717	234	2854	1021	434	100	4179	3742	4055	2237	2172	4103	3181	292	739	4773	2955	3514	1058	1813	4516	4432	2647	4532
4689	3502	2738	1472	2921	668	1803	1698	2148	4080	4051	295	451	1374	1190	100	1553	1962	4442	2591	1586	620	2445	1593	3888	3980	900	3983	4020	2784	1717	1697	1646	3040	226	3494	3694	4217	594	1479	435	367	412	1766	629	137	4324	404	4373	2735	5051	2819	2666	4249	4347	1925	3624	3907	4562	3221	4292	3511	100	2412	1660	4412	2416	2134	1071	2575	2631	2251	1471	661	2258	3322	1853	383	2256	4946	4305	966	2566	938	4090	2096	4653	4687	1356	4785	689	1644	4700	2535	3700	4125	2157	984	4220	3405	4001
3636	4918	3263	1497	4095	4022	1315	1242	3251	2620	100	2037	2450	2139	1948	1005	2332	4537	3731	595	2010	4042	805	1123	4280	842	2012	1316	312	4726	5035	1015	3507	760	886	128	2346	808	447	3406	4026	1885	1322	755	4030	1492	3645	155	1950	3715	2819	5051	3523	1919	1501	1427	3085	2281	3513	450	3758	401	5006	2711	4379	4027	4993	3237	4493	3250	453	1016	1436	100	2202	2873	100	3838	2377	2447	1170	2093	131	4619	3853	3840	1719	729	2773	3749	2003	885	350	1318	2071	1610	1829	688	946	2861	1623
1031	285	1846	3941	4332	2914	1482	2547	2649	4039	4455	3652	895	4343	4607	2918	3284	1856	4056	2261	634	501	2920	4895	1929	2161	3551	1816	2097	2701	3577	4038	4012	3632	2415	4950	557	2797	4221	2379	648	4949	162	2668	1274	418	3320	2235	1324	3904	2666	3523	5051	3580	4819	3008	4900	1630	3323	1727	2149	705	635	1261	140	3623	4475	3044	1224	4458	1010	4116	3208	3935	1228	4009	1859	4487	1119	4553	4704	831	1072	4652	4370	1702	2850	970	1178	2731	3718	538	2383	2046	1272	186	100	3629	2083	3794	4174
4199	2451	3877	3770	1045	3926	746	228	1648	3418	3265	1037	2327	4404	2473	1633	3699	2401	4229	2432	1294	1936	280	3069	855	1004	771	2321	1369	1954	1474	1651	3826	732	1536	3869	224	4645	2490	1156	1257	1166	4579	4283	2274	1098	2016	4799	2887	243	4249	1919	3580	5051	460	4313	4989	3138	4694	4603	1087	100	2028	107	3683	3128	2392	725	4913	527	1817	1041	4678	2527	3975	1858	1466	2199	4085	3257	181	5007	3476	4215	1450	1415	4994	324	2646	4824	779	3590	2942	4405	3704	3628	2426	191	2468	203	1013
3098	2246	1730	3342	2453	2536	614	100	4659	2091	270	4650	3931	5036	4975	737	3768	1179	4066	2498	4387	339	363	1616	2516	3420	4623	374	568	4287	579	3540	1747	4377	100	504	1347	1370	4364	2521	3918	1397	3188	4755	3135	400	1307	3359	2414	1160	4347	1501	4819	460	5051	192	2427	215	2163	2095	561	3362	657	304	2135	1521	4582	1763	2855	361	2351	3157	4295	455	1493	1118	1640	2277	2645	176	127	4082	4106	1891	923	4951	4128	2328	4784	2217	309	679	3030	2835	2221	2725	1096	4015	1699	3107	3808
4191	2312	4304	1498	1298	718	4730	3500	2892	1574	3002	4867	867	1631	2568	849	3238	675	596	4102	100	2317	4308	2894	532	2208	3035	2589	4333	4866	1400	3734	2173	364	3168	930	319	2992	4002	1874	2338	373	4467	2121	235	100	4076	4597	4421	4437	1925	1427	3008	4313	192	5051	3812	2760	910	4639	1564	1063	2634	208	263	2990	1996	4348	777	1668	1721	3887	171	1371	1114	237	4351	3166	3562	2178	4263	2588	1937	3594	2162	1847	1417	4718	4290	1671	4361	3603	880	2789	2669	4378	1449	4143	3019	2893	4046
4783	4631	1827	702	3313	4010	169	851	3260	1173	4522	4243	623	2614	3724	1069	4621	376	2686	4194	392	3115	941	733	2320	177	4809	2581	2174	935	4703	1739	2194	4572	100	4962	3139	786	2108	955	3728	793	3528	2777	330	1319	1151	476	3242	3569	3624	3085	4900	4989	2427	3812	5051	2671	617	2830	1186	545	3985	2501	3660	483	994	2098	1011	982	4923	559	227	1308	2368	824	4316	3696	1774	500	1499	1942	3811	2803	1618	3137	126	262	4394	1851	3661	3215	633	2875	1490	1219	3897	2882	3129	2119	1796
3147	1802	4878	683	2556	4872	1551	2941	4557	4322	3712	4092	4696	3015	3060	2254	797	1426	894	3958	3881	256	3971	2222	4574	2991	954	4420	4019	100	3214	1857	3227	4776	3687	1344	3452	4594	318	4751	1566	1460	100	2279	726	2930	3923	4452	4127	4093	3907	2281	1630	3138	215	2760	2671	5051	4204	1046	1437	884	4165	4178	4035	680	4175	1911	4282	3668	4903	3381	3158	2413	811	2049	1865	3978	268	2288	3599	4958	3111	1412	4779	715	3555	1516	4048	4484	271	4850	2308	4052	2442	2391	3429	395	4985	4940	3835
1406	1969	3666	2145	485	3013	1489	911	1314	1413	1157	1524	4738	306	167	1230	2966	5012	1487	2719	1534	219	2496	4162	3792	1986	4278	1231	3474	1418	1399	2537	1544	4898	2232	1227	706	4774	5046	3056	1459	972	2664	1531	3023	1453	420	3167	891	2512	4562	3513	3323	4694	2163	910	617	4204	5051	302	2431	4459	2441	3408	1221	2048	1129	598	348	508	666	1767	3477	1742	769	2144	100	4667	4823	1443	3089	4024	100	264	4501	3005	222	4067	2821	509	484	3293	1333	337	671	4822	4363	4100	3073	809	565
4456	1146	4818	4576	201	4555	2740	3033	4658	4763	1748	3183	2515	4132	100	2995	1607	1695	4548	353	3729	3943	758	2309	4164	178	3212	904	720	3844	3160	3913	463	1351	142	1706	396	2624	1403	2578	3847	362	1220	1612	3537	1092	1641	3433	4810	991	3221	450	1727	4603	2095	4639	2830	1046	302	5051	4710	1145	4614	2101	1504	1475	2783	370	1291	2688	3321	466	3800	4338	4293	2915	4646	4376	784	4991	710	198	1836	4176	1600	117	153	1800	2657	1869	792	1068	1619	3234	2042	4990	3686	1513	4094	2252	1177
3055	4827	323	608	1133	2390	4450	560	1665	2271	2061	3451	4195	3773	2775	3372	2817	2272	515	3136	4791	535	3592	2506	3797	3346	2658	1093	5013	4573	3316	322	2961	4401	4816	1366	1271	883	1043	100	1481	331	2458	1823	5022	2913	3206	3966	1484	3830	4292	3758	2149	1087	561	1564	1186	1437	2431	4710	5051	541	3606	3588	3416	4417	1084	549	1385	2418	4473	3220	2541	1209	267	2430	3197	918	2971	2698	575	4349	2273	3394	2712	3834	4447	3762	3842	2386	1396	165	2422	2695	4510	4408	4323	2787	3914	1562	4609
100	4575	2629	2794	510	4193	4101	2286	703	4514	1731	3785	3021	4846	3120	1629	3990	3546	2800	143	518	3125	1215	187	100	2036	4065	4697	4690	2755	2058	681	1206	4524	100	1655	3412	321	803	4231	3108	2280	1595	1508	4461	1756	869	2564	3059	4837	3511	401	705	100	3362	1063	545	884	4459	1145	541	5051	4554	736	3892	2032	3233	4922	4258	2363	1440	4529	1313	3722	1845	430	4112	1172	2210	4393	1014	3182	3469	5015	1270	1658	2122	1193	4996	745	3230	4894	3192	1336	1405	2294	2257	5026	3766	113	4549
4830	4852	2670	1892	2702	156	2608	1339	781	4083	2300	100	3195	4061	480	111	2562	4314	5043	1286	4945	3868	4036	3105	3201	3102	4907	1000	3845	4495	2704	2250	1212	743	968	2814	4342	5039	2838	1661	3095	3717	4374	188	1468	3545	2890	4496	182	931	100	5006	635	2028	657	2634	3985	4165	2441	4614	3606	4554	5051	2933	593	2736	4963	1896	3653	2525	1975	100	2846	3934	390	4868	1549	756	1070	4491	1060	3430	4820	100	2987	4245	2733	3938	2203	3667	3601	4982	3185	2404	464	907	3176	1051	1268	4028	1675
1463	470	2298	100	152	109	5047	4519	4641	4021	3435	366	3522	4839	4232	4479	349	2798	1110	4185	1585	2396	4861	4481	4023	2018	4069	4970	4156	924	3967	2171	151	4769	4717	3772	170	2452	2385	4925	4939	2466	313	4419	4339	3591	3262	592	3608	3957	2412	2711	1261	107	304	208	2501	4178	3408	2101	3588	736	2933	5051	1934	1260	2683	870	2129	1834	1723	2661	1795	2457	1792	2863	719	3515	2508	365	3029	2015	3584	2461	1444	3268	334	759	4318	1863	3630	405	2679	1349	2510	282	124	409	2522	2923	2690
317	3955	816	3447	628	3235	3689	2734	752	2542	101	2034	2072	898	4096	1664	1446	4929	1835	441	1001	878	3622	1030	2136	4350	2384	1108	607	3093	4638	3776	100	2066	3453	1657	3730	2856	993	4682	2373	259	863	100	2152	2455	2580	3903	1006	3702	1660	4379	140	3683	2135	263	3660	4035	1221	1504	3416	3892	593	1934	5051	3432	917	641	2176	1457	3525	3395	172	3448	1050	2968	100	2903	3421	927	148	603	2500	2420	3739	3821	1196	1174	3271	552	1649	4300	1722	1838	1738	4126	100	1155	3283	609	1522
4954	612	782	696	100	3612	896	4961	3054	4222	1483	3485	4182	2520	4908	4587	871	2959	835	4277	1992	1628	1770	5025	4434	3049	4933	3831	3946	3675	2754	283	1309	3748	2813	1239	3371	4466	1691	3566	2594	3532	3236	4656	4169	4358	4388	3027	478	1599	4412	4027	3623	3128	1521	2990	483	680	2048	1475	4417	2032	2736	1260	3432	5051	4662	2826	1773	766	3330	3595	639	2437	4927	4864	3991	3600	1868	1086	4964	3851	2585	2858	294	1582	1588	3304	3911	469	2056	2960	674	2306	1211	4635	2737	2509	2187	3956	3982
2705	1918	2788	1284	2879	1386	2103	4840	3368	2297	3410	1656	2898	677	2081	2907	2198	4526	4893	2780	520	651	419	3184	5042	3692	4952	4053	2845	543	653	3963	2650	100	2870	945	1517	640	391	3922	3382	4802	2721	371	2245	2020	3084	1293	4254	4910	2416	4993	4475	2392	4582	1996	994	4175	1129	2783	1084	3233	4963	2683	917	4662	5051	694	2228	584	3269	4416	2336	926	1002	2013	1624	563	4294	4503	1964	1180	3374	3814	1367	1902	2440	4595	3925	540	1256	4974	4161	4677	3387	3680	847	3454	625	1871	3361
3952	3829	3872	783	2393	3733	569	3788	100	1617	1878	3641	2602	2341	2822	2469	827	4577	3067	125	4433	2105	2009	2085	3331	3583	479	4921	2040	3459	4912	4422	4081	1122	1972	4360	1452	386	2360	4790	3508	1075	100	4362	948	2764	3557	258	4275	1331	2134	3237	3044	725	1763	4348	2098	1911	598	370	549	4922	1896	870	641	2826	694	5051	3287	212	3995	897	4564	3148	4488	1923	4253	102	4382	4396	3231	487	3398	2504	4862	3998	2213	976	3356	2896	965	1861	2169	3996	3565	969	4750	1808	1273	974	4882
4170	795	1044	1677	3009	4380	2663	778	1301	3560	1535	817	1982	3536	3384	2073	2074	1325	1890	4743	912	3144	4853	1147	4446	1815	4402	4260	2655	3390	1605	134	1515	1074	1978	173	512	1425	503	853	2014	4507	4560	4563	332	1751	3582	4266	3100	3261	1071	4493	1224	4913	2855	777	1011	4282	348	1291	1385	4258	3653	2129	2176	1773	2228	3287	5051	346	2900	865	2055	4558	1839	100	597	988	1873	5041	100	2226	1745	139	3574	1341	2901	3559	4775	2982	1159	3159	1003	4337	2843	602	882	1171	3439	2340	1032
3475	4032	4965	492	4281	385	2603	2201	472	4431	1394	1741	2388	3079	4691	3066	100	1547	2818	649	3403	1734	5020	352	3124	100	2339	2829	2255	3697	4310	293	1620	4430	3352	3631	3898	2989	180	4986	2583	244	341	2653	526	1012	4173	4764	242	2749	2575	3250	4458	527	361	1668	982	3668	508	2688	2418	2363	2525	1834	1457	766	584	212	346	5051	2825	4624	3743	5034	5048	3077	5024	4029	3884	818	4934	2343	4494	2291	2409	428	2315	933	4151	2823	269	381	3721	4686	1758	2067	3419	1833	2211	100	4772
2986	2974	338	3972	2945	1785	2239	3649	1732	2276	3076	4489	138	4719	297	1573	351	2632	1234	437	2482	740	1414	1951	4748	4620	4875	2193	4634	3806	2579	3690	3025	3126	3357	4108	3249	3945	482	1104	4297	3210	4937	3789	3488	4953	1538	3010	610	4525	2631	453	1010	1817	2351	1721	4923	4903	666	3321	4473	1440	1975	1723	3525	3330	3269	3995	2900	2825	5051	100	1875	4483	3626	2700	3132	251	1008	4926	214	3207	4533	3467	2357	722	663	4632	2102	3350	4111	3218	2378	3337	2524	2851	488	4471	2612	3775	4891
1914	3793	3681	707	1645	1503	1799	2935	690	4198	4392	2191	1020	471	3486	1361	990	3953	4904	1935	2834	380	1421	1197	4354	3932	4196	3701	118	149	3635	3464	1269	4541	1906	427	1348	4938	3223	951	2639	1464	1036	4626	4000	3341	4515	4357	4429	184	2251	1016	4116	1041	3157	3887	559	3381	1767	466	3220	4529	100	2661	3395	3595	4416	897	865	4624	100	5051	2917	133	5032	1152	3746	2539	4716	2082	2983	1188	342	4858	3859	631	2799	3954	218	1565	3664	1130	731	2569	2293	3291	1222	2005	821	4844	4031
1778	2354	4131	848	3034	658	1283	1602	1943	4445	100	1718	4327	2859	790	2039	1254	3297	3096	1541	3399	846	2079	3662	4353	529	4288	2812	2087	475	4133	2765	2939	452	4733	1353	670	3087	711	1746	1898	4075	3875	3750	1974	922	2523	369	1674	4068	1471	1436	3208	4678	4295	171	227	3158	3477	3800	2541	1313	2846	1795	172	639	2336	4564	2055	3743	1875	2917	5051	2677	770	196	1568	3736	3315	3860	1232	3503	2065	1263	765	1578	1164	2068	1311	2635	414	4567	4778	254	1860	5045	2684	2831	1884	4566	3509
3327	2606	2006	3355	3524	751	1594	1888	1862	4679	3003	2318	4761	3944	714	2348	231	3539	157	903	3579	1229	1304	1580	4722	2212	3614	1033	456	1310	1913	3767	1615	415	819	2218	502	2774	3473	2151	3472	1872	844	1007	3460	2906	3961	4366	1176	3796	661	100	3935	2527	455	1371	1308	2413	1742	4338	1209	3722	3934	2457	3448	2437	926	3148	4558	5034	4483	133	2677	5051	1903	998	2492	932	3191	1687	1818	2069	1458	2703	4812	2060	3145	4005	2331	2241	2434	2950	3046	4546	1277	3593	4669	3905	920	823	2407
4163	4004	604	100	4367	2762	3155	4618	1200	1083	1034	1849	2467	522	4505	600	1775	513	2827	1424	1537	246	1523	3709	1213	497	4708	2607	1926	1810	2244	2041	444	2045	2567	1101	2062	505	4285	298	1852	645	576	4410	4264	735	3397	4296	673	2791	2258	2202	1228	3975	1493	1114	2368	811	769	4293	267	1845	390	1792	1050	4927	1002	4488	1839	5048	3626	5032	770	1903	5051	5011	1533	1959	3383	4059	301	4007	1512	3001	2260	291	3277	2043	4291	839	4615	1933	1679	3170	1761	1693	757	3094	3710	517	2247
2099	3651	2372	2359	4276	547	4608	1787	4307	3827	3882	4436	1398	3950	5009	4651	3302	4914	1447	3554	1692	429	3672	4306	767	1776	4167	100	1066	4702	2023	2030	2844	1714	1290	3179	1806	3947	695	2265	100	1390	494	4915	4984	4273	2021	2660	4187	669	3322	2873	4009	1858	1118	237	824	2049	2144	2915	2430	430	4868	2863	2968	4864	2013	1923	100	3077	2700	1152	196	998	5011	5051	3615	2376	3497	2613	1708	2802	2811	2325	716	754	4856	2751	2888	2723	3817	4119	1729	4534	3285	1486	2681	1445	2375	887	1909
2891	4789	3326	2886	3643	1201	1094	3423	3141	2779	2993	861	100	1673	2502	3109	1710	4671	3856	3782	3747	2713	1352	1434	3133	3471	1540	2904	717	2651	4384	3402	1886	163	3456	4270	1760	1571	1297	347	410	1904	3727	1259	1357	5038	4325	1285	4186	3415	1853	100	1859	1466	1640	4351	4316	1865	100	4646	3197	4112	1549	719	100	3991	1624	4253	597	5024	3132	3746	1568	2492	1533	3615	5051	1038	114	3543	2652	2292	1781	1267	3301	4957	3280	4303	4465	3375	2480	1042	1202	2707	2184	4049	1765	2716	1979	459	632
4375	622	4013	4016	3531	4765	1496	943	4967	828	1132	161	3458	3290	100	4230	1976	506	320	1941	2545	4423	104	1811	1080	4499	3552	975	1138	2693	4593	1079	3063	5031	3870	2165	2200	1563	2491	3992	4328	436	4613	2642	1843	4200	949	4865	794	2717	383	3838	4487	2199	2277	3166	3696	3978	4667	4376	918	1172	756	3515	2903	3600	563	102	988	4029	251	2539	3736	932	1959	2376	1038	5051	4928	1685	3862	3780	3495	3678	4535	4976	4636	276	2107	4444	3815	3058	2027	1049	4189	1561	3832	3078	2479	2400	734
3404	3256	2778	3090	3480	3999	1252	881	3086	4584	1342	141	2044	4192	4259	879	4365	197	3483	2011	1715	2138	1928	2586	1672	1388	354	2511	2654	4757	154	355	2824	4124	1812	1328	3097	462	2147	2270	4530	4746	1144	4869	4983	105	1142	100	4234	234	2256	2377	1119	4085	2645	3562	1774	268	4823	784	2971	2210	1070	2508	3421	1868	4294	4382	1873	3884	1008	4716	3315	3191	3383	3497	114	4928	5051	329	2398	4971	3254	3634	1981	206	2944	4262	4321	599	3940	4729	4202	814	2694	995	4485	2739	854	2183	3276
4399	2125	1560	1908	3349	4527	1095	403	3385	2117	2209	3498	567	3335	3865	3720	3726	586	100	3378	1737	957	314	5040	1023	3187	3864	120	986	2266	4331	289	1779	1681	3465	2924	3802	3224	2463	3878	3431	136	2544	4309	3425	1894	4857	2188	2170	2854	4946	2447	4553	3257	176	2178	500	2288	1443	4991	2698	4393	4491	365	927	1086	4503	4396	5041	818	4926	2082	3860	1687	4059	2613	3543	1685	329	5051	2253	3461	3007	2766	486	4207	3171	1650	2881	4629	1381	1901	4148	4492	2423	1090	3314	2932	3072	1423	977
3229	1345	1419	1134	1750	3434	1967	384	2301	2623	2967	1153	2132	1577	2617	4610	1520	768	252	2214	3589	183	4183	928	1502	952	578	888	3526	4171	581	2815	2785	2720	2063	1528	1025	3116	3048	4979	274	2205	4732	3209	1338	3028	3173	4712	3740	1021	4305	1170	4704	181	127	4263	1499	3599	3089	710	575	1014	1060	3029	148	4964	1964	3231	100	4934	214	2983	1232	1818	301	1708	2652	3862	2398	2253	5051	343	4298	2180	566	1552	799	4319	989	3714	1587	524	698	3298	3760	1480	2128	2692	3217	4037	3647
3373	2094	3501	100	1191	2916	4063	1733	1241	1236	2877	4749	4114	3020	3393	4197	1866	1754	2514	4556	1127	893	1956	1581	3684	3017	4512	1035	1636	4071	2840	2287	1526	3203	4336	2438	4188	1965	940	3901	3605	947	230	4752	691	2323	1140	3142	3987	434	966	2093	831	5007	4082	2588	1942	4958	4024	198	4349	3182	3430	2015	603	3851	1180	487	2226	2343	3207	1188	3503	2069	4007	2802	2292	3780	4971	3461	343	5051	100	2718	3270	2047	1670	937	3318	2106	3896	1883	2051	2667	4642	2421	4873	1473	980	1128	2699
