5051	1295	4431	2802	1167	996	2839	3449	877	1512	2128	714	2650	4314	4036	1085	1458	3348	4121	1690	4631	2973	1190	1989	772	1148	2633	1179	1282	3447	1925	4741	4772	3658	1662	4533	955	3699	1728	1785	2555	778	4441	4544	963	1923	3121	2079	1331	3930	208	3518	2343	1932	1312	1514	5042	404	4012	4834	2659	1855	1223	1534	2245	4605	454	4730	3938	2132	4178	4390	100	1273	3215	603	4115	1049	837	4711	1564	1358	486	1367	405	4429	4389	1374	159	2965	4214	4841	4230	100	3292	3122	446	3777	2614	4311	4194
1295	5051	1254	3410	1193	2068	100	3216	584	3364	2563	4247	3912	3893	3547	1051	1619	4858	129	5015	1737	2917	985	1849	265	3582	948	4213	3267	4095	4144	2742	3200	1509	4000	2230	257	320	3446	3287	4356	2652	2596	1073	434	4016	100	736	4388	3488	2516	336	1478	2265	4677	4246	1871	4649	308	3994	3600	4897	691	3092	3018	951	1876	3037	2770	3394	5016	2136	3807	3683	4883	2282	1610	3346	4395	1998	221	1674	452	4696	4344	1953	2927	3490	922	3791	3915	3622	4001	2425	581	2345	1935	2774	827	979	2739
4431	1254	5051	4739	4393	3159	2476	761	1558	1107	1631	927	4416	1494	2829	4819	3577	1753	2761	4738	2762	1078	356	4980	3802	2765	1980	132	3947	4603	2437	1150	4216	2798	1360	610	3044	325	4633	3937	389	981	3315	3316	892	2134	1790	4930	4493	1303	1723	1864	4871	195	107	3413	2780	2366	100	1659	3462	4724	1626	4490	1012	2710	1166	1380	177	4754	1192	1873	1516	4995	2984	1185	477	4249	3090	3774	1286	4282	100	4232	2970	4398	2033	1030	504	897	2940	2844	3814	4284	596	1280	1372	1495	4659	3731	3754
2802	3410	4739	5051	3956	689	3670	1135	551	3723	1549	2972	926	856	4835	1734	1878	1298	3311	1033	3057	4506	3872	1846	2158	3646	2049	1606	4119	1646	2201	2703	4940	4263	3560	2064	2219	2416	638	4500	1826	4777	1743	1122	3368	1800	1340	4310	182	555	2678	1283	3367	4328	1740	4271	4896	4617	2319	1840	1115	1251	1463	2879	2492	2196	391	100	3466	4175	3275	2011	3305	1062	3765	197	219	4623	3751	4118	1269	440	1071	1582	4650	4720	4524	3992	1219	4162	1270	826	4765	4853	1182	2590	2773	2804	2878	460	174
1167	1193	4393	3956	5051	1277	2016	1730	1086	2105	1068	2677	3424	1093	3436	4643	537	1456	1881	266	4775	3440	1316	1993	4767	4902	2550	3284	2167	3629	4110	1088	2968	1082	2514	3116	3510	2823	3579	1437	3529	2969	2947	139	4705	2509	4611	846	253	204	3043	1101	4248	3750	4795	285	1072	4874	2938	3337	4807	2017	2484	4725	4041	2877	2607	1965	2664	106	794	4189	2781	3933	1548	3239	484	2317	3055	3623	2750	4295	3197	1170	3065	1802	4780	960	844	845	3448	2696	3598	207	3180	2629	100	3987	1954	4035	2810
996	2068	3159	689	1277	5051	1407	4891	2369	100	991	1699	3572	1725	4029	2987	1220	2083	3169	834	153	3652	4093	1070	1911	5047	663	971	1053	392	100	395	144	4211	2675	2179	2354	4456	3841	1629	2077	4852	1310	3673	3302	3338	3688	1951	697	2469	923	2456	295	4866	3019	4864	1353	4159	2045	2912	2723	928	1520	626	193	1984	2348	2611	1081	1787	4802	3548	4878	3975	480	3957	4924	1912	4422	722	232	100	2673	3932	2690	3558	4434	3854	3703	4257	2922	4504	3996	3653	3689	2251	2893	3725	1586	1205	2994
2839	100	2476	3670	2016	1407	5051	3465	3713	1080	3102	3816	3374	3158	1308	1309	3013	1952	1384	130	273	2834	2666	5033	3827	819	136	2431	2135	4408	2392	2213	508	3203	331	2615	533	1874	4463	3611	4032	512	2452	4191	4994	4820	3384	3953	755	2164	1162	2182	1444	1792	414	2357	3390	3475	4591	4071	2599	3601	4619	4860	220	4948	3281	972	4449	4629	2949	1099	5027	3556	4513	1240	100	4145	696	1391	292	127	2957	1649	145	4200	3151	3682	1596	3705	4065	3715	1103	606	587	4731	2634	3213	162	3924	3502
3449	3216	761	1135	1730	4891	3465	5051	3004	1883	1284	2604	3686	3746	1161	4287	3456	2504	3484	787	3094	3146	2958	594	4155	1890	924	1330	3621	4313	1379	1483	756	1364	1237	5018	4685	4291	519	1813	449	1281	1201	100	4816	1217	2511	1247	4089	1927	2125	1169	1906	2114	848	5023	1959	2794	3119	2734	1880	2436	578	1451	1473	4417	4630	3068	4771	1744	1381	133	891	3193	3590	3524	3031	4687	3011	203	489	4316	488	4273	3038	100	115	1427	4270	2700	1023	2295	4379	739	1937	3511	4848	2645	1243	4280	3198
877	584	1558	551	1086	2369	3713	3004	5051	3167	2777	3049	1672	3769	3580	593	3344	4475	1994	727	4297	160	4239	4913	3710	3135	1025	1040	984	1518	503	420	4486	3468	903	780	1171	1156	3626	2490	4331	1005	1916	4723	4613	1550	788	2181	784	3978	4683	3729	3999	2577	2194	4196	3042	1914	100	2304	1863	4517	280	1821	4550	2857	100	1929	178	192	586	4485	1754	1848	3110	100	2015	4007	1608	4128	448	2660	3651	726	3801	614	3886	4376	3291	2655	4993	1651	748	4740	439	630	564	728	3470	1565	2711
1512	3364	1107	3723	2105	100	1080	1883	3167	5051	3064	916	173	577	3950	183	1862	2089	282	3538	471	264	3160	1133	3845	4074	4401	1443	347	3637	1433	824	4306	609	4736	3273	3852	3189	1775	384	2350	710	3583	4009	523	2145	666	1546	1112	112	1762	498	4809	2047	4679	2028	1779	3608	2960	3260	591	4577	613	1553	765	958	801	3138	1706	3738	2892	2372	293	2214	250	1575	1474	3034	2692	4992	3414	2264	2865	1322	731	4684	1794	2597	3707	2126	1854	1910	682	4168	2043	4557	2640	4090	4421	1225	1332
2128	2563	1631	1549	1068	991	3102	1284	2777	3064	5051	398	4581	4627	4073	575	337	1789	3642	2689	100	525	1024	617	4351	2402	4941	3693	3408	1307	2355	2695	3512	2556	4094	751	3276	3257	3888	1527	100	4934	2625	4610	4117	100	1842	2667	495	4824	4220	4193	1541	343	3868	1622	2370	3849	4052	2976	2477	670	3768	2814	4202	783	2974	4637	2222	4340	100	4435	1901	2571	531	218	3307	1523	4698	1909	4288	2789	304	1834	2120	4957	3790	3492	247	2708	866	1781	2584	3206	433	664	847	2237	3123	4979	4923
714	4247	927	2972	2677	1699	3816	2604	3049	916	398	5051	1695	3395	1533	1165	880	2704	1013	2342	1592	1450	738	2253	2256	4789	860	1424	1502	4695	3073	2747	4462	4430	4464	4943	3095	1650	766	1392	309	4792	3537	100	1566	4887	3671	4250	1663	2263	3229	3879	3616	372	4097	3300	1817	1861	423	2415	3677	1357	2932	4689	361	2427	1047	4561	1837	1653	4656	831	3684	2451	2832	1616	4374	2754	122	3944	3007	3329	4008	768	679	4727	1836	479	4070	513	1352	1486	2299	436	1568	1102	2403	2997	332	1320	1290
2650	3912	4416	926	3424	3572	3374	3686	1672	173	4581	1695	5051	462	2013	965	1816	2388	752	1508	1717	3379	271	4468	1020	2174	2226	4380	4452	1402	3405	3103	2148	3596	2127	1460	4671	742	2311	2478	4614	2862	509	3532	137	1174	3342	4381	4966	275	2757	3335	1007	1560	3014	554	100	3568	3983	4387	3612	4937	3382	2953	3140	1089	2807	4706	3586	4057	2159	4180	4018	4267	776	3986	882	3482	2728	1104	100	3214	1241	4404	2822	4304	1571	117	1412	4626	3020	1960	3098	1411	458	3164	1299	1224	3647	297	4225
4314	3893	1494	856	1093	1725	3158	3746	3769	577	4627	3395	462	5051	1708	2846	4084	4945	1408	759	464	2094	2688	2381	3655	100	2180	2191	3719	1095	1454	261	2267	1152	3844	2860	4161	3887	457	2956	291	4116	1579	4338	4399	653	4286	2926	2525	4666	364	4602	2007	4686	1633	1489	3800	645	867	1416	1889	2426	500	3555	4111	100	918	527	4604	100	4086	2098	2374	4147	2783	4260	494	1829	2057	3698	2671	3256	163	4156	3421	4158	1668	2741	647	1701	1151	3925	3885	2644	3372	758	2491	829	2066	1371	2141
4036	3547	2829	4835	3436	4029	1308	1161	3580	3950	4073	1533	2013	1708	5051	1256	4876	3835	1921	2694	4663	3976	1661	2913	100	2791	4560	534	3909	3840	3990	4436	5021	224	4092	1317	4112	4261	4446	2627	3927	3264	2443	2053	2853	4337	2360	1139	1507	3570	1712	632	2283	1467	316	3069	1111	2428	4004	699	1692	2466	2782	2836	296	2494	1844	538	4573	3062	585	242	1164	2849	620	4732	1044	1664	506	2351	741	4620	4350	3726	3664	4149	3495	4971	2948	3000	2790	2275	1567	2165	2261	3773	654	233	1667	1264	3970
1085	1051	4819	1734	4643	2987	1309	4287	593	183	575	1165	965	2846	1256	5051	4315	4277	3820	3170	2192	4905	1531	3635	648	3282	2858	3328	3955	4349	100	813	2155	2552	4023	3204	3881	2413	254	2778	4460	1714	348	4472	108	100	2818	1253	236	3571	1064	1603	428	4672	2663	240	445	532	2331	1791	1795	4564	3455	502	3496	1438	2572	2358	2670	821	2189	1746	4559	1983	774	4242	1116	1498	319	3914	4410	681	3223	2276	1907	4487	201	196	989	1470	2337	3922	1389	2480	181	4953	3168	2740	3125	4030	3680
1458	1619	3577	1878	537	1220	3013	3456	3344	1862	337	880	1816	4084	4876	4315	5051	2455	417	2630	4027	3129	795	4281	100	4814	2651	887	154	521	2586	2464	4870	3709	4192	966	2236	1492	3728	573	1895	3897	3804	371	785	1899	1301	836	403	1131	2520	3638	4415	3331	3432	1654	4317	3500	2266	2507	3234	3901	4998	3079	1938	1824	520	3741	4859	3851	299	3233	335	352	2553	3271	3100	1472	1918	4552	3940	4181	3799	151	4735	1245	1045	4458	1385	3283	2835	1833	968	2918	1996	4138	843	1875	3574	2177	4645
3348	4858	1753	1298	1456	2083	1952	2504	4475	2089	1789	2704	2388	4945	3835	4277	2455	5051	4648	1979	4510	4010	210	442	3499	310	2118	4867	3762	2730	4653	2080	4327	622	969	2368	4737	4173	394	2400	4719	4970	3047	2632	2855	3181	470	611	1285	3422	370	2489	583	2386	515	2647	2557	4535	4457	100	4489	3803	2391	2324	1198	1119	658	2558	1940	1386	1461	3661	677	1257	2408	3702	913	2768	2444	1349	4794	1142	4586	2161	1294	1137	317	4477	701	451	1738	2346	3288	4594	944	2041	3770	3259	1485	1109	305
4121	129	2761	3311	1881	3169	1384	3484	1994	282	3642	1013	752	1408	1921	3820	417	4648	5051	2639	1370	2501	100	2414	2207	244	4778	2274	3792	3783	3185	2040	3832	3733	5045	2070	2840	1496	5029	4447	4909	1858	3187	2220	461	3054	2649	5037	1382	1149	1760	1313	1497	2592	1736	3517	1229	791	1843	3855	3833	954	3825	184	3209	2036	3929	2884	4975	4831	1581	832	2657	1684	3856	4570	2868	1967	1776	2775	1194	931	1468	3003	2026	407	2087	388	4234	2012	2795	4961	3766	649	818	2429	3304	1774	1399	634	4303
1690	5015	4738	1033	266	834	130	787	727	3538	2689	2342	1508	759	2694	3170	2630	1979	2639	5051	2184	2262	2091	4420	4515	1000	1457	2203	4442	3546	608	1593	3429	3530	2828	949	5025	4405	3352	1296	215	100	855	3353	360	1100	2800	3280	2989	906	4240	3890	2929	2609	1540	4782	2920	3834	4437	1207	1991	303	390	1304	612	4318	2942	1118	2406	4921	1318	3224	2993	4199	100	2821	2004	4132	4733	3299	4106	1761	3569	1488	3694	1423	4160	929	3321	2898	3903	1950	2292	3891	4290	1827	870	974	1378	323	4017
4631	1737	2762	3057	4775	153	273	3094	4297	471	100	1592	1717	464	4663	2192	4027	4510	1370	2184	5051	700	1327	3508	1544	3828	2705	1140	100	4933	2565	1865	3798	100	5024	3211	3202	4371	2166	2564	379	1670	4850	2796	2665	3875	516	2847	3972	3526	3457	1134	2302	975	2945	5030	745	1811	3205	3474	615	2760	5001	2301	473	3172	3015	4218	2235	4721	1429	1973	1599	1780	2419	4607	4615	2682	3186	1885	952	2449	3303	4555	3785	3919	2103	3023	651	3818	1856	2289	3363	4932	1905	1563	4922	3072	4126	3242	4647
2973	2917	1078	4506	3440	3652	2834	3146	160	264	525	1450	3379	2094	3976	4905	3129	4010	2501	2262	700	5051	3563	3619	2287	1735	2318	725	1798	4562	1752	2023	3046	582	973	3171	3910	3805	3541	1440	3155	1981	100	2545	3920	100	1077	2872	604	743	1727	4228	1278	4785	1200	4857	1106	542	2875	1006	3066	2852	1807	1969	4301	692	592	2589	1623	334	2157	4949	2424	4784	3989	4882	472	1720	2641	4476	2701	4899	3620	100	2479	4427	1336	1702	396	3383	737	708	5036	4258	2096	3178	119	3639	967	1682	2720
1190	985	356	3872	1316	4093	2666	2958	4239	3160	1024	738	271	2688	1661	1531	795	210	100	2091	1327	3563	5051	4205	1233	2130	2654	2285	2746	2221	4077	1539	1079	1645	840	2046	4245	279	1376	568	946	1892	2411	2401	1250	2967	2229	1594	716	3650	4846	905	2106	809	1532	3240	3366	2364	3861	3327	721	1098	4579	2506	3279	4471	4042	4519	4539	2071	3045	1621	3381	4660	947	2699	2495	3843	1187	2815	120	3757	4955	2707	2779	1315	2820	4951	2061	2420	100	2714	1398	3756	1464	4599	4024	4712	1293	4865	3427
1989	1849	4980	1846	1993	1070	5033	594	4913	1133	617	2253	4468	2381	2913	3635	4281	442	2414	4420	3508	3619	4205	5051	2874	4977	4085	4715	978	2653	3419	369	1808	2322	2051	355	2367	1351	2687	3542	2092	1517	1406	2602	3376	1094	4747	4967	4063	4496	1105	3521	3829	3244	4253	3755	1609	957	2468	2325	4369	601	3606	2029	2008	3033	2904	277	3021	3744	852	2745	1355	2183	2549	2170	2393	3027	482	4062	1157	4601	104	1028	3997	2685	230	619	1851	2566	1342	4383	5044	1366	2646	3120	100	4879	4217	4756	4254
772	265	3802	2158	4767	1911	3827	4155	3710	3845	4351	2256	1020	3655	100	648	100	3499	2207	4515	1544	2287	1233	2874	5051	1748	3939	942	2334	288	839	1707	3349	276	2838	3949	3730	2442	2919	1232	170	3029	2082	1982	3016	2619	4575	1786	3347	3322	4621	3595	2378	3231	3609	340	4600	3371	2643	3053	100	2600	4264	646	1031	1884	3377	213	3096	1236	914	901	2454	2817	1777	1146	2340	994	4826	3232	226	2259	1732	4451	1197	2531	180	1300	2907	3112	623	595	1595	3221	3294	2288	4962	2471	168	4762	5003
1148	3582	2765	3646	4902	5047	819	1890	3135	4074	2402	4789	2174	100	2791	3282	4814	310	244	1000	3828	1735	2130	4977	1748	5051	4520	4690	4817	1067	3876	1648	1716	3788	3237	143	2936	1936	1209	690	4382	3531	4988	2097	3118	599	4752	4343	987	2824	1052	3359	652	4165	4355	2024	2854	2656	1466	2020	1302	505	4657	2755	4925	4583	4040	2883	155	485	2005	4928	3113	1404	2197	1742	4418	3404	990	4885	864	1693	4461	3192	3163	4699	330	239	100	2585	1749	3727	1613	3450	4488	3250	1181	1773	2497	3089	2205
2633	948	1980	2049	2550	663	136	924	1025	4401	4941	860	2226	2180	4560	2858	2651	2118	4778	1457	2705	2318	2654	4085	3939	4520	5051	1510	4944	4959	2104	3936	2950	4872	669	399	3418	2978	660	719	4345	150	941	720	3764	3039	1820	2992	2199	4238	4793	4419	3361	1063	2445	1405	1436	4788	2635	3105	3358	4321	3339	3126	387	2286	4536	4480	1292	4556	100	2736	3489	4548	223	2983	4658	100	3565	260	1547	2306	4364	2042	536	782	4414	4978	438	2753	4056	3884	1870	3157	2280	3593	102	2767	2648	518	4372
1179	4213	132	1606	3284	971	2431	1330	1040	1443	3693	1424	4380	2191	534	3328	887	4867	2274	2203	1140	725	2285	4715	942	4690	1510	5051	1614	3290	1681	4373	2065	2228	2788	4244	2409	917	100	2799	3736	2356	2090	3152	2387	1121	1390	1465	4308	5007	3469	1521	656	4889	4984	2371	3977	1356	4114	3243	4375	2290	4152	3082	3737	1141	5013	1924	4223	624	3249	1825	2693	4444	3212	3951	4043	3330	4915	3106	526	4339	1637	4877	1677	4179	4588	3589	3551	1845	252	100	888	491	475	2493	2156	2841	3115	2826	1797
1282	3267	3947	4119	2167	1053	2135	3621	984	347	3408	1502	4452	3719	3909	3955	154	3762	3792	4442	100	1798	2746	978	2334	4817	4944	1614	5051	429	2294	825	2672	687	4674	2871	2580	4274	2137	959	101	3438	885	3270	4890	3636	643	878	1801	562	4636	4670	517	3177	3918	814	3781	1050	4525	2217	4302	3964	3407	175	1647	1001	4798	4099	2329	1638	2085	3935	1689	3263	1642	980	3873	746	463	3333	4716	1321	4985	650	3894	3341	4296	5050	1679	1711	1806	1769	563	4167	2517	427	546	934	269	4400	2300
3447	4095	4603	1646	3629	392	4408	4313	1518	3637	1307	4695	1402	1095	3840	4349	521	2730	3783	3546	4933	4562	2221	2653	288	1067	4959	3290	429	5051	100	3183	100	639	3543	943	2417	4900	1230	4412	4182	2398	333	1782	1425	2543	3859	1999	547	3399	3190	2384	1978	2313	4235	312	4053	4590	4532	268	886	3117	2594	2052	1420	3088	4942	1591	4742	835	4912	3837	992	100	4527	3222	3005	732	1602	3323	815	3133	311	4047	3400	729	2405	4618	3678	2536	3008	2475	932	2569	524	2608	3298	5048	3356	2535	2784
1925	4144	2437	2201	4110	100	2392	1379	503	1433	2355	3073	3405	1454	3990	100	2586	4653	3185	608	2565	1752	4077	3419	839	3876	2104	1681	2294	100	5051	1394	1704	2307	4139	3453	283	4392	272	1216	3173	2889	1144	202	1210	711	2450	3690	1311	217	693	3522	4844	2833	2271	4542	3188	3056	2691	1793	4668	2284	3839	4938	2725	3340	4582	4164	3902	3554	4046	2626	3624	1419	2579	1212	4898	2001	1208	3954	2108	3286	2539	186	3493	4241	3166	1265	376	100	3853	1747	1831	4745	3265	100	1590	4829	176	3318	4569
4741	2742	1150	2703	1088	395	2213	1483	420	824	2695	2747	3103	261	4436	813	2464	2080	2040	1593	1865	2023	1539	369	1707	1648	3936	4373	825	3183	1394	5051	100	4805	126	1214	274	1597	4529	466	354	2581	1172	1173	3878	4237	1538	1491	3687	2911	3154	514	986	2716	4910	535	1326	100	3559	2328	4064	2212	2669	3931	374	2771	3132	2827	1501	4593	3643	2305	2595	598	1755	4210	4655	1600	2621	529	4790	3692	3350	695	2162	1900	3724	2908	4467	1886	2377	1652	4122	2209	3127	2966	2988	4134	2407	3645	1128
4772	3200	4216	4940	2968	144	508	756	4486	4306	3512	4462	2148	2267	5021	2155	4870	4327	3832	3429	3798	3046	1079	1808	3349	1716	2950	2065	2672	100	1704	100	5051	1988	2986	298	1666	2982	2021	2314	2459	1513	3862	2544	5034	2139	4682	2496	3142	1176	4215	358	4691	4822	1504	4096	1211	4635	5014	2188	105	4664	3991	868	684	1002	1535	3628	2977	3712	3357	1387	4758	241	2298	806	4526	4385	1694	3385	4688	4773	1180	1108	4567	3137	351	383	3662	2169	4037	876	842	1942	4497	3573	2528	804	2622	2059	409
3658	1509	2798	4263	1082	4211	3203	1364	3468	609	2556	4430	3596	1152	224	2552	3709	622	3733	3530	100	582	1645	2322	276	3788	4872	2228	687	639	2307	4805	1988	5051	3696	1896	3735	5010	2909	3585	2232	4521	1888	3533	4143	1805	2467	393	2658	1266	135	1658	3319	1042	1268	1046	4578	110	2123	3775	4667	1796	1641	4432	3182	2724	4512	2831	1127	4208	1697	3968	3050	2448	2999	2686	2863	786	4353	3487	1441	1847	712	4293	2743	3084	2321	912	3369	2991	1868	1446	100	597	3850	4854	1218	799	3442	820	1153
1662	4000	1360	3560	2514	2675	331	1237	903	4736	4094	4464	2127	3844	4092	4023	4192	969	5045	2828	5024	973	840	2051	2838	3237	669	2788	4674	3543	4139	126	2986	3696	5051	100	3822	4753	3087	1944	3591	3412	4568	3663	2101	3060	415	5019	4492	2248	3614	4289	1056	315	3846	569	3759	4840	4855	2933	4982	1974	3697	1113	4693	1819	561	4832	733	550	2483	3553	2897	1963	3874	3278	4413	1039	793	1434	4708	749	3196	4759	3809	4272	2062	1765	1215	2233	1097	3058	3310	222	1069	2160	3794	1758	3858	3403	4183
4533	2230	610	2064	3116	2179	2615	5018	780	3273	751	4943	1460	2860	1317	3204	966	2368	2070	949	3211	3171	2046	355	3949	143	399	4244	2871	943	3453	1214	298	1896	100	5051	4598	3076	2819	2540	859	4469	100	4538	3459	636	2809	185	1206	1432	3411	3355	1675	4141	4108	1710	3091	1136	1090	1543	1628	640	421	1556	789	1961	1971	1341	3649	816	2906	302	1766	4974	4622	2861	4195	718	1003	2702	4702	2168	1698	1852	3397	4697	1656	1175	1344	893	2955	2320	4438	2244	4013	717	3811	2474	2925	4541	3523
955	257	3044	2219	3510	2354	533	4685	1171	3852	3276	3095	4671	4161	4112	3881	2236	4737	2840	5025	3202	3910	4245	2367	3730	2936	3418	2409	2580	2417	283	274	1666	3735	3822	4598	5051	2482	4130	2930	4823	1186	4484	1410	3248	2526	2296	907	100	4585	4107	4837	2421	4906	1625	1964	1630	2382	2031	4543	723	4346	657	1448	4204	3739	322	1191	977	2353	4875	2803	2198	4333	3880	4576	4403	3660	1204	2375	4597	3362	4499	3074	1554	993	2225	190	2964	850	688	4255	2713	2881	2805	3501	3539	565	100	1393	724
3699	320	325	2416	2823	4456	1874	4291	1156	3189	3257	1650	742	3887	4261	2413	1492	4173	1496	4405	4371	3805	279	1351	2442	1936	2978	917	4274	4900	4392	1597	2982	5010	4753	3076	2482	5051	5022	2721	3613	1362	3831	762	3099	4377	2575	2150	353	1054	2726	2623	1822	238	3425	1741	2749	1091	158	2088	3130	100	307	3607	4059	600	3753	1058	3454	3675	950	3444	493	2223	2546	2173	2524	4828	1634	2533	490	2185	4402	2727	164	3701	2748	100	2039	1168	2308	4813	3599	1274	2905	3022	4268	3503	1348	1975	4904
1728	3446	4633	638	3579	3841	4463	519	3626	1775	3888	766	2311	457	4446	254	3728	394	5029	3352	2166	3541	1376	2687	2919	1209	660	100	2137	1230	272	4529	2021	2909	3087	2819	4130	5022	5051	2642	1305	1421	3536	869	655	2598	1515	100	249	2792	1059	4748	3923	3373	100	1138	675	1395	3261	3865	3747	4424	2869	1617	4799	1178	3262	1948	2038	4014	3842	767	964	2303	2944	1258	4465	2112	616	2503	501	4986	3269	4325	2446	474	3498	4298	4714	2971	910	2606	4061	899	3632	686	468	2510	1577	5004	3928
1785	3287	3937	4500	1437	1629	3611	1813	2490	384	1527	1392	2478	2956	2627	2778	573	2400	4447	1296	2564	1440	568	3542	1232	690	719	2799	959	4412	1216	466	2314	3585	1944	2540	2930	2721	2642	5051	3535	2842	2389	4198	2591	4357	1415	426	833	1810	576	4606	3402	4386	4665	3863	879	3301	938	997	100	4083	3507	4806	1328	281	3150	1830	1480	4470	2018	3982	556	1685	1919	3313	1117	465	4869	4965	3156	4026	2072	1955	3648	227	3973	4973	4797	983	1238	5009	4863	1477	100	1120	3085	3354	346	4571	3255
2555	4356	389	1826	3529	2077	4032	449	4331	2350	100	309	4614	291	3927	4460	1895	4719	4909	215	379	3155	946	2092	170	4382	4345	3736	101	4182	3173	354	2459	2232	3591	859	4823	3613	1305	3535	5051	706	4439	781	2210	4563	4815	2323	3700	380	3476	4652	3708	4522	3633	3981	1724	4305	921	100	2316	3161	4929	1235	4997	3251	3812	2738	2252	2086	2888	5008	2481	3128	2260	1505	2715	1522	4781	2735	1572	4991	939	141	1823	3776	3742	2102	2848	1555	607	359	4433	3378	2291	3345	874	2921	2154	3605	2980
778	2652	981	4777	2969	4852	512	1281	1005	710	4934	4792	2862	4116	3264	1714	3897	4970	1858	100	1670	1981	1892	1517	3029	3531	150	2356	3438	2398	2889	2581	1513	4521	3412	4469	1186	1362	1421	2842	706	5051	3416	935	1877	2272	3908	5038	3587	3965	1160	3236	2027	318	3439	3934	4443	528	4728	5020	4808	2542	3078	1985	3916	4640	3945	510	822	4502	2035	3386	4359	3141	4222	4856	2239	3210	2758	2547	1350	4662	3946	580	841	3104	566	511	2227	2396	3575	4206	4078	1481	4243	3821	313	3458	100	1202	3610
4441	2596	3315	1743	2947	1310	2452	1201	1916	3583	2625	3537	509	1579	2443	348	3804	3047	3187	855	4850	100	2411	1406	2082	4988	941	2090	885	333	1144	1172	3862	1888	4568	100	4484	3831	3536	2389	4439	3416	5051	828	3597	3520	3943	2327	2465	1189	1075	1939	4761	3080	3617	970	2698	1227	3093	467	270	2979	1297	2418	3184	2473	3048	2787	2380	541	385	2534	1770	1334	2312	4704	685	1627	3962	3984	1604	4341	862	1359	4370	4894	1503	1580	2190	2006	4322	1759	1199	4312	4968	124	1751	1943	4411	3480	805
4544	1073	3316	1122	139	3673	4191	100	4723	4009	4610	100	3532	4338	2053	4472	371	2632	2220	3353	2796	2545	2401	2602	1982	2097	720	3152	3270	1782	202	1173	2544	3533	3663	4538	1410	762	869	4198	781	935	828	5051	3654	4709	2830	1987	1009	2864	138	4847	1700	3640	631	3666	1449	4757	4131	4363	4262	3780	3892	4592	3461	1696	4125	3296	2776	1506	2882	4021	100	1154	3026	709	3143	4124	2561	4821	2440	1037	2766	2246	206	4102	4171	3258	668	1745	103	2438	166	4707	807	1226	2995	2394	278	3238	4197
963	434	892	3368	4705	3302	4994	4816	4613	523	4117	1566	137	4399	2853	108	785	2855	461	360	2665	3920	1250	3376	3016	3118	3764	2387	4890	1425	1210	3878	5034	4143	2101	3459	3248	3099	655	2591	2210	1877	3597	3654	5051	797	3002	2002	1428	4632	100	849	3721	3477	179	3144	933	2785	100	5049	148	4231	3993	1143	1061	2530	1259	1733	2138	3716	131	2240	4580	3557	2808	3763	3451	800	5032	2084	3218	2522	3430	4703	3131	2923	2943	790	3824	2662	4881	2216	4440	306	4964	1639	1934	3391	4482	499	3740
1923	4016	2134	1800	2509	3338	4820	1217	1550	2145	100	4887	1174	653	4337	100	1899	3181	3054	1100	3875	100	2967	1094	2619	599	3039	1121	3636	2543	711	4237	2139	1805	3060	636	2526	4377	2598	4357	4563	2272	3520	4709	797	5051	1083	4483	4034	3332	2095	2498	3225	995	1337	453	3191	760	588	1129	4031	3561	1607	1729	2458	4990	2529	4209	3423	234	2616	4558	4956	919	2806	2293	3293	1893	365	4072	572	673	1739	3491	2412	4893	4292	431	4474	2273	3325	1029	3550	1703	4880	3634	3722	2100	3063	920	2349
3121	100	1790	1340	4611	3688	3384	2511	788	666	1842	3671	3342	4286	2360	2818	1301	470	2649	2800	516	1077	2229	4747	4575	4752	1820	1390	643	3859	2450	1538	4682	2467	415	2809	2296	2575	1515	1415	4815	3908	3943	2830	3002	1083	5051	1828	3017	2109	1418	2610	4176	1588	2014	1767	2433	1476	3479	100	3312	621	1676	3067	4676	4454	4927	3417	2363	1177	114	4360	1903	1898	2636	1403	857	4098	4774	432	1977	3752	2679	228	4324	4916	3793	2873	2574	1010	367	2153	4523	3061	4326	373	4810	4224	883	326	1536
2079	736	4930	4310	846	1951	3953	1247	2181	1546	2667	4250	4381	2926	1139	1253	836	611	5037	3280	2847	2872	1594	4967	1786	4343	2992	1465	878	1999	3690	1491	2496	393	5019	185	907	2150	100	426	2323	5038	2327	1987	2002	4483	1828	5051	2891	1660	4766	2146	3826	1866	199	2709	4367	3024	401	633	3351	810	1484	1680	3040	2722	1221	2567	2003	890	435	3230	4634	3175	4022	4233	3124	2485	2242	4545	4803	4644	2763	1598	4546	618	2390	4169	2518	2578	100	2856	2215	3784	1587	4236	2397	2202	740	998	2254
1331	4388	4493	182	253	697	755	4089	784	1112	495	1663	4966	2525	1507	236	403	1285	1382	2989	3972	604	716	4063	3347	987	2199	4308	1801	547	1311	3687	3142	2658	4492	1206	100	353	249	833	3700	3587	2465	1009	1428	4034	3017	2891	5051	172	1055	2570	4366	2171	3426	3883	4163	1004	3627	3032	3566	2176	212	4743	865	884	3672	3334	4908	4642	1026	3817	3525	5046	3895	1524	4055	3679	1669	3101	4661	2142	3111	441	4825	3415	437	1076	450	1872	1195	2541	4136	2037	3375	4184	4920	1683	1016	1469	3277
3930	3488	1303	555	204	2469	2164	1927	3978	112	4824	2263	275	4666	3570	3571	1131	3422	1149	906	3526	743	3650	4496	3322	2824	4238	5007	562	3399	217	2911	1176	1266	2248	1432	4585	1054	2792	1810	380	3965	1189	2864	4632	3332	2109	1660	172	5051	3207	5005	3485	100	3889	3401	557	4054	3567	2050	5043	1021	4935	1778	895	1686	2133	2361	1853	3317	2661	1184	1850	161	3857	2359	3604	560	4354	2117	2195	3472	2914	4549	1757	4445	4069	1922	2573	4137	2067	1314	2876	1570	2744	1956	1500	1287	4294	2894	1038
208	2516	1723	2678	3043	923	1162	2125	4683	1762	4220	3229	2757	364	1712	1064	2520	370	1760	4240	3457	1727	4846	1105	4621	1052	4793	3469	4636	3190	693	3154	4215	135	3614	3411	4107	2726	1059	576	3476	1160	1075	138	100	2095	1418	4766	1055	3207	5051	2249	1019	4186	2310	4862	1228	678	1908	2603	321	629	3388	1640	3717	3506	4507	2315	3486	2115	255	574	4641	2211	4769	251	3860	4320	3494	1624	1537	2460	940	4729	3194	1479	3149	1445	116	830	3917	4572	4038	930	4154	1818	4187	4914	342	4285	4791
3518	336	1864	1283	1101	2456	2182	1169	3729	498	4193	3879	3335	4602	632	1603	3638	2489	1313	3890	1134	4228	905	3521	3595	3359	4419	1521	4670	2384	3522	514	358	1658	4289	3355	4837	2623	4748	4606	4652	3236	1939	4847	849	2498	2610	2146	2570	5005	2249	5051	4251	1584	2951	2439	1957	3226	422	3720	1636	3900	2605	1234	3028	4283	4058	2562	246	1196	3428	2729	4020	121	111	1471	1036	1375	4212	4088	1453	4755	694	147	1022	2845	2903	100	2352	3877	1183	2813	231	4151	3153	4185	4259	4123	2568	3830	4323
2343	1478	4871	3367	4248	295	1444	1906	3999	4809	1541	3616	1007	2007	2283	428	4415	583	1497	2929	2302	1278	2106	3829	2378	652	3361	656	517	1978	4844	986	4691	3319	1056	1675	2421	1822	3923	3402	3708	2027	4761	1700	3721	3225	4176	3826	4366	3485	1019	4251	5051	4362	3602	3097	4776	4091	3782	1431	1838	4498	4060	3681	2081	2519	703	1261	1279	2122	2336	2751	469	2601	3898	2737	798	754	3252	2373	3471	4203	211	5031	2234	2030	1569	1401	5028	100	4352	803	4917	2362	300	4547	1947	1345	853	1879	1561
1932	2265	195	4328	3750	4866	1792	2114	2577	2047	343	372	1560	4686	1467	4672	3331	2386	2592	2609	975	4785	809	3244	3231	4165	1063	4889	3177	2313	2833	2716	4822	1042	315	4141	4906	238	3373	4386	4522	318	3080	3640	3477	995	1588	1866	2171	100	4186	1584	4362	5051	2193	1722	2759	1718	2075	2149	3220	3871	635	3295	349	3668	4926	1242	559	2129	4787	2576	2486	1915	4177	1267	4838	2187	459	4981	3552	2886	4936	4608	100	2717	2186	4101	4939	4675	2200	2231	400	2618	704	2178	1763	2204	730	4067	100
1312	4677	107	1740	4795	3019	414	848	2194	4679	3868	4097	3014	1633	316	2663	3432	515	1736	1540	2945	1200	1532	4253	3609	4355	2445	4984	3918	4235	2271	4910	1504	1268	3846	4108	1625	3425	100	4665	3633	3439	3617	631	179	1337	2014	199	3426	3889	2310	2951	3602	2193	5051	3584	2281	553	4503	707	1396	4574	4033	896	4950	1859	1325	1559	2116	3980	3515	2110	2124	408	256	1263	2385	734	100	3513	3071	1573	2278	3012	345	641	100	945	1688	169	4969	3297	937	3505	1632	2019	2054	2487	4039	100	3441
1514	4246	3413	4271	285	4864	2357	5023	4196	2028	1622	3300	554	1489	3069	240	1654	2647	3517	4782	5030	4857	3240	3755	340	2024	1405	2371	814	312	4542	535	4096	1046	569	1710	1964	1741	1138	3863	3981	3934	970	3666	3144	453	1767	2709	3883	3401	4862	2439	3097	1722	3584	5051	4783	4534	4082	1557	100	5017	4278	2937	2952	3665	3219	4779	662	100	2330	3528	4718	858	3365	4397	243	4150	3392	267	715	4763	2143	4229	1545	1815	3657	2910	478	1913	873	1869	3201	2613	4717	2719	248	4713	2430	5039	3540
5042	1871	2780	4896	1072	1353	3390	1959	3042	1779	2370	1817	100	3800	1111	445	4317	2557	1229	2920	745	1106	3366	1609	4600	2854	1436	3977	3781	4053	3188	1326	1211	4578	3759	3091	1630	2749	675	879	1724	4443	2698	1449	933	3191	2433	4367	4163	557	1228	1957	4776	2759	2281	4783	5051	5035	1618	191	3562	2538	1096	3641	3108	2885	3051	3208	3509	2867	3274	1147	2811	198	1015	2423	1126	3519	2756	1966	4394	4888	1239	4448	4050	5002	3847	1114	2975	2521	2140	3704	362	4190	3674	3691	1222	5026	3445	744	259
404	4649	2366	4617	4874	4159	3475	2794	1914	3608	3849	1861	3568	645	2428	532	3500	4535	791	3834	1811	542	2364	957	3371	2656	4788	1356	1050	4590	3056	100	4635	110	4840	1136	2382	1091	1395	3301	4305	528	1227	4757	2785	760	1476	3024	1004	4054	678	3226	4091	1718	553	4534	5035	5051	3644	4836	2268	3527	2441	3370	1011	3266	3823	4972	1887	189	4478	3669	2680	777	4049	4087	775	4075	4680	100	875	2025	1124	4830	2502	644	545	3796	2218	4015	2365	3961	487	2631	1542	1562	1605	2093	2512	2022	1323
4012	308	100	2319	2938	2045	4591	3119	100	2960	4052	423	3983	867	4004	2331	2266	4457	1843	4437	3205	2875	3861	2468	2643	1466	2635	4114	4525	4532	2691	3559	5014	2123	4855	1090	2031	158	3261	938	921	4728	3093	4131	100	588	3479	401	3627	3567	1908	422	3782	2075	4503	4082	1618	3644	5051	1338	3941	2963	1132	366	413	1882	4625	590	3907	1750	2870	1891	1400	2843	4227	2453	3564	3630	659	123	3162	3592	4842	637	1074	2793	3797	1601	3905	3966	1462	4299	881	999	4048	3036	4827	2532	4530	1809	4368
4834	3994	1659	1840	3337	2912	4071	2734	2304	3260	2976	2415	4387	1416	699	1791	2507	100	3855	1207	3474	1006	3327	2325	3053	2020	3105	3243	2217	268	1793	2328	2188	3775	2933	1543	4543	2088	3865	997	100	5020	467	4363	5049	1129	100	633	3032	2050	2603	3720	1431	2149	707	1557	191	4836	1338	5051	4252	811	3107	2063	3241	2000	2447	3380	2985	1333	1665	1397	3995	2959	2247	1986	3911	3481	100	1788	2339	3743	1130	4768	4734	2238	3052	4851	1388	796	2537	4919	2890	2297	2681	1459	2255	4148	4954	5000	770
2659	3600	3462	1115	4807	2723	2599	1880	1863	591	2477	3677	3612	1889	1692	1795	3234	4489	3833	1991	615	3066	721	4369	100	1302	3358	4375	4302	886	4668	4064	105	4667	4982	1628	723	3130	3747	100	2316	4808	270	4262	148	4031	3312	3351	3566	5043	321	1636	1838	3220	1396	100	3562	2268	3941	4252	5051	4989	962	100	4528	543	1145	661	338	4423	1583	4861	1499	2505	3714	1188	2470	157	4025	4045	2434	200	3134	2055	1945	3336	1493	1635	2172	386	378	357	3070	2684	4105	3247	3618	4839	100	1373	1709
1855	4897	4724	1251	2017	928	3601	2436	4517	4577	670	1357	4937	2426	2466	4564	3901	3803	954	303	2760	2852	1098	601	2600	505	4321	2290	3964	3117	2284	2212	4664	1796	1974	640	4346	100	4424	4083	3161	2542	2979	3780	4231	3561	621	810	2176	1021	629	3900	4498	3871	4574	5017	2538	3527	2963	811	4989	5051	4104	1904	4651	2560	4226	410	4749	4079	1705	3148	100	2961	4895	1933	1917	3534	4616	3246	2432	3389	902	792	1995	2335	1377	552	605	3464	2896	1203	1589	713	522	3545	3308	2786	368	2395	911
1223	691	1626	1463	2484	1520	4619	578	280	613	3768	2932	3382	500	2782	3455	4998	2391	3825	390	5001	1807	4579	3606	4264	4657	3339	4152	3407	2594	3839	2669	3991	1641	3697	421	657	307	2869	3507	4929	3078	1297	3892	3993	1607	1676	1484	212	4935	3388	2605	4060	635	4033	4278	1096	2441	1132	3107	962	4104	5051	4028	3437	324	1756	1772	171	683	2309	4358	100	167	773	447	2076	4818	1687	3544	3431	4744	4770	4347	2461	1363	3433	530	3516	2769	2582	4800	4170	5006	3952	4551	381	1041	1417	4453	672
1534	3092	4490	2879	4725	626	4860	1451	1821	1553	2814	4689	2953	3555	2836	502	3079	2324	184	1304	2301	1969	2506	2029	646	2755	3126	3082	175	2052	4938	3931	868	4432	1113	1556	1448	3607	1617	4806	1235	1985	2418	4592	1143	1729	3067	1680	4743	1778	1640	1234	3681	3295	896	2937	3641	3370	366	2063	100	1904	4028	5051	4006	4207	2010	1426	1839	3921	3463	3631	4518	1612	4002	1920	2099	1043	4669	3732	425	2151	4103	3289	1764	4628	4276	1804	2422	2637	3594	444	2113	3988	1306	418	4005	2163	402	3958	3409
2245	3018	1012	2492	4041	193	220	1473	4550	765	4202	361	3140	4111	296	3496	1938	1198	3209	612	473	4301	3279	2008	1031	4925	387	3737	1647	1420	2725	374	684	3182	4693	789	4204	4059	4799	1328	4997	3916	3184	3461	1061	2458	4676	3040	865	895	3717	3028	2081	349	4950	2952	3108	1011	413	3241	4528	4651	3437	4006	5051	4384	4553	3006	4142	4361	2435	4811	3810	1123	4365	4266	851	4133	1413	3904	2332	540	3718	1511	4554	1930	4501	1585	3967	4378	100	1576	1721	2513	4845	642	702	4796	3285	4612	2399
4605	951	2710	2196	2877	1984	4948	4417	2857	958	783	2427	1089	100	2494	1438	1824	1119	2036	4318	3172	692	4471	3033	1884	4583	2286	1141	1001	3088	3340	2771	1002	2724	1819	1961	3739	600	1178	281	3251	4640	2473	1696	2530	4990	4454	2722	884	1686	3506	4283	2519	3668	1859	3665	2885	3266	1882	2000	543	2560	324	4207	4384	5051	2668	771	3959	294	4505	4330	3676	4911	570	4426	1490	3314	4265	1246	4081	1361	4646	3734	287	750	1008	956	2548	2488	667	3866	4172	2152	1841	2241	1248	4140	3504	2718	4960
454	1876	1166	391	2607	2348	3281	4630	100	801	2974	1047	2807	918	1844	2572	520	658	3929	2942	3015	592	4042	2904	3377	4040	4536	5013	4798	4942	4582	3132	1535	4512	561	1971	322	3753	3262	3150	3812	3945	3048	4125	1259	2529	4927	1221	3672	2133	4507	4058	703	4926	1325	3219	3051	3823	4625	2447	1145	4226	1756	2010	4553	2668	5051	1324	1014	152	2934	3948	1551	1897	149	4494	3749	2583	1158	2990	1771	4508	1260	4335	125	3578	2508	100	4996	476	904	4903	2731	2928	894	3145	4849	665	4391	109	1784
4730	3037	1380	100	1965	2611	972	3068	1929	3138	4637	4561	4706	527	538	2358	3741	2558	2884	1118	4218	2589	4519	277	213	2883	4480	1924	4099	1591	4164	2827	3628	2831	4832	1341	1191	1058	1948	1830	2738	510	2787	3296	1733	4209	3417	2567	3334	2361	2315	2562	1261	1242	1559	4779	3208	4972	590	3380	661	410	1772	1426	3006	771	1324	5051	289	344	2617	128	1902	1949	328	763	100	406	1992	140	4396	363	314	4066	4279	2044	3010	229	2341	4157	1611	3806	2733	627	3268	1860	2277	3771	3199	3789	769
3938	2770	177	3466	2664	1081	4449	4771	178	1706	2222	1837	3586	4604	4573	2670	4859	1940	4975	2406	2235	1623	4539	3021	3096	155	1292	4223	2329	4742	3902	1501	2977	1127	733	3649	977	3454	2038	1480	2252	822	2380	2776	2138	3423	2363	2003	4908	1853	3486	246	1279	559	2116	662	3509	1887	3907	2985	338	4749	171	1839	4142	3959	1014	289	5051	100	539	492	872	2523	4409	548	3772	4466	3217	1065	290	2624	4334	4886	2457	1017	2801	1529	3253	4509	1526	1926	4051	4537	2998	4319	3795	1447	1018	142	2073
2132	3394	4754	4175	106	1787	4629	1744	192	3738	4340	1653	4057	100	3062	821	3851	1386	4831	4921	4721	334	2071	3744	1236	485	4556	624	1638	835	3554	4593	3712	4208	550	816	2353	3675	4014	4470	2086	4502	541	1506	3716	234	1177	890	4642	3317	2115	1196	2122	2129	3980	100	2867	189	1750	1333	4423	4079	683	3921	4361	294	152	344	100	5051	908	3435	909	1976	2338	4080	4300	1159	4459	4450	1289	3836	3870	2895	1354	1578	1252	2131	1369	558	4710	3041	4491	2009	2752	194	2901	3979	4336	544	982
4178	5016	1192	3275	794	4802	2949	1381	586	2892	100	4656	2159	4086	585	2189	299	1461	1581	1318	1429	2157	3045	852	914	2005	100	3249	2085	4912	4046	3643	3357	1697	2483	2906	4875	950	3842	2018	2888	2035	385	2882	131	2616	114	435	1026	2661	255	3428	2336	4787	3515	2330	3274	4478	2870	1665	1583	1705	2309	3463	2435	4505	2934	2617	539	908	5051	3778	262	209	1970	4109	4833	1678	430	1084	3963	4843	1719	1962	1812	4348	3393	1857	2620	2924	4566	205	411	589	3745	2347	3009	1060	4681	1110	2962
4390	2136	1873	2011	4189	3548	1099	133	4485	2372	4435	831	4180	2098	242	1746	3233	3661	832	3224	1973	4949	1621	2745	901	4928	2736	1825	3935	3837	2626	2305	1387	3968	3553	302	2803	3444	767	3982	5008	3386	2534	4021	2240	4558	4360	3230	3817	1184	574	2729	2751	2576	2110	3528	1147	3669	1891	1397	4861	3148	4358	3631	4811	4330	3948	128	492	3435	3778	5051	4332	1430	329	735	2279	245	4596	3227	1291	4901	3974	134	100	1435	3083	915	284	2333	2837	4153	567	216	1255	2527	1249	4746	4201	1455	2119
100	3807	1516	3305	2781	4878	5027	891	1754	293	1901	3684	4018	2374	1164	4559	335	677	2657	2993	1599	2424	3381	1355	2454	3113	3489	2693	1689	992	3624	2595	4758	3050	2897	1766	2198	493	964	556	2481	4359	1770	100	4580	4956	1903	4634	3525	1850	4641	4020	469	2486	2124	4718	2811	2680	1400	3995	1499	100	100	4518	3810	3676	1551	1902	872	909	262	4332	5051	823	4455	2899	3761	339	4589	100	118	165	3711	286	100	3136	1231	1048	187	1528	3942	1244	1409	4479	2410	1155	3114	676	100	976	808
1273	3683	4995	1062	3933	3975	3556	3193	1848	2214	2571	2451	4267	4147	2849	1983	352	1257	1684	4199	1780	4784	4660	2183	2817	1404	4548	4444	3263	100	1419	598	241	2448	1963	4974	4333	2223	2303	1685	3128	3141	1334	1154	3557	919	1898	3175	5046	161	2211	121	2601	1915	408	858	198	777	2843	2959	2505	2961	167	1612	1123	4911	1897	1949	2523	1976	209	1430	823	5051	2902	625	3478	1439	4076	4275	549	3926	1487	4804	1346	4146	2048	2764	3387	2462	3235	3758	2551	4540	2559	2812	3603	4307	764	2058	757
3215	4883	2984	3765	1548	480	4513	3590	3110	250	531	2832	776	2783	620	774	2553	2408	3856	100	2419	3989	947	2549	1777	2197	223	3212	1642	4527	2579	1755	2298	2999	3874	4622	3880	2546	2944	1919	2260	4222	2312	3026	2808	2806	2636	4022	3895	3857	4769	111	3898	4177	256	3365	1015	4049	4227	2247	3714	4895	773	4002	4365	570	149	328	4409	2338	1970	329	4455	2902	5051	2258	2935	3434	698	1713	1997	1329	2250	1482	2404	1319	3514	861	4068	2206	674	2900	1655	4011	188	4976	2946	1894	4473	1615	3245
603	2282	1185	197	3239	3957	1240	3524	100	1575	218	1616	3986	4260	4732	4242	3271	3702	4570	2821	4607	4882	2699	2170	1146	1742	2983	3951	980	3222	1212	4210	806	2686	3278	2861	4576	2173	1258	3313	1505	4856	4704	709	3763	2293	1403	4233	1524	2359	251	1471	2737	1267	1263	4397	2423	4087	2453	1986	1188	1933	447	1920	4266	4426	4494	763	548	4080	4109	735	2899	625	2258	5051	456	2144	3001	3309	5011	2069	1163	1525	2243	483	4120	4428	4166	3086	2208	3748	2472	2850	953	2224	3174	4531	4868	341	2954
4115	1610	477	219	484	4924	100	3031	2015	1474	3307	4374	882	494	1044	1116	3100	913	2868	2004	4615	472	2495	2393	2340	4418	4658	4043	3873	3005	4898	4655	4526	2863	4413	4195	4403	2524	4465	1117	2715	2239	685	3143	3451	3293	857	3124	4055	3604	3860	1036	798	4838	2385	243	1126	775	3564	3911	2470	1917	2076	2099	851	1490	3749	100	3772	4300	4833	2279	3761	3478	2935	456	5051	2463	2887	3576	2060	1288	817	4639	4952	1928	3195	497	4113	1671	936	4129	4812	3360	3864	4595	1673	1990	4638	871	2147
1049	3346	4249	4623	2317	1912	4145	4687	4007	3034	1523	2754	3482	1829	1664	1498	1472	2768	1967	4132	2682	1720	3843	3027	994	3404	100	3330	746	732	2001	1600	4385	786	1039	718	3660	4828	2112	465	1522	3210	1627	4124	800	1893	4098	2485	3679	560	4320	1375	754	2187	734	4150	3519	4075	3630	3481	157	3534	4818	1043	4133	3314	2583	406	4466	1159	1678	245	339	1439	3434	2144	2463	5051	3420	1574	3228	146	753	4884	4694	1552	4931	1092	2638	2851	2175	2683	1657	3760	3497	1643	100	2981	4481	747	3272
837	4395	3090	3751	3055	4422	696	3011	1608	2692	4698	122	2728	2057	506	319	1918	2444	1776	4733	3186	2641	1187	482	4826	990	3565	4915	463	1602	1208	2621	1694	4353	793	1003	1204	1634	616	4869	4781	2758	3962	2561	5032	365	4774	2242	1669	4354	3494	4212	3252	459	100	3392	2756	4680	659	100	4025	4616	1687	4669	1413	4265	1158	1992	3217	4459	430	4596	4589	4076	698	3001	2887	3420	5051	2706	579	2697	2587	4309	4700	424	961	1941	3165	2111	301	3147	2500	1726	2376	900	3443	263	2676	4514	258
4711	1998	3774	4118	3623	722	1391	203	4128	4992	1909	3944	1104	3698	2351	3914	4552	1349	2775	3299	1885	4476	2815	4062	3232	4885	260	3106	3333	3323	3954	529	3385	3487	1434	2702	2375	2533	2503	4965	2735	2547	3984	4821	2084	4072	432	4545	3101	2117	1624	4088	2373	4981	3513	267	1966	100	123	1788	4045	3246	3544	3732	3904	1246	2990	140	1065	4450	1084	3227	100	4275	1713	3309	3576	1574	2706	5051	3452	1422	350	382	2270	496	416	4751	3971	4987	4584	779	113	3473	3787	3767	1271	2034	3467	3254	4692
1564	221	1286	1269	2750	232	292	489	448	3414	4288	3007	100	2671	741	4410	3940	4794	1194	4106	952	2701	120	1157	226	864	1547	526	4716	815	2108	4790	4688	1441	4708	4702	4597	490	501	3156	1572	1350	1604	2440	3218	572	1977	4803	4661	2195	1537	1453	3471	3552	3071	715	4394	875	3162	2339	2434	2432	3431	425	2332	4081	1771	4396	290	1289	3963	1291	118	549	1997	5011	2060	3228	579	3452	5051	1343	214	3030	3960	4587	1087	3667	1034	3139	2816	1027	4135	1368	100	443	2915	3109	2056	327	4003
1358	1674	4282	440	4295	100	127	4316	2660	2264	2789	3329	3214	3256	4620	681	4181	1142	931	1761	2449	4899	3757	4601	2259	1693	2306	4339	1321	3133	3286	3692	4773	1847	749	2168	3362	2185	4986	4026	4991	4662	4341	1037	2522	673	3752	4644	2142	3472	2460	4755	4203	2886	1573	4763	4888	2025	3592	3743	200	3389	4744	2151	540	1361	4508	363	2624	3836	4843	4901	165	3926	1329	2069	1288	146	2697	1422	1343	5051	3882	2107	3176	1383	4918	4947	4188	2825	3913	4673	4406	4511	3398	2326	4256	3819	4786	1803	225
