7261	4558	120	944	1941	299	3321	5015	6340	1701	121	209	3531	2550	159	364	3175	3164	6806	1277	261	2128	5694	6413	7194	6480	2281	4951	750	501	798	3550	6769	1661	4783	2012	761	1157	1644	5543	5307	3049	6138	4678	3312	1893	4954	5504	4295	585	5956	5737	968	1578	3900	1917	5495	2467	1636	6134	3673	1810	3440	2554	1124	711	120	1120	5775	1907	1312	2165	219	6422	731	3936	520	6899	3065	2378	3335	6559	2717	7258	120	5939	6260	356	3819	7064	3250	3185	4189	5812	6124	7201	6680	5768	5088	5780	3480	120	3310	3238	4580	4804	1271	132	6876	3333	6333	6924	5554	912	3499	393	6472	5371	1547	4649	6198
4558	7261	1089	2575	5212	6750	6506	2326	1512	2901	4376	6051	432	4077	2698	6325	876	6844	5425	482	5454	1048	4278	6536	2882	5325	2791	3231	6252	768	7250	2023	2355	5225	2103	1468	2096	2597	1539	1598	3689	3560	3229	3434	3245	5906	120	1453	556	5441	6701	570	1776	4976	5934	4955	6921	2998	536	7040	3446	3897	3030	2757	6267	5927	658	222	2580	5664	6733	6026	625	3387	4574	2031	693	850	6918	6671	5272	3780	5601	310	5733	1458	2019	5582	3768	2574	7238	7181	3807	4968	4532	7091	3906	5817	1594	6527	3008	4437	7188	1150	4469	1923	6651	4535	6691	5315	1297	3769	2282	7058	1190	5655	6477	3984	120	5005	5300
120	1089	7261	4075	4500	7112	5848	873	4146	2134	4789	6563	1891	2042	3173	1974	1613	2080	1712	2516	120	6173	914	4288	2325	1250	5177	1699	1709	4318	2152	4786	2871	4941	414	5263	6199	3114	6621	1653	5562	4584	1176	6718	4614	3674	2115	2572	6986	6049	5980	3106	4946	5007	2286	130	1382	3941	5660	5967	3879	975	5056	3834	269	177	874	6756	385	4495	967	2106	3060	2092	6712	3808	5541	3417	1216	4796	2967	1801	7029	5068	4604	6869	2982	2420	7225	2124	5595	5109	4957	2969	3859	3719	4746	309	6225	5978	5401	1993	758	1449	4439	6399	3054	5330	7042	4855	3001	6855	2359	745	6843	1460	2761	6795	833	838	1045
944	2575	4075	7261	1897	1879	2086	4358	7094	339	6001	6457	4292	1058	6961	7138	2122	6492	1300	2069	837	5722	6056	2183	3364	4449	5232	4042	1481	3053	2202	883	3775	7217	3392	2414	2941	2137	2795	1927	2686	4170	2896	995	2723	6588	2994	4030	2521	6451	333	5969	7025	1116	5920	5781	1396	4748	6047	6044	5169	5778	2958	7240	6007	3995	7101	5265	2797	906	2840	2397	2239	2417	6092	1380	7099	3760	3648	4136	6164	3444	474	120	1621	120	4009	120	6181	4087	1374	1874	5515	470	2363	2547	5689	6135	1128	5491	729	5838	6624	5261	1037	5738	383	1541	120	6078	1366	4235	6069	2349	1546	3576	3460	3107	354	5231	4811
1941	5212	4500	1897	7261	1720	4765	947	1582	3007	7041	3368	7083	1597	4123	6593	2598	5839	1335	880	6002	6708	156	4643	1603	1079	1298	5167	6898	2701	1014	1007	2340	2537	2529	1035	2599	1201	801	2338	223	1521	3029	3861	613	3161	3355	120	5471	539	3734	140	5238	6630	1690	5100	7249	790	5709	4812	307	2203	2014	7247	7167	2072	5003	262	5222	6960	1210	6709	932	5653	864	3409	5499	5783	6067	3314	4929	1125	5765	1746	2185	1652	6103	5200	1365	5804	645	2230	523	2947	3100	1131	7223	3588	5170	3316	3027	7156	6646	1795	7148	3606	2895	957	6667	1179	5360	6994	3627	1721	3514	5702	1498	2832	5773	3948	2756
299	6750	7112	1879	1720	7261	3067	5797	1350	1981	5440	1467	397	1864	1592	6280	5942	3179	640	5570	4926	2902	1706	4958	835	4067	6031	1034	6928	312	4262	3785	6978	1812	634	951	5970	5405	260	3967	4250	2498	201	6505	3459	1359	5718	6653	3220	6220	7185	636	2966	1263	4431	905	2236	6161	6314	5210	6572	5230	1570	6436	120	6165	3385	187	2648	538	395	4747	5788	5426	795	4667	4277	3914	3051	3184	4975	3147	6500	2524	3592	7133	3180	5497	1740	5678	4420	6129	6241	3593	6366	910	852	5659	5647	2824	1322	1809	2890	4252	1431	3158	3239	3994	2845	5294	993	2468	4103	3709	6396	3969	998	6482	6840	7130	2215
3321	6506	5848	2086	4765	3067	7261	2816	120	7039	4094	5465	6897	176	6293	805	3041	5999	5070	6873	1364	6837	1629	263	4945	4053	5273	7078	4394	3119	6235	4480	420	7155	1669	6514	2208	2441	789	7218	1932	4429	4481	3329	224	4825	3334	4155	668	178	5510	3487	924	4919	229	5097	1404	5723	4603	571	2182	599	3394	5955	3190	6183	4719	4525	5981	193	5787	4425	1586	2188	4198	2131	2720	2176	2226	297	150	3616	4573	7210	6133	5421	4191	5399	120	977	6093	4117	1544	4313	6545	6890	1775	1736	5917	1279	1537	5428	5879	1455	2654	6906	6761	248	2448	927	6299	6249	6623	5395	1866	5073	6969	6595	776	7084	6912
5015	2326	873	4358	947	5797	2816	7261	2583	6543	5705	5976	5668	5862	4993	6474	1995	4736	381	1772	5726	1623	167	1982	3166	5158	3939	4134	5408	1725	4894	1465	6196	2964	3381	343	1708	7060	2168	1343	6999	7192	6604	6331	446	3631	2114	2276	7031	2431	5327	1729	1646	5843	7027	4328	337	716	5314	5313	5076	2210	120	148	6797	120	1240	6942	4332	3176	4528	2980	4393	2908	3406	2755	4868	1611	6208	120	6872	1158	6547	1943	5671	4833	2624	2393	203	5197	4882	5194	3659	3078	1194	6600	3474	2053	2497	6762	3799	1825	6846	2321	408	360	4015	2787	2471	4270	6830	2039	2565	1090	2752	120	5767	6562	6027	120	4587
6340	1512	4146	7094	1582	1350	120	2583	7261	1233	5556	1326	3071	5246	6735	4813	2167	6592	553	1107	281	6005	4720	5477	6932	4770	4572	1294	6095	6415	933	2222	655	822	2504	965	3915	2538	1967	4265	1697	6678	4539	1134	5508	4550	4063	6467	901	3410	455	4880	465	4229	5284	3063	1234	5895	5632	5106	3052	1526	6548	3125	1452	6259	1688	6802	2306	4243	2352	2638	3010	809	5890	7233	2666	144	1916	2753	6204	6265	6388	4633	1518	1161	5138	4120	3299	4282	6193	1839	2341	4983	6200	4534	3642	173	1017	5457	812	2370	4397	271	6151	5915	1228	4641	3545	227	7095	4806	2158	6905	2392	3513	7220	4745	3265	1830	971
1701	2901	2134	339	3007	1981	7039	6543	1233	7261	3287	2806	308	5229	6497	3887	1929	5116	2651	120	1478	996	2450	3311	1559	6296	5740	2440	6063	6658	2622	2460	2194	2337	4002	5281	652	2232	4924	298	162	1208	4176	4274	5346	6130	1015	6122	4379	1049	919	2808	1829	4921	3429	4023	2699	5302	2076	4684	5383	3921	3615	6672	784	4218	6439	3733	6244	3011	5286	6533	1641	7251	6861	7157	5666	264	2562	3934	2434	1021	5270	5800	690	3393	6935	2800	5242	1931	5685	6020	4237	5682	6809	3899	4418	1858	5669	6920	3453	909	6766	3618	3056	6775	3413	3911	4033	4871	5028	1843	6753	954	4472	453	6581	4552	3856	3945	2985
121	4376	4789	6001	7041	5440	4094	5705	5556	3287	7261	3669	4021	2744	1913	4672	4499	723	2652	5845	3567	5681	1821	815	5960	7052	441	3201	2190	4918	2308	1142	5329	6959	6993	2923	6171	1514	671	740	952	611	6644	6351	5516	4323	715	3254	4430	1104	5719	4494	4045	622	2028	2046	1173	172	6024	2740	2089	6496	3542	2462	744	488	120	6725	6261	2212	4055	1889	3638	5343	5511	351	255	2691	7187	4324	6926	7019	5390	4383	2328	5707	6313	4195	6835	5943	3165	6288	6110	4514	4644	5823	1984	2149	2024	459	2271	1064	346	6247	3865	2762	240	3300	2725	2317	5099	6118	1535	3061	4326	6275	4523	5258	3988	1184	1220
209	6051	6563	6457	3368	1467	5465	5976	1326	2806	3669	7261	3928	7102	3809	2298	3047	5172	1166	5164	1413	2678	600	6594	1783	199	4718	6819	3372	6888	4080	1589	5503	1392	5617	4005	6602	635	6117	2178	976	2129	2008	3306	986	3086	3360	550	632	5062	3186	2878	3188	3981	5663	2452	1295	4971	6501	6953	6666	1659	5855	5045	1206	7254	1448	4330	2097	3635	6028	1145	5031	472	5217	5478	1072	6089	5592	1548	120	5126	5584	623	6992	1016	3546	5252	6250	783	6585	4377	4788	5271	7255	3788	3811	120	1011	2702	1834	5436	3467	5657	6790	3612	1620	5752	687	6230	5443	4792	2618	4279	3414	2154	796	2866	5312	922	4381
3531	432	1891	4292	7083	397	6897	5668	3071	308	4021	3928	7261	6818	6242	1977	6127	2888	3511	253	4837	1999	4356	4666	2001	5166	5677	3249	5816	5349	4443	5419	2581	6270	2596	5597	7032	1677	1009	712	3684	1722	831	4853	236	2945	1241	4121	3679	842	3204	3500	5696	5355	787	4192	5038	1001	2567	1165	4529	1751	6192	1029	3873	4172	7048	461	7129	120	3319	5474	2186	5008	2288	7016	644	1284	6168	2435	6670	5864	2731	4017	1807	1823	4162	6700	2038	1192	5243	661	5219	2142	4526	5348	2480	225	1555	3057	5612	2446	3765	6440	4178	689	5131	3954	6066	4729	5388	5449	3159	5353	5938	7213	5386	6084	5240	4283	4927
2550	4077	2042	1058	1597	1864	176	5862	5246	5229	2744	7102	6818	7261	2825	3992	651	7090	6430	3016	3918	7147	1568	2041	3910	612	6889	4334	1290	3482	2490	2003	5880	2671	3236	5693	3870	4936	1342	6309	183	1693	2860	3221	6719	5487	2853	2047	1245	981	5790	5455	1768	2863	1388	1987	6955	3735	2398	4953	1515	781	3852	908	5613	4934	5055	120	3850	2748	4555	2962	4629	6903	618	4052	1411	4070	6336	5994	5013	7051	1600	1311	6777	5452	6008	1952	1444	4487	6023	2062	491	4708	6170	7007	5888	2054	6393	1172	4571	4428	5893	1638	1528	2602	2138	5475	5309	3432	4403	5571	5489	5370	2592	1489	942	4744	4829	1215	3313
159	2698	3173	6961	4123	1592	6293	4993	6735	6497	1913	3809	6242	2825	7261	3278	4705	6395	6352	5829	1850	578	2345	4392	6060	949	566	2196	3174	682	7116	5878	3209	2146	6991	2416	2894	4577	4607	1779	6102	4932	5059	1291	5758	2327	194	4382	2916	3303	1288	5728	1283	6224	6504	4027	1630	1960	5946	2899	3325	3376	311	2933	4114	437	6312	5090	5366	3354	2531	2637	997	6836	5417	120	1552	5924	5913	6539	2784	4972	4285	6416	5546	5608	1475	4088	5945	5561	5502	6121	5215	3276	6990	2833	3081	3141	2436	6909	4184	4905	762	6618	3160	3540	6731	4125	5269	2590	2368	4645	3216	6281	1713	3028	4600	4158	7121	3408	7053
364	6325	1974	7138	6593	6280	805	6474	4813	3887	4672	2298	1977	3992	3278	7261	3070	5432	1422	4303	6515	6484	4521	1685	6940	295	2613	2415	1566	3109	6485	4497	4468	2577	5416	1513	2683	2633	5155	4836	4623	5944	1153	2390	6223	5764	419	6495	5550	3292	1451	3389	5667	2430	290	6187	1909	7067	1939	2677	5545	6576	6434	2267	6459	3963	4037	4755	6929	4808	3678	2924	6634	2112	2402	4547	1132	6841	3564	2356	714	760	941	4933	2988	6227	2672	2123	6996	5636	1883	6908	3843	6958	3802	1814	6109	1217	5676	3804	6262	5578	3515	2556	5415	3323	1028	1525	4888	5077	4177	1337	4858	7066	2790	2105	7070	4062	1781	2362	120
3175	876	1613	2122	2598	5942	3041	1995	2167	1929	4499	3047	6127	651	4705	3070	7261	6510	2628	5036	1852	5481	5873	2607	1146	7215	4007	2528	6560	5069	5977	5686	3866	6498	120	3831	1885	5881	2713	7136	4690	6880	6425	4137	6471	2264	5040	6555	4201	3283	2636	1183	4325	3501	7128	2082	3903	4767	120	666	1873	3543	3226	4204	4878	6470	6154	4284	2455	4960	6300	5680	163	5501	894	896	3108	6271	2388	505	7179	2568	6694	5027	5547	7004	157	4916	5165	3565	6977	1837	134	2050	7257	4909	4411	1787	3168	1399	3570	1899	3880	6382	1686	1973	1663	1068	4575	158	1168	3563	3224	4717	1499	4860	3978	4442	136	5072	3277
3164	6844	2080	6492	5839	3179	5999	4736	6592	5116	723	5172	2888	7090	6395	5432	6510	7261	5803	4306	3301	427	2260	5688	1735	2220	6663	5552	120	2851	2792	3688	6303	4989	2726	6469	4301	6014	3492	704	6222	2864	4293	3784	875	4536	2746	688	1627	3586	3637	1306	878	120	5806	3814	1534	856	1096	4778	6537	3626	5569	1692	2714	2214	4563	6478	5791	2275	3193	879	4231	3257	5892	6805	5043	2707	4513	152	4268	6853	3896	5112	4308	6036	3390	3095	5779	3150	3206	7028	4544	2514	2311	594	6437	6072	6933	5523	1860	5398	3717	3212	4297	2869	617	4777	2594	1628	272	450	7013	3643	3700	1656	2839	1983	483	3594	5931
6806	5425	1712	1300	1335	640	5070	381	553	2651	2652	1166	3511	6430	6352	1422	2628	5803	7261	2838	6153	1918	3913	1122	3290	4915	3152	359	5641	2143	5827	1187	7026	1808	916	2205	4221	5921	2403	4299	5672	1352	5887	3134	2458	4355	1554	3587	4974	3889	2144	425	4734	4107	3479	4524	6064	6811	3654	2343	3477	3961	3946	2611	5916	2778	6716	5908	4586	2376	7171	3935	591	5094	4482	1232	3962	970	4756	1560	1495	5010	756	1872	320	4511	3104	3731	2254	6540	4984	2857	743	3384	1676	256	978	6276	1103	540	270	2457	5239	6781	863	576	355	3724	5183	1360	2292	1405	5729	2383	5193	5675	6184	7087	4830	3833	120
1277	482	2516	2069	880	5570	6873	1772	1107	120	5845	5164	253	3016	5829	4303	5036	4306	2838	7261	2002	6419	2974	3349	621	1840	810	5539	3557	6380	1868	2769	1945	5146	4775	4476	2070	120	5006	4240	3707	1545	3438	2555	5438	4071	3756	3217	3878	4413	3694	4846	533	3778	1044	5382	2804	4864	2485	6239	1673	6458	4630	1244	4478	2361	6150	1115	6073	6018	4619	5186	1684	1650	2199	1679	5581	6256	4135	4758	5060	3652	5984	2501	4001	6606	6464	1486	410	1660	3662	506	4215	1336	2204	757	694	4331	443	1414	1459	5695	5437	829	5851	5347	6832	1401	4620	4225	6774	1112	6915	5110	2418	557	6131	4731	3574	6444	903
261	5454	120	837	6002	4926	1364	5726	281	1478	3567	1413	4837	3918	1850	6515	1852	3301	6153	2002	7261	3039	804	555	6793	3729	4335	1167	5928	5140	2667	5846	4161	2907	6362	4128	1385	6179	4922	4848	1196	2034	3445	4417	4072	1423	5464	2068	2217	6956	4688	1434	4854	6232	5875	1356	3466	5770	3703	6557	1951	987	519	5282	5743	2929	3968	1862	907	4791	5619	4632	2563	4562	3465	6848	5650	5776	4638	962	2676	5000	6870	3280	5952	2728	6438	5720	4451	6552	6907	4857	6370	2826	4807	706	583	4141	3786	1137	4223	5042	7088	1394	755	3143	2543	5061	7082	792	1989	1540	1225	2754	1826	2155	725	820	4849	6980	4701
2128	1048	6173	5722	6708	2902	6837	1623	6005	996	5681	2678	1999	7147	578	6484	5481	427	1918	6419	3039	7261	6945	2410	7219	4624	2373	2247	2261	3140	3818	846	7124	3503	1769	3235	6350	899	4637	1666	1433	3416	5214	469	1309	527	1828	4433	4219	3202	4267	4875	5030	1094	2842	5754	1902	4569	6426	4626	456	3820	6877	5622	216	5534	4167	3793	3585	5835	1855	3284	6568	1752	340	945	2259	210	1784	2091	7122	244	5742	3938	5985	958	4732	7244	3702	2977	2926	2231	1739	5961	4838	120	1427	6453	3851	5304	6290	2535	4589	5716	3356	1381	6535	5096	4602	1441	6279	2821	464	6519	3009	7204	7245	5509	3960	4375	6649
5694	4278	914	6056	156	1706	1629	167	4720	2450	1821	600	4356	1568	2345	4521	5873	2260	3913	2974	804	6945	7261	1962	7259	2527	3912	358	2540	4739	3664	6566	1958	6369	4615	1318	120	2407	3966	2169	6490	3138	4010	508	2760	458	2284	3599	5741	4654	1577	6607	3093	226	5195	3794	5712	1964	4990	1811	2862	4818	1975	7180	1182	197	2706	4768	4997	4066	2912	6379	763	2250	5683	5143	1861	231	3025	653	5228	1841	6512	6149	4781	3242	1878	1477	4366	2249	3099	5713	3797	4592	511	2777	5344	4900	1556	1143	5643	4081	4733	3622	5480	5107	3433	6949	2936	1439	342	7236	1682	2645	1914	5989	1305	4773	4659	468	1687
6413	6536	4288	2183	4643	4958	263	1982	5477	3311	815	6594	4666	2041	4392	1685	2607	5688	1122	3349	555	2410	1962	7261	6648	3103	7086	120	2296	1865	697	3977	6167	120	2508	313	4594	2585	1480	2227	2951	288	3506	3634	2347	1782	6737	7145	120	1062	1635	5565	2518	5950	5168	6206	125	2509	6820	2915	4944	707	1154	1466	3544	3973	5948	2700	6372	866	486	1174	2750	4340	6868	6062	1248	929	2240	4249	5822	5575	306	4851	398	5083	3745	1195	4102	4200	6385	1457	3181	4893	3468	6823	3841	120	399	6433	6628	7159	3289	2619	5982	530	3396	5321	2005	936	350	579	5132	5674	4581	2385	2542	1791	4639	610	3464
7194	2882	2325	3364	1603	835	4945	3166	6932	1559	5960	1783	2001	3910	6060	6940	1146	1735	3290	621	6793	7219	7259	6648	7261	5026	3377	4565	2844	2884	2044	7202	4735	5091	139	5332	165	5566	930	1711	2788	3885	2692	128	5947	6409	433	4704	4115	1612	5117	1773	5540	5828	442	891	989	6817	2780	2544	5176	4083	6528	4238	590	3133	2428	4187	120	5760	7103	6132	2500	3571	865	1402	2673	6615	4901	1339	1211	5794	3860	2870	2351	4699	6257	4809	2956	5854	4869	6487	182	5365	4338	1678	2981	3089	5237	7190	2307	6194	4761	1002	1141	5751	6255	6086	6767	120	6546	120	4232	4082	3256	2679	4239	6705	4406	3782	6794
6480	5325	1250	4449	1079	4067	4053	5158	4770	6296	7052	199	5166	612	949	295	7215	2220	4915	1840	3729	4624	2527	3103	5026	7261	5625	120	3425	1588	2553	5814	6268	7212	5869	5963	5226	2564	2291	6355	415	739	2104	5054	2730	2809	4890	4361	2265	3713	3691	4018	824	3989	5262	6662	4738	4097	2400	2293	6985	6904	1197	6348	120	1169	120	7135	1008	6424	7035	6720	2517	6301	1496	6763	3848	2625	681	332	5910	179	4512	3269	5786	1702	4385	3867	2812	2159	1052	6274	329	1580	6599	5988	3886	2776	972	1523	3723	3205	6057	6676	1756	1378	5303	1575	2118	149	2198	6845	3353	122	4100	6304	6641	3816	1479	3207	6683
2281	2791	5177	5232	1298	6031	5273	3939	4572	5740	441	4718	5677	6889	566	2613	4007	6663	3152	810	4335	2373	3912	7086	3377	5625	7261	2262	4150	2783	5470	1691	2513	3758	524	3892	6335	5191	6833	616	770	6544	2880	5744	1694	3553	5527	5517	7243	1033	2339	5734	2992	5769	1313	1520	1024	3950	361	1933	5380	4507	3498	2836	5983	7071	3210	3595	348	2426	373	4373	6071	6984	4610	4560	3686	4145	3426	3358	5867	5442	6128	2150	392	3020	401	1497	6862	1557	3672	5866	5058	5638	4346	7184	292	6632	120	2612	7072	4046	6858	3079	6799	6973	7114	5596	5802	2334	3127	2665	3383	5990	1056	4459	4228	5161	6389	3949	5459
4951	3231	1699	4042	5167	1034	7078	4134	1294	2440	3201	6819	3249	4334	2196	2415	2528	5552	359	5539	1167	2247	358	120	4565	120	2262	7261	5275	5555	2148	1075	3113	3098	2847	3670	1976	4694	6752	1538	960	1670	4212	3738	868	921	5587	1095	4463	6147	6879	4122	3813	959	4059	6652	3805	4999	5345	7153	445	2065	2724	3858	3757	221	4994	5244	5198	6686	2829	2170	6587	772	1551	698	4144	2419	6685	1432	6219	3646	892	1053	3519	5715	6765	1252	5220	3822	3398	3421	166	1940	1760	4566	6910	2817	3956	4484	1649	6813	5654	4130	129	7208	503	2939	3630	5264	5840	370	326	1853	5318	5789	5041	1617	3516	1533	847
750	6252	1709	1481	6898	6928	4394	5408	6095	6063	2190	3372	5816	1290	3174	1566	6560	120	5641	3557	5928	2261	2540	2296	2844	3425	4150	5275	7261	1391	198	2040	3275	5369	6914	1316	4764	344	6272	4245	4479	1246	4970	4435	5009	2928	1542	6041	2793	2739	3296	266	315	7023	4516	4427	3666	3136	4065	1745	4350	5134	4193	6664	5424	5308	5342	3494	531	137	6034	877	4538	5730	1572	6345	6411	1668	1249	6957	6483	1785	4706	3953	6055	5903	2948	3547	391	3927	6159	2235	3489	4352	7242	6864	6363	4471	1285	4814	1383	514	2102	885	1110	7164	3475	6463	3199	2920	2525	2591	5085	4988	283	5295	4253	3600	857	5048	1766
501	768	4318	3053	2701	312	3119	1725	6415	6658	4918	6888	5349	3482	682	3109	5069	2851	2143	6380	5140	3140	4739	1865	2884	1588	2783	5555	1391	7261	421	1020	4241	7146	1950	4432	6636	1282	1732	3621	1501	6502	6573	480	4180	4506	3580	3525	2855	5993	352	2171	265	2066	282	5448	2588	3167	2694	5747	2017	2656	3692	5670	1579	4460	336	133	6927	6106	3832	5469	5559	5029	4363	4372	5490	493	1609	4026	1050	659	2043	1464	6574	4493	3439	2892	2021	6972	6361	6201	188	120	6971	4357	6742	3747	6810	5251	141	1490	4091	5909	6975	4896	6839	3790	1870	3548	6784	2722	4576	2716	4337	6286	6048	3504	7162	3124	120
798	7250	2152	2202	1014	4262	6235	4894	933	2622	2308	4080	4443	2490	7116	6485	5977	2792	5827	1868	2667	3818	3664	697	2044	2553	5470	2148	198	421	7261	2631	2483	999	5535	2696	1018	582	1123	638	1665	4496	5255	2478	6465	886	2374	1092	5163	1705	3624	4567	5462	4164	3568	521	3620	4967	2156	3711	2874	6448	4675	3750	1213	2794	5637	5234	884	7241	444	3908	3476	2749	3857	4050	6584	1207	5542	1193	2032	6821	4445	3163	4959	120	405	4452	1664	534	4665	2697	5122	2399	3415	4073	4609	793	1410	449	4108	5351	7047	6874	4423	257	2942	2515	6330	1127	6931	5533	943	3362	6770	2737	7239	589	4950	2734	5593
3550	2023	4786	883	1007	3785	4480	1465	2222	2460	1142	1589	5419	2003	5878	4497	5686	3688	1187	2769	5846	846	6566	3977	7202	5814	1691	1075	2040	1020	2631	7261	6284	1086	5724	213	5850	2252	1042	3148	2805	6215	5986	4519	4210	664	447	1802	3510	3708	3326	1655	3551	3842	6714	1347	489	5311	2010	2495	3530	1743	2197	4850	4655	4660	720	6938	6499	120	5476	4785	6779	1869	2294	242	6266	4892	1442	6541	2854	4312	882	5179	3339	6582	4220	4378	5001	1412	6782	3803	5316	5339	4327	5979	3273	388	4979	6054	2409	301	2075	4930	185	3872	5991	2627	5018	6462	686	6324	6367	4048	3508	5012	5679	7149	394	984	6689
6769	2355	2871	3775	2340	6978	420	6196	655	2194	5329	5503	2581	5880	3209	4468	3866	6303	7026	1945	4161	7124	1958	6167	4735	6268	2513	3113	3275	4241	2483	6284	7261	2685	7126	674	2381	3248	5842	416	5992	2897	7022	3252	2820	4627	6144	3826	4074	6939	4737	7221	3657	5897	3579	2719	6979	5572	3155	544	6025	2595	893	1214	5352	2238	684	3534	5174	4004	5093	3006	5137	4296	7200	1778	4491	5253	2099	4689	2558	4029	120	4370	3625	1997	476	1726	2976	5577	7170	3169	4771	6105	1647	4290	6392	2223	5124	2986	4329	2961	1906	1798	1230	3315	747	546	3554	120	2179	4826	5310	4380	3197	6246	5118	1473	2085	5431	300
1661	5225	4941	7217	2537	1812	7155	2964	822	2337	6959	1392	6270	2671	2146	2577	6498	4989	1808	5146	2907	3503	6369	120	5091	7212	3758	3098	5369	7146	999	1086	2685	7261	3073	6032	6218	1031	1748	1386	2095	2242	3068	2484	5798	4113	1482	4510	4374	4371	3741	4474	1236	4805	5451	120	3748	3740	202	6332	2225	602	3771	2229	5506	2213	3996	6012	6710	5324	6675	6867	6886	6207	4982	2561	1223	6248	915	6365	6859	6778	6757	6614	6408	4339	6740	1838	6681	4938	5940	3365	2922	3762	4467	3454	1877	7050	7115	6410	4446	1310	2751	1421	1908	6692	3215	4692	1994	3233	6679	3023	3787	2015	4207	3623	678	3037	4254	1416	1846
4783	2103	414	3392	2529	634	1669	3381	2504	4002	6993	5617	2596	3236	6991	5416	120	2726	916	4775	6362	1769	4615	2508	139	5869	524	2847	6914	1950	5535	5724	7126	3073	7261	6791	4663	3194	6892	5319	3019	431	6311	3653	5614	6010	6277	1738	5024	120	2360	429	3157	5199	3371	2943	937	848	6711	2224	3583	4398	4099	2067	4104	4618	3728	2090	1054	120	3246	4227	3032	327	2332	3680	5579	5189	1762	1188	1395	127	627	6203	2195	1602	3419	982	120	5374	6751	7001	4844	2427	4981	3982	5634	3022	991	4797	2151	7098	246	2033	5704	4722	849	2573	2101	4457	4986	1253	3907	6655	1793	2162	6359	5954	1842	4863	151
2012	1468	5263	2414	1035	951	6514	343	965	5281	2923	4005	5597	5693	2416	1513	3831	6469	2205	4476	4128	3235	1318	313	5332	5963	3892	3670	1316	4432	2696	213	674	6032	6791	7261	5337	5104	2971	1159	4712	584	4322	5128	6353	1376	4579	1097	4561	181	5249	1126	1483	5525	1543	6364	3737	3380	2887	6730	217	2841	6479	2735	475	1487	2774	4390	3895	5959	2093	6473	940	4713	3357	7173	4710	5576	1063	2991	994	4058	4923	1553	120	365	3919	387	2133	347	1972	234	4076	1930	5860	1757	5514	778	1272	1643	215	5130	6523	4727	6703	6210	496	5627	6236	2834	4109	1904	3327	3806	5645	4749	2932	2119	2074	2277	814
761	2096	6199	2941	2599	5970	2208	1708	3915	652	6171	6602	7032	3870	2894	2683	1885	4301	4221	2070	1385	6350	120	4594	165	5226	6335	1976	4764	6636	1018	5850	2381	6218	4663	5337	7261	5211	4305	5933	3034	6738	314	2098	4653	5673	2940	3650	2510	1012	5078	2615	467	7045	2999	5762	294	5620	1910	6622	4003	2775	4697	4800	2056	7231	191	6143	7069	3036	1754	3116	2856	2635	5290	5904	2608	2503	6724	825	4272	1237	6371	4948	1707	1581	168	5101	5259	2423	1990	4711	821	5087	3821	7065	1925	6096	2959	120	3990	1835	2764	7033	463	2489	190	502	1591	3332	5526	3348	753	120	2449	5299	1067	5301	3130	5987	1129
1157	2597	3114	2137	1201	5405	2441	7060	2538	2232	1514	635	1677	4936	4577	2633	5881	6014	5921	120	6179	899	2407	2585	5566	2564	5191	4694	344	1282	582	2252	3248	1031	3194	5104	5211	7261	1461	3142	771	3196	4700	4723	5777	146	120	4685	6456	2802	2346	6481	2641	4613	7197	5749	5086	1599	2274	4676	7235	6521	562	5857	4530	6944	6567	6406	2463	5953	3964	4138	3436	5661	6080	5323	7214	3203	3427	3518	5095	2303	2421	859	5631	4156	2741	2545	1099	2493	5616	6155	4612	1276	5092	4952	2954	6029	2605	4096	6987	2843	6390	4258	7226	4020	6421	735	3783	3512	2174	1135	3112	3346	3101	7160	5529	6875	902	4961	396
1644	1539	6621	2795	801	260	789	2168	1967	4924	671	6117	1009	1342	4607	5155	2713	3492	2403	5006	4922	4637	3966	1480	930	2291	6833	6752	6272	1732	1123	1042	5842	1748	6892	2971	4305	1461	7261	1493	2917	3132	3397	120	1327	2461	7199	1332	4247	2512	296	3471	3121	1148	1030	6838	4774	2642	2520	390	3318	1329	5844	1289	6245	4540	302	1786	548	5320	4257	3824	844	587	513	440	5809	680	828	3192	6847	5658	673	4599	593	586	6798	2852	4173	5280	1571	4859	7056	2207	5171	6316	5285	4447	881	596	4256	2060	2221	5414	7077	6263	6677	6258	7260	3195	1565	2218	3449	5874	4908	3182	7127	6065	5196	1266	3448
5543	1598	1653	1927	2338	3967	7218	1343	4265	298	740	2178	712	6309	1779	4836	7136	704	4299	4240	4848	1666	2169	2227	1711	6355	616	1538	4245	3621	638	3148	416	1386	5319	1159	5933	3142	1493	7261	3094	2930	4914	1698	378	3997	738	275	3641	7234	422	2712	7176	5564	3322	1815	4985	2910	2433	120	5047	3505	1093	2380	3274	2818	1633	4716	5513	6461	5801	685	3605	3264	1418	4570	5192	3366	6736	4289	4847	6015	4166	2689	5427	6965	1331	2172	1149	3473	3521	319	3261	4621	854	710	5739	5935	4078	5485	6851	5563	5033	5190	1260	4300	6609	2088	3732	2007	4345	7054	2532	5761	5147	3932	6849	4702	5119	2536	6532
5307	3689	5562	2686	223	4250	1932	6999	1697	162	952	976	3684	183	6102	4623	4690	6222	5672	3707	1196	1433	6490	2951	2788	415	770	960	4479	1501	1665	2805	5992	2095	3019	4712	3034	771	2917	3094	7261	5358	5435	6418	2616	4148	4874	775	2533	6386	667	4741	3944	552	1903	669	6902	3043	6597	120	120	6297	2438	4794	830	4044	4401	4634	6518	6800	3228	3033	5359	5520	376	6068	6059	5962	1369	1375	1753	1333	5081	4891	369	4139	4395	3291	4035	6963	1648	2773	6669	2578	1235	614	6387	1066	1319	120	6884	5393	3603	3481	161	4458	6488	3933	6695	5807	357	6094	4006	6052	1361	718	6629	7015	1928	1426	5120
3049	3560	4584	4170	1521	2498	4429	7192	6678	1208	611	2129	1722	1693	4932	5944	6880	2864	1352	1545	2034	3416	3138	288	3885	739	6544	1670	1246	6502	4496	6215	2897	2242	431	584	6738	3196	3132	2930	5358	7261	2020	6017	2799	5799	4824	6558	890	3379	6792	1435	317	2322	839	650	6217	3619	606	1204	1368	3111	1818	3178	7106	803	3629	5687	6660	1640	4793	918	1714	5856	6825	4490	4992	6688	2107	5180	1851	3716	2630	1531	3266	120	2682	3456	4127	6163	2906	2873	4342	1728	6112	6964	6383	5691	1051	2664	733	138	925	1584	6278	2566	1315	3297	6104	7100	1156	3777	145	3598	4085	3486	637	797	1430	4351	5706
6138	3229	1176	2896	3029	201	4481	6604	4539	4176	6644	2008	831	2860	5059	1153	6425	4293	5887	3438	3445	5214	4010	3506	2692	2104	2880	4212	4970	6573	5255	5986	7022	3068	6311	4322	314	4700	3397	4914	5435	2020	7261	7080	7252	6968	5127	4131	4518	5912	5291	7222	1822	4126	5837	7081	6771	7037	4047	4578	5150	1462	3424	1956	6579	6807	4917	154	2272	5385	3369	1191	6745	765	120	7169	580	2289	5297	559	560	4095	1073	5609	4404	1199	3431	3920	4651	754	2883	7117	6061	6936	6643	6743	2391	3665	6925	5207	6282	5364	6397	5002	4000	5245	4965	4160	3846	3351	3083	974	6580	3279	5125	4762	5152	5901	1970	6749	6022
4678	3434	6718	995	3861	6505	3329	6331	1134	4274	6351	3306	4853	3221	1291	2390	4137	3784	3134	2555	4417	469	508	3634	128	5054	5744	3738	4435	480	2478	4519	3252	2484	3653	5128	2098	4723	120	1698	6418	6017	7080	7261	5727	5717	3677	2180	3828	3998	5847	1273	4348	3917	5703	4316	1139	1626	4668	2237	1847	1212	5648	7232	7161	1558	249	189	5378	2831	120	6088	5819	4057	2009	5589	6414	6468	2310	3403	5461	3581	2621	3509	843	4217	1424	5473	6169	1077	4421	6726	5488	7073	2997	2881	3951	184	573	4841	4230	5025	543	6476	4069	4939	278	5467	5756	1901	6338	5445	2387	4466	1357	1792	1417	2304	1595	1205	2077
3312	3245	4614	2723	613	3459	224	446	5508	5346	5516	986	236	6719	5758	6223	6471	875	2458	5438	4072	1309	2760	2347	5947	2730	1694	868	5009	4180	6465	4210	2820	5798	5614	6353	4653	5777	1327	378	2616	2799	7252	5727	7261	3844	2571	1041	1469	4454	1346	3317	2858	5548	285	2372	2771	6146	448	3450	3916	2807	5317	1254	6911	5652	4662	3115	6768	3090	5923	980	4222	4669	497	2429	3484	6076	2891	6417	3582	3330	1155	3131	6723	728	6013	2164	3924	7177	3129	4631	811	2051	2312	1348	1608	2016	4008	233	2846	4489	3441	4664	466	6640	5403	120	517	767	120	4790	1026	6400	6182	988	2848	3288	120	1979	595
1893	5906	3674	6588	3161	1359	4825	3631	4550	6130	4323	3086	2945	5487	2327	5764	2264	4536	4355	4071	1423	527	458	1782	6409	2809	3553	921	2928	4506	886	664	4627	4113	6010	1376	5673	146	2461	3997	4148	5799	6968	5717	3844	7261	3875	4149	4387	1867	6503	6650	2709	1857	2872	3077	4400	946	963	252	7168	948	1302	516	4779	6517	3830	5698	4661	1741	1583	1299	5957	926	7174	6358	4465	2785	1243	2609	6901	4168	5567	561	6626	1406	324	1992	2710	1504	3105	620	4821	120	6202	1334	2614	1718	2192	3796	5350	3718	1345	3342	2011	4674	1985	4522	6343	3374	3488	5468	4886	3584	2389	5585	4202	1338	702	7230	6431
4954	120	2115	2994	3355	5718	3334	2114	4063	1015	715	3360	1241	2853	194	419	5040	2746	1554	3756	5464	1828	2284	6737	433	4890	5527	5587	1542	3580	2374	447	6144	1482	6277	4579	2940	120	7199	738	4874	4824	5127	3677	2571	3875	7261	3400	2278	2048	1911	2975	2404	5870	1601	6494	2481	2300	1875	2715	6783	7193	6037	5630	6950	6863	6374	4815	279	4673	1038	2000	120	457	2850	2494	2465	5079	5283	542	955	5248	5498	6016	5905	969	3682	5121	7089	641	4996	6717	5182	1109	477	6598	7166	353	3671	2949	964	2703	5450	5968	3537	1863	3854	1844	3495	435	1519	5656	6788	6728	5338	3721	6141	5907	6661	4611	1180
5504	1453	2572	4030	120	6653	4155	2276	6467	6122	3254	550	4121	2047	4382	6495	6555	688	3587	3217	2068	4433	3599	7145	4704	4361	5517	1095	6041	3525	1092	1802	3826	4510	1738	1097	3650	4685	1332	275	775	6558	4131	2180	1041	4149	3400	7261	1938	4271	3789	2396	6785	3359	6564	2141	700	1091	6860	5937	284	4436	1275	3058	402	147	4369	3943	4648	1749	604	120	5690	5714	4209	6050	2187	4159	834	2358	4801	2350	2984	5142	3952	2506	4453	6174	5591	6329	624	1317	322	5889	2257	6850	3340	7020	1170	3774	5023	6776	1888	5902	7118	2491	3219	404	2073	3759	1425	4616	1389	120	6405	2382	3149	4827	3075	3496	2669
4295	556	6986	2521	5471	3220	668	7031	901	4379	4430	632	3679	1245	2916	5550	4201	1627	4974	3878	2217	4219	5741	120	4115	2265	7243	4463	2793	2855	5163	3510	4074	4374	5024	4561	2510	6456	4247	3641	2533	890	4518	3828	1469	4387	2278	1938	7261	6561	816	1231	1832	1292	2029	3298	4396	3792	4041	389	6321	2335	4947	2865	5336	3640	742	2743	4635	670	3218	4902	1593	6591	3552	3930	656	917	5434	1078	3764	1896	5004	5098	3378	6744	5376	2273	6373	5326	3344	2366	855	1354	3005	4537	1186	303	774	5254	6668	6152	4197	862	6673	4118	3645	7055	250	1027	6522	6747	3993	2342	6308	4317	6578	2798	2469	5256	748
585	5441	6049	6451	539	6220	178	2431	3410	1049	1104	5062	842	981	3303	3292	3283	3586	3889	4413	6956	3202	4654	1062	1612	3713	1033	6147	2739	5993	1705	3708	6939	4371	120	181	1012	2802	2512	7234	6386	3379	5912	3998	4454	1867	2048	4271	6561	7261	869	1505	3837	6883	3153	4320	1662	5973	4360	6739	2570	6696	4680	2828	6243	6721	4260	3172	5266	305	3829	4753	3411	3687	4885	5493	2160	1799	7063	3055	1503	6292	120	5453	2470	6337	1040	243	4310	4596	1524	512	5206	3690	3663	1471	3042	2064	4980	567	4473	572	4093	6857	3779	2116	6158	3772	871	696	5113	1323	1264	2530	2127	1403	895	195	1151	3647	1610
5956	6701	5980	333	3734	7185	5510	5327	455	919	5719	3186	3204	5790	1288	1451	2636	3637	2144	3694	4688	4267	1577	1635	5117	3691	2339	6879	3296	352	3624	3326	4737	3741	2360	5249	5078	2346	296	422	667	6792	5291	5847	1346	6503	1911	3789	816	869	7261	721	4152	3399	6442	5861	5836	5020	2781	5553	5392	2560	4978	3307	961	120	2690	6715	328	4998	2297	374	7237	120	7211	7046	6491	5384	3696	5151	2693	5882	2952	2796	6075	2375	1573	3048	2125	3835	4906	6704	1788	1585	4780	934	4582	4598	4319	7003	1419	1255	646	2763	1059	4154	1242	7044	4153	6976	6384	3088	6616	2078	1258	1817	7125	6509	2955	5411	3253
5737	570	3106	5969	140	636	3487	1729	4880	2808	4494	2878	3500	5455	5728	3389	1183	1306	425	4846	1434	4875	6607	5565	1773	4018	5734	4122	266	2171	4567	1655	7221	4474	429	1126	2615	6481	3471	2712	4741	1435	7222	1273	3317	6650	2975	2396	1231	1505	721	7261	3345	5391	6125	2472	2324	2632	7182	3523	171	5357	7030	4311	4658	3391	5692	7109	5813	5037	840	4564	5757	5505	786	2189	2569	6529	4601	3533	4977	4845	120	2211	1373	1755	3839	267	4907	3139	3577	6420	4515	3000	4031	1651	1280	131	3931	2161	6603	1262	3144	3118	1770	3751	3097	6009	3591	5557	5929	1400	6639	4842	1133	545	691	6101	3455	3146	4546
968	1776	4946	7025	5238	2966	924	1646	465	1829	4045	3188	5696	1768	1283	5667	4325	878	4734	533	4854	5030	3093	2518	5540	824	2992	3813	315	265	5462	3551	3657	1236	3157	1483	467	2641	3121	7176	3944	317	1822	4348	2858	2709	2404	6785	1832	3837	4152	3345	7261	3849	2681	2546	6226	5863	2109	7110	5936	2889	3712	5859	2640	4246	860	7000	7140	2111	276	2266	7183	5519	2084	4205	6828	708	4671	1892	1763	1456	3331	2789	7061	1954	2030	4196	3676	4760	3817	1886	6613	5224	7038	2057	120	1113	6637	120	120	3883	1043	6577	5755	5750	2782	1689	2661	2333	630	4766	2972	609	6772	2963	232	3122	665	5233	7132
1578	4976	5007	1116	6630	1263	4919	5843	4229	4921	622	3981	5355	2863	6224	2430	3501	120	4107	3778	6232	1094	226	5950	5828	3989	5769	959	7023	2066	4164	3842	5897	4805	5199	5525	7045	4613	1148	5564	552	2322	4126	3917	5548	1857	5870	3359	1292	6883	3399	5391	3849	7261	5808	5759	5201	413	4302	1130	6854	5407	160	861	2488	214	7079	120	4966	7034	3262	2526	4092	2037	2918	4590	2061	5387	4410	5051	2758	4422	2708	5288	6542	120	4816	5430	6398	4822	7163	6454	4112	5621	5826	5604	2439	608	3825	153	2688	3470	1239	7068	5267	2153	5208	1023	5588	4956	5766	1948	2990	5221	5141	782	3683	6816	1915	251	6611
3900	5934	2286	5920	1690	4431	229	7027	5284	3429	2028	5663	787	1388	6504	290	7128	5806	3479	1044	5875	2842	5195	5168	442	5262	1313	4059	4516	282	3568	6714	3579	5451	3371	1543	2999	7197	1030	3322	1903	839	5837	5703	285	2872	1601	6564	2029	3153	6442	6125	2681	5808	7261	1061	4208	120	2466	6375	4677	428	575	808	6211	3604	3227	2132	6318	2022	6391	6283	2394	2353	1562	4703	7002	471	2305	939	6513	5363	853	2674	4622	3980	3926	3601	4032	3522	341	1511	6866	6447	1278	2552	4583	794	6214	5341	6006	6180	904	3072	2045	5644	3975	705	1472	1362	2727	732	1259	5972	4920	3628	363	4304	2482	1085	3137
1917	4955	130	5781	5100	905	5097	4328	3063	4023	2046	2452	4192	1987	4027	6187	2082	3814	4524	5382	1356	5754	3794	6206	891	6662	1520	6652	4427	5448	521	1347	2719	120	2943	6364	5762	5749	6838	1815	669	650	7081	4316	2372	3077	6494	2141	3298	4320	5861	2472	2546	5759	1061	7261	6137	6058	7119	6665	4056	4412	4182	5071	5223	5162	6824	2830	1036	5736	5618	5925	6531	1138	192	406	3923	218	323	5144	1794	4707	3493	4492	5731	3558	2937	827	5277	2280	5607	1634	3012	1287	3727	2810	4111	5133	1314	5606	3959	1485	4416	4098	3882	4823	3462	1117	1849	3272	4897	5825	2027	5274	4656	330	2157	6760	1924	563	2876
5495	6921	1382	1396	7249	2236	1404	337	1234	2699	1173	1295	5038	6955	1630	1909	3903	1534	6064	2804	3466	1902	5712	125	989	4738	1024	3805	3666	2588	3620	489	6979	3748	937	3737	294	5086	4774	4985	6902	6217	6771	1139	2771	4400	2481	700	4396	1662	5836	2324	6226	5201	4208	6137	7261	3281	3685	3710	5017	4595	5640	3597	4347	120	6966	2173	6549	867	2603	6040	417	1953	1616	5057	5871	4743	1796	6645	4142	3608	6586	2877	6077	7172	1330	3693	2437	3556	500	1088	3726	4696	5792	541	4646	4024	2348	3076	316	6831	1824	3304	6682	1681	1947	5872	2765	1367	3485	4597	331	379	4508	1604	6342	1269	3611	3798	6625
2467	2998	3941	4748	790	6161	5723	716	5895	5302	172	4971	1001	3735	1960	7067	4767	856	6811	4864	5770	4569	1964	2509	6817	4097	3950	4999	3136	3167	4967	5311	5572	3740	848	3380	5620	1599	2642	2910	3043	3619	7037	1626	6146	946	2300	1091	3792	5973	5020	2632	5863	413	120	6058	3281	7261	3730	2377	4545	6657	5958	4895	5521	603	4049	1005	5805	3614	3874	3117	6188	6042	6507	186	120	1742	4101	6647	1222	2519	5439	3668	3363	2911	6294	1226	6808	436	800	4386	2803	1549	3154	836	3062	2711	7097	4389	1281	204	5665	3893	6111	6341	6090	3452	2444	1957	3423	5524	3102	2849	1198	3651	5964	3044	3213	900	648
1636	536	5660	6047	5709	6314	4603	5314	5632	2076	6024	6501	2567	2398	5946	1939	120	1096	3654	2485	3703	6426	4990	6820	2780	2400	361	5345	4065	2694	2156	2010	3155	202	6711	2887	1910	2274	2520	2433	6597	606	4047	4668	448	963	1875	6860	4041	4360	2781	7182	2109	4302	2466	7119	3685	3730	7261	2456	992	779	5894	2136	4475	3375	208	5052	1301	7131	5173	5156	692	1696	3667	1761	4628	120	3091	5537	7152	3237	6814	1152	5404	1274	5494	1407	2323	4802	2759	3271	6885	6327	3559	180	6209	5708	4795	3815	1723	2868	4903	817	5153	5379	2314	4549	5633	1991	3795	605	6998	1162	507	3040	4307	2779	5400	5899	5354
6134	7040	5967	6044	4812	5210	571	5313	5106	4684	2740	6953	1165	4953	2899	2677	666	4778	2343	6239	6557	4626	1811	2915	2544	2293	1933	7153	1745	5747	3711	2495	544	6332	2224	6730	6622	4676	390	120	120	1204	4578	2237	3450	252	2715	5937	389	6739	5553	3523	7110	1130	6375	6665	3710	2377	2456	7261	2251	3469	7253	1177	5536	5278	3755	3045	6922	3958	5187	3569	3447	3971	2193	2557	4086	5820	6326	568	7008	5050	1574	4505	5528	4408	5075	380	4551	4973	3532	5763	6982	3838	4889	487	2657	734	4419	4255	6253	3350	7198	6030	120	1164	3282	1084	334	1898	6113	2120	2081	1047	6962	2018	5064	1203	683	6085	6349
3673	3446	3879	5169	307	6572	2182	5076	3052	5383	2089	6666	4529	1515	3325	5545	1873	6537	3477	1673	1951	456	2862	4944	5176	6985	5380	445	4350	2017	2874	3530	6025	2225	3583	217	4003	7235	3318	5047	120	1368	5150	1847	3916	7168	6783	284	6321	2570	5392	171	5936	6854	4677	4056	5017	4545	992	2251	7261	5289	4171	4349	6097	4883	1998	3539	1013	3876	368	6228	6699	3929	2505	5014	3753	649	5306	5103	6190	2445	1771	4862	4119	3382	7062	6773	2662	6707	6319	5298	1605	6035	382	2620	1144	4650	7021	1443	6221	6449	1959	3451	6160	3295	6759	4353	851	1081	1966	4799	2336	6534	4261	5966	5815	2163	5830	3655	5949
1810	3897	975	5778	2203	5230	599	2210	1526	3921	6496	1659	1751	781	3376	6576	3543	3626	3961	6458	987	3820	4818	707	4083	6904	4507	2065	5134	2656	6448	1743	2595	602	4398	2841	2775	6521	1329	3505	6297	3111	1462	1212	2807	948	7193	4436	2335	6696	2560	5357	2889	5407	428	4412	4595	6657	779	3469	5289	7261	5446	1500	4226	3021	1006	1937	3017	4236	7005	4259	6713	5460	931	6114	4185	5456	826	1083	4251	289	5642	7074	5496	5974	5209	120	4354	4693	1321	1527	4942	1806	2736	3286	3507	1474	4341	1871	766	1171	5624	1102	411	4242	4831	3613	5046	2413	2813	2094	6394	4213	7142	950	2548	4106	4133	3038	6974
3440	3030	5056	2958	2014	1570	3394	120	6548	3615	3542	5855	6192	3852	311	6434	3226	5569	3946	4630	519	6877	1975	1154	6528	1197	3498	2724	4193	3692	4675	2197	893	3771	4099	6479	4697	562	5844	1093	2438	1818	3424	5648	5317	1302	6037	1275	4947	4680	4978	7030	3712	160	575	4182	5640	5958	5894	7253	4171	5446	7261	938	1789	4925	1922	1307	730	4462	3681	6115	6043	741	4441	6951	1637	6108	4079	6727	1238	746	5466	3607	3715	5361	3535	4752	4011	1654	6038	1429	6829	4617	6656	1569	7092	1229	6427	135	3752	2253	4190	2659	120	5372	5305	6003	3472	2935	1935	4541	400	2135	3660	3979	120	5148	5136	170	5389
2554	2757	3834	7240	7247	6436	5955	148	3125	6672	2462	5045	1029	908	2933	2267	4204	1692	2611	1244	5282	5622	7180	1466	4238	6348	2836	3858	6664	5670	3750	4850	1214	2229	2067	2735	4800	5857	1289	2380	4794	3178	1956	7232	1254	516	5630	3058	2865	2828	3307	4311	5859	861	808	5071	3597	4895	2136	1177	4349	1500	938	7261	6344	6755	6619	3156	819	6530	5082	5368	7186	889	5067	4873	4817	4504	643	6357	2319	4234	1934	1695	1615	554	3524	629	3536	412	6900	1119	1108	5911	6446	120	1563	120	5482	2384	1189	4899	4798	911	701	3412	764	196	807	6322	529	142	3162	3855	4625	780	3801	3699	4039	1530	3024
1124	6267	269	6007	7167	120	3190	6797	1452	784	744	1206	3873	5613	4114	6459	4878	2714	5916	4478	5743	216	1182	3544	590	120	5983	3757	5424	1579	1213	4655	5352	5506	4104	475	2056	4530	6245	3274	830	7106	6579	7161	6911	4779	6950	402	5336	6243	961	4658	2640	2488	6211	5223	4347	5521	4475	5536	6097	4226	1789	6344	7261	1438	1265	5472	5236	7154	120	1672	2126	4963	2718	3428	3869	7076	6601	1731	2234	3170	7137	5996	490	5377	3955	1251	2270	5111	3066	1813	120	2036	3302	6123	647	923	6186	6786	1658	6917	120	4887	2206	1507	3736	1105	6156	2268	321	990	6315	3827	4264	5941	2287	6690	592	5145	473
711	5927	177	3995	2072	6165	6183	120	6259	4218	488	7254	4172	4934	437	3963	6470	2214	2778	2361	2929	5534	197	3973	3133	1169	7071	221	5308	4460	2794	4660	2238	2213	4618	1487	7231	6944	4540	2818	4044	803	6807	1558	5652	6517	6863	147	3640	6721	120	3391	4246	214	3604	5162	120	603	3375	5278	4883	3021	4925	6755	1438	7261	6486	3596	1178	4179	1202	1522	5784	318	7049	1780	6376	4140	2025	2474	3082	345	5157	3084	3064	2147	6569	2248	3840	6732	4110	409	6346	6988	672	4084	3877	4450	3270	4036	6450	2786	2623	3527	4588	6197	736	2576	4757	2477	510	5684	1415	4364	4013	3294	1880	5818	6758	2559	4368
120	658	874	7101	5003	3385	4719	1240	1688	6439	120	1448	7048	5055	6312	4037	6154	4563	6716	6150	3968	4167	2706	5948	2428	120	3210	4994	5342	336	5637	720	684	3996	3728	2774	191	6567	302	1633	4401	3629	4917	249	4662	3830	6374	4369	742	4260	2690	5692	860	7079	3227	6824	6966	4049	208	3755	1998	1006	1922	6619	1265	6486	7261	5063	1804	4286	4025	6983	6402	1060	1700	5932	3388	1774	338	2647	5139	6091	2944	481	2601	2079	5084	5356	7012	120	2668	773	1854	3442	2675	1717	3247	4440	5610	3766	2593	6120	1140	2811	1747	5331	228	5922	2957	4751	3742	2299	5531	4315	3404	6934	3940	3555	3214	430	558
1120	222	6756	5265	262	187	4525	6942	6802	3733	6725	4330	461	120	5090	4755	4284	6478	5908	1115	1862	3793	4768	2700	4187	7135	3595	5244	3494	133	5234	6938	3534	6012	2090	4390	6143	6406	1786	4716	4634	5687	154	189	3115	5698	4815	3943	2743	3172	6715	7109	7000	120	2132	2830	2173	1005	5052	3045	3539	1937	1307	3156	5472	3596	5063	7261	3255	2004	5626	3183	5328	478	5402	5507	1476	3386	4263	4028	5611	5849	6368	3259	3644	7108	495	1895	6298	5257	5202	7144	3901	3661	6466	5203	6354	5044	3836	565	574	5748	7059	713	7096	1371	6435	2900	581	2885	1341	6895	3191	973	4759	6185	6216	4269	4019	2987	3617
