56	10	11	24	10	46	38	20	22	29	42
10	56	45	54	25	30	44	10	17	27	10
11	45	56	10	48	49	12	32	31	21	43
24	54	10	56	18	10	10	35	10	10	10
10	25	48	18	56	40	50	19	14	37	33
46	30	49	10	40	56	16	34	26	28	15
38	44	12	10	50	16	56	39	13	36	55
20	10	32	35	19	34	39	56	53	23	51
22	17	31	10	14	26	13	53	56	52	41
29	27	21	10	37	28	36	23	52	56	47
42	10	43	10	33	15	55	51	41	47	56
