3241	3056	3232	896	796	2060	167	2573	3181	2112	2900	1816	3117	2109	2229	3119	2073	293	596	1265	583	1349	1145	1648	230	3068	2412	491	1251	2769	2030	1116	1588	3002	80	689	474	377	885	360	2292	2467	2238	3123	3203	2211	1566	2871	2537	187	1750	2462	1275	1568	2239	1936	2261	2245	1387	762	1180	2012	2590	1587	2583	1020	680	1680	156	2567	1780	199	805	643	1809	1094	2049	2404	849	2188	2140
3056	3241	104	773	2411	1689	3110	2878	3027	1266	1890	1699	2237	2920	80	179	2511	80	2324	2453	2753	1506	347	1095	2649	1393	1687	2231	1696	3038	641	978	2777	1550	2119	2506	3090	2259	2279	468	1564	2646	3059	3155	1512	284	2388	381	675	1034	2618	2458	533	1604	1181	2666	998	1994	1705	1378	340	921	2622	3213	760	792	2995	2548	3239	1709	1216	3125	2964	2267	2597	2691	2128	268	2733	2248	1025
3232	104	3241	1230	445	512	3047	894	1439	2295	581	80	2541	271	1252	2170	2479	2853	1523	106	1377	2924	1165	1285	872	2276	2737	3071	1776	3173	2456	80	288	1359	1610	1298	2266	3034	1202	2066	969	1805	2539	1163	285	1212	1461	1400	1914	1105	1579	2641	1855	1806	1316	1281	98	1313	1698	781	1250	797	2387	2394	3163	799	441	3035	1099	1969	1083	3129	1195	429	937	812	2970	2997	1691	951	1932
896	773	1230	3241	1715	3143	934	775	3226	2921	2171	369	842	3141	1373	1964	118	2056	572	2956	938	632	2616	3042	1628	1306	2906	590	593	1137	1931	1017	330	1239	1684	1423	908	3088	1098	1043	3190	975	251	3057	2670	1261	813	1346	352	1596	2062	247	543	3147	2526	2393	2749	640	257	2029	1998	380	334	2444	80	683	1519	3133	1528	2776	1797	460	1164	941	2683	1903	1157	586	828	1097	379
796	2411	445	1715	3241	2570	108	942	1570	2135	1739	1752	844	2354	1763	2089	2471	2639	1058	1769	763	341	1791	1822	2001	2819	2418	3103	1436	80	757	2812	1615	375	3130	3007	495	1330	1338	1431	3116	80	725	679	790	2260	1990	1796	1840	2699	2130	1966	1445	343	1368	1414	1688	2823	2963	2342	2996	362	604	658	1731	2421	2341	1187	865	1256	1886	732	3187	80	1641	1015	1595	171	1191	2408	814
2060	1689	512	3143	2570	3241	1571	854	1248	2147	2677	2858	1881	80	2783	3149	80	2886	2003	269	140	1437	1555	2773	1953	1175	191	1948	129	1282	1706	1396	2864	927	962	2638	2553	256	112	769	1517	114	1921	1463	2224	2491	2131	2473	80	1976	2680	1830	2987	2896	541	756	2283	80	802	2981	2619	264	2778	893	2307	1092	1074	644	2656	719	1146	2762	2890	1003	936	2626	1459	2760	1024	1630	742
167	3110	3047	934	108	1571	3241	409	1738	1183	470	2989	883	1812	3086	748	2836	2637	3081	1272	2118	528	1678	1703	1513	530	518	1120	1768	162	267	1851	1507	855	513	2745	95	1029	1707	2218	504	91	317	1675	186	1541	2988	1913	1540	2463	1895	2660	1374	2962	3084	1539	1107	2599	2007	80	1152	3192	2020	1831	80	707	80	1362	986	1682	2202	952	835	1021	2396	3234	1082	1233	2268	221	1277
2573	2878	894	775	942	854	409	3241	2751	939	133	3236	2986	538	1334	1832	1287	1244	2868	2978	2527	2801	1483	2294	479	2763	1010	2685	2576	1303	1533	2201	2951	656	80	930	2826	1174	457	1173	3036	1413	1786	1472	2306	3008	1547	2166	1218	1572	1322	2077	2910	1160	378	2856	810	2287	2137	2534	1337	2371	716	1456	80	3223	461	2206	1205	396	3003	2235	3158	3039	2835	639	1208	1839	128	2845	2378
3181	3027	1439	3226	1570	1248	1738	2751	3241	821	918	2158	3011	823	2495	1406	1196	225	1764	2403	241	350	618	3175	3179	833	356	2743	397	1878	3156	260	2529	1005	2219	1635	1085	2838	1773	1899	2132	2317	2902	1042	254	2470	2664	2191	391	1286	2854	2369	2006	2731	1760	1858	1917	2217	3182	258	1433	1960	2382	321	887	2063	611	3078	818	1269	1066	785	2620	176	2717	2515	1906	2721	1582	80	117
2112	1266	2295	2921	2135	2147	1183	939	821	3241	1211	1775	1381	1422	1240	3120	80	1973	309	2145	578	1492	2103	1440	2596	2150	1787	2185	1694	2028	507	1102	1224	152	3087	2536	2445	750	1213	319	1662	1922	715	1645	2916	1372	2333	677	2774	1109	1438	1823	1190	2278	2002	575	1078	1302	1652	627	287	2311	1342	2847	308	246	1553	1944	296	1826	475	901	1844	2221	1214	1444	493	804	1133	1621	524
2900	1890	581	2171	1739	2677	470	133	918	1211	3241	2581	2815	3046	917	1340	1726	149	80	472	577	2672	3016	1257	3037	1030	771	324	1189	1283	193	720	3204	1847	2741	2899	3111	165	398	1593	853	638	80	1335	405	2064	1665	196	1113	2931	80	2913	2233	2959	2849	1318	1068	674	1446	2681	1893	1676	2643	2943	3072	1315	2891	2161	2842	1974	244	83	932	2032	1033	1971	290	1835	1538	1241	3106
1816	1699	80	369	1752	2858	2989	3236	2158	1775	2581	3241	358	1232	132	2759	1725	1825	2419	1144	1040	1402	988	1802	1390	1134	93	2008	786	1915	1331	2911	2359	1573	875	3165	2697	1329	2052	2684	157	527	400	892	3142	1558	2195	1007	1267	967	1119	3054	2965	2564	1605	2273	197	1358	2615	2688	2507	695	259	325	2346	3112	2728	1344	1110	2522	989	1147	700	3164	159	2438	995	1885	2080	2413	809
3117	2237	2541	842	844	1881	883	2986	3011	1381	2815	358	3241	2425	573	1249	2566	1051	2280	2373	2675	2904	713	1080	2390	1002	1761	2163	548	1793	2950	2914	957	2546	151	3048	621	2982	2409	1549	96	1911	2305	2023	754	311	3144	2785	1142	3093	1876	2337	2832	2668	1430	558	1625	1156	2093	3024	888	2459	778	415	3225	868	1086	3198	3010	2961	3107	1496	1126	2197	3108	2110	1501	80	3105	80	1237
2109	2920	271	3141	2354	80	1812	538	823	1422	3046	1232	2425	3241	1453	1321	2204	1685	2678	3049	2356	2532	1132	3137	1084	2698	3188	539	1945	161	1325	1499	2312	974	3178	364	3193	2652	2973	2215	349	1655	977	1653	2448	2861	506	3023	2198	1510	1136	2821	2799	970	1354	1284	2834	1626	224	1295	150	1487	2095	687	2781	758	629	3014	198	3202	1026	2671	367	2263	207	1121	808	2710	1343	2297	469
2229	80	1252	1373	1763	2783	3086	1334	2495	1240	917	132	573	1453	3241	2019	1054	1229	1751	1367	564	2097	2979	1474	2742	1001	1900	2747	2814	1201	616	1718	953	1721	3159	127	734	316	2503	2841	255	1930	2114	1679	1131	2851	2805	1031	999	1246	811	1226	1854	605	637	820	2980	1599	721	916	3040	299	2251	3018	585	182	2357	837	1616	1458	2427	546	2810	2833	463	2722	642	1490	2244	2410	1401
3119	179	2170	1964	2089	3149	748	1832	1406	3120	1340	2759	1249	1321	2019	3241	2909	3064	1407	2308	1901	2094	1701	1428	1056	744	3138	1100	2857	1788	2907	985	1404	987	80	336	355	2489	1837	3062	80	1700	955	3089	1178	665	1127	923	2859	2595	2046	1898	1697	2262	664	1565	471	1834	190	1418	992	1717	242	3215	2454	212	3222	439	320	1919	2087	2466	2716	226	85	1012	2549	1000	1810	1710	1128
2073	2511	2479	118	2471	80	2836	1287	1196	80	1726	1725	2566	2204	1054	2909	3241	1130	2867	92	139	2755	2179	2757	1070	873	1916	1627	80	624	1560	1052	3126	160	365	1744	1366	1632	3100	614	2884	2953	1612	1857	406	1607	2901	297	2614	3017	2415	1053	1712	2234	794	423	2767	2389	1938	3132	2375	1563	3109	435	1106	2936	1262	80	2176	1800	2376	2227	138	84	830	1279	943	2632	580	1845	879
293	80	2853	2056	2639	2886	2637	1244	225	1973	149	1825	1051	1685	1229	3064	1130	3241	2645	915	1758	1934	189	904	705	2562	1757	2804	194	2300	3066	914	1062	80	1274	2085	1577	1207	1952	1112	3079	486	158	465	80	801	1198	984	2072	1243	2422	1276	2250	2345	1476	2374	510	116	2955	1488	2569	270	1979	2984	2903	2975	216	2770	697	1383	647	1057	467	1882	2365	366	552	1681	2603	2642	2848
596	2324	1523	572	1058	2003	3081	2868	1764	309	80	2419	2280	2678	1751	1407	2867	2645	3241	1158	1741	3074	1403	2117	2142	452	1219	2540	2225	2524	2461	1479	1819	2258	2967	80	1432	559	1978	2752	3114	1836	2504	1640	755	1397	1347	144	101	2363	203	3139	2420	80	172	1872	1693	2078	283	1169	2027	431	2127	2377	1376	2216	654	2530	1656	2326	1821	1345	2730	1765	1494	1575	1135	1041	2460	303	3009
1265	2453	106	2956	1769	269	1272	2978	2403	2145	472	1144	2373	3049	1367	2308	92	915	1158	3241	588	3052	2872	994	298	145	417	2696	370	782	327	2604	456	2873	2707	1649	1692	772	1708	696	451	306	1392	2893	1559	2702	764	80	2054	1353	490	373	646	544	1255	824	301	99	2792	2449	80	1035	1562	940	1379	2321	2340	2084	1048	633	450	1817	3237	1278	2041	612	1614	2630	1055	685	733
583	2753	1377	938	763	140	2118	2527	241	578	577	1040	2675	2356	564	1901	139	1758	1741	588	3241	2999	2090	2510	1668	608	80	80	1702	890	181	3230	1673	3161	2686	1185	1503	737	727	3098	2606	2881	620	80	1727	2069	2593	1311	615	217	433	2517	815	1004	831	1789	80	80	1323	1197	891	1999	863	2611	90	2040	286	1409	2772	454	372	3063	1365	80	511	1245	1785	1639	699	1598	968
1349	1506	2924	632	341	1437	528	2801	350	1492	2672	1402	2904	2532	2097	2094	2755	1934	3074	3052	2999	3241	657	976	1462	1597	710	2022	712	443	671	2081	2304	1063	185	3154	1332	119	780	3085	173	175	2336	2991	3115	2585	1464	521	265	2897	724	80	1651	1061	2565	3206	1556	1535	1290	344	80	841	1804	1578	2174	1546	2939	2257	1491	2843	2172	628	211	2750	124	328	2082	672	613	2434	2061
1145	347	1165	2616	1791	1555	1678	1483	618	2103	3016	988	713	1132	2979	1701	2179	189	1403	2872	2090	657	3241	3171	562	2193	80	2315	788	2625	592	1380	466	2949	1609	2613	302	219	949	1759	2288	2414	2319	1644	2076	2309	245	2455	2519	487	1225	1962	2790	204	2168	1391	2803	1863	275	236	2173	2942	2083	1447	1807	542	2623	2594	1493	2876	861	2010	1006	1427	1997	2657	2136	1118	884	274	933
1648	1095	1285	3042	1822	2773	1703	2294	3175	1440	1257	1802	1080	3137	1474	1428	2757	904	2117	994	2510	976	3171	3241	847	1862	2441	163	1296	1888	3030	2572	2402	2558	122	1730	2212	2370	80	498	1139	103	385	1424	859	478	870	860	1188	209	1236	2222	86	2869	2092	1534	1600	1339	1235	1532	1467	2205	2932	3073	895	669	174	2828	3233	1808	1754	1159	1548	2703	1714	2293	291	1448	323	1991	795
230	2649	872	1628	2001	1953	1513	479	3179	2596	3037	1390	2390	1084	2742	1056	1070	705	2142	298	1668	1462	562	847	3241	886	678	1820	80	1271	2160	2552	1382	2079	851	113	2316	832	1203	1745	2391	525	2464	143	1356	3121	1036	2200	1122	473	2651	973	2780	376	2282	2190	2687	1441	920	852	2475	2582	1314	458	1870	2194	3201	2009	554	829	1263	2323	2882	1168	329	1449	404	1584	2026	2151	1552
3068	1393	2276	1306	2819	1175	530	2763	833	2150	1030	1134	1002	2698	1001	744	873	2562	452	145	608	1597	2193	1862	886	3241	3012	2690	3174	3145	2811	1514	634	390	80	1484	425	2795	1803	1312	1748	519	2786	2443	2796	652	2071	407	3122	902	2162	2711	819	1961	1977	2122	2983	2898	2520	3134	2493	202	880	3199	587	2299	2494	2059	121	2111	1647	625	1984	1247	3113	492	2765	777	1090	2428	2164
2412	1687	2737	2906	2418	191	518	1010	356	1787	771	93	1761	3188	1900	3138	1916	1757	1219	417	80	710	80	2441	678	3012	3241	1326	1871	3217	1606	314	877	2789	956	2033	2998	482	2915	1067	3216	2320	2442	1956	1480	1654	619	137	1222	2226	188	997	2332	3060	2779	223	3053	428	1454	1720	1038	702	1526	1592	3167	2708	827	2592	1450	2501	501	840	2866	2612	1093	2602	2016	537	300	1659	2889
491	2231	3071	590	3103	1948	1120	2685	2743	2185	324	2008	2163	539	2747	1100	1627	2804	2540	2696	80	2022	2315	163	1820	2690	1326	3241	3065	1206	2850	1193	607	262	688	82	1580	2039	1077	1301	2004	648	964	1341	3197	2609	2364	485	899	1047	1557	2241	1762	1790	1569	80	551	1980	1873	282	213	2568	3208	1398	686	1957	2797	741	120	900	1864	1777	2588	476	1766	1148	3061	153	2972	1958	2429
1251	1696	1776	593	1436	129	1768	2576	397	1694	1189	786	548	1945	2814	2857	80	194	2225	370	1702	712	788	1296	80	3174	1871	3065	3241	1027	1238	3228	1842	1690	1671	765	1408	80	2941	2042	1860	2855	739	1912	1460	2018	2621	589	148	2946	1177	2571	728	746	2875	582	793	2397	1069	845	1288	1395	1293	882	2433	1923	979	2663	2798	80	1412	2199	1711	184	522	881	1734	135	3221	2025	1505
2769	3038	3173	1137	80	1282	162	1303	1878	2028	1283	1915	1793	161	1201	1788	624	2300	2524	782	890	443	2625	1888	1271	3145	3217	1206	1027	3241	1011	1260	1081	2213	2338	1853	1076	315	745	2269	740	2485	2654	126	2948	576	2037	250	3157	761	1638	222	3166	3019	635	502	935	2840	94	1846	1516	2474	437	248	856	1713	898	1677	2385	2870	2139	1170	2057	2256	413	1363	2416	2483	1963	2099	2633
2030	641	2456	1931	757	1706	267	1533	3156	507	193	1331	2950	1325	616	2907	1560	3066	2461	327	181	671	592	3030	2160	2811	1606	2850	1238	1011	3241	332	2966	682	2405	1071	3118	2430	2000	1425	2629	252	235	80	3029	1186	1989	1869	610	2013	1018	1602	1525	2175	529	313	1924	3140	1590	3186	401	1473	766	2488	2822	1611	1995	2210	2879	1585	1767	606	2782	2055	579	684	1986	386	208	571	1087
1116	978	80	1017	2812	1396	1851	2201	260	1102	720	2911	2914	1499	1718	985	1052	914	1479	2604	3230	2081	1380	2572	2552	1514	314	1193	3228	1260	332	3241	2802	560	2545	80	563	266	2361	1792	1551	3220	346	2557	2563	2183	1223	1518	2184	1601	3124	2533	2452	2960	307	2644	2335	3168	651	426	3210	2516	2971	1778	2074	1153	1737	2922	1399	667	261	1663	2940	2350	3001	2575	2011	2883	3136	2313	603
1588	2777	288	330	1615	2864	1507	2951	2529	1224	3204	2359	957	2312	953	1404	3126	1062	1819	456	1673	2304	466	2402	1382	634	877	607	1842	1081	2966	2802	3241	2726	2051	1622	80	2143	2366	2435	1417	1028	1486	903	80	2353	1072	2509	2917	2704	2220	2928	354	1328	1591	1815	1581	88	1970	1771	1603	2985	2284	1294	1317	477	534	1883	2426	1319	3033	1753	80	394	427	2589	3135	1661	371	294	1482
3002	1550	1359	1239	375	927	855	656	1005	152	1847	1573	2546	974	1721	987	160	80	2258	2873	3161	1063	2949	2558	2079	390	2789	262	1690	2213	682	560	2726	3241	2156	749	2490	440	2929	2574	1089	422	2189	2739	1234	1111	1586	1008	1783	2598	1940	753	233	690	1495	1509	1941	1909	2806	1469	2497	2149	2727	1151	2969	2738	1123	3160	305	2014	1242	1795	858	496	1435	653	2446	2106	295	2852	959
80	2119	1610	1684	3130	962	513	80	2219	3087	2741	875	151	3178	3159	80	365	1274	2967	2707	2686	185	1609	122	851	80	956	688	1671	2338	2405	2545	2051	2156	3241	1305	1297	1636	2992	2439	449	2865	1756	201	2223	2600	3095	1814	164	1192	3091	2500	2661	1985	2816	2714	784	711	1988	168	909	1955	134	1967	111	2383	2048	2368	1926	2827	2577	3170	2958	2310	240	2746	2718	1307	2432	2380	767
689	2506	1298	1423	3007	2638	2745	930	1635	2536	2899	3165	3048	364	127	336	1744	2085	80	1649	1185	3154	2613	1730	113	1484	2033	82	765	1853	1071	80	1622	749	1305	3241	1022	2525	1975	774	2121	1536	177	2399	1942	80	655	722	2144	2272	374	2450	229	783	556	3031	1309	2384	80	500	1554	515	2787	2098	703	2784	520	2788	729	897	2706	1150	3055	1327	131	912	1722	706	834	1140	2068
474	3090	2266	908	495	2553	95	2826	1085	2445	3111	2697	621	3193	734	355	1366	1577	1432	1692	1503	1332	302	2212	2316	425	2998	1580	1408	1076	3118	563	80	2490	1297	1022	3241	759	1537	1073	2436	567	698	2862	392	1646	3185	2167	2015	1416	816	1939	2712	1874	2892	2791	1896	2240	555	424	1384	2075	1545	1386	1954	2601	1613	3025	80	2695	87	2725	1125	2521	626	692	1045	2719	105	183	483
377	2259	3034	3088	1330	256	1029	1174	2838	750	165	1329	2982	2652	316	2489	1632	1207	559	772	737	119	219	2370	832	2795	482	2039	80	315	2430	266	2143	440	1636	2525	759	3241	337	693	983	2607	273	1897	110	2758	2554	2152	402	1856	910	770	1965	2255	2894	948	2347	1515	1497	2640	1511	1657	1669	1850	1968	1887	1502	1124	1215	1904	2476	3000	2344	1336	2888	2658	2372	1889	125	1204	2954
885	2279	1202	1098	1338	112	1707	457	1773	1213	398	2052	2409	2973	2503	1837	3100	1952	1978	1708	727	780	949	80	1203	1803	2915	1077	2941	745	2000	2361	2366	2929	2992	1975	1537	337	3241	2817	1060	1867	570	1813	1949	2634	2735	1039	1415	2275	670	2328	1520	1959	2877	2993	80	1859	1531	359	798	481	1050	1637	227	2208	1014	2555	2468	1892	3172	3128	3058	2768	1631	617	3015	1674	312	2186	2709
360	468	2066	1043	1431	769	2218	1173	1899	319	1593	2684	1549	2215	2841	3062	614	1112	2752	696	3098	3085	1759	498	1745	1312	1067	1301	2042	2269	1425	1792	2435	2574	2439	774	1073	693	2817	3241	1209	1624	1996	1101	3169	1108	1270	180	2053	2528	1154	1928	102	982	789	421	130	2885	2863	2325	946	2182	1394	438	2123	594	410	89	660	1543	2298	1351	333	272	80	389	1217	399	1419	730	1925
2292	1564	969	3190	3116	1517	504	3036	2132	1662	853	157	96	349	255	80	2884	3079	3114	451	2606	173	2288	1139	2391	1748	3216	2004	1860	740	2629	1551	1417	1089	449	2121	2436	983	1060	1209	3241	1828	2153	2655	170	3083	747	80	1471	2653	1950	2249	1231	599	141	2831	2635	2580	523	981	1200	2146	2277	1670	807	2484	1833	2165	2927	731	2214	2676	540	489	80	531	1443	779	2860	384	368
2467	2646	1805	975	80	114	91	1413	2317	1922	638	527	1911	1655	1930	1700	2953	486	1836	306	2881	175	2414	103	525	519	2320	648	2855	2485	252	3220	1028	422	2865	1536	567	2607	1867	1624	1828	3241	1273	931	850	3227	1987	1683	395	2331	550	1357	80	1104	80	2514	1091	3212	1299	2398	97	1162	279	867	2034	419	871	738	3101	1350	2756	2252	1544	1946	3092	2086	1470	922	2544	231	1355
2238	3059	2539	251	725	1921	317	1786	2902	715	80	400	2305	977	2114	955	1612	158	2504	1392	620	2336	2319	385	2464	2786	2442	964	739	2654	235	346	1486	2189	1756	177	698	273	570	1996	2153	1273	3241	238	839	1943	1905	281	869	2700	2102	1772	2720	2196	1824	1664	2465	2499	1388	214	1524	1574	3218	1420	1827	1172	2793	954	239	1667	2617	591	924	462	1521	876	3231	3005	1167	1880	2905
3123	3155	1163	3057	679	1463	1675	1472	1042	1645	1335	892	2023	1653	1679	3089	1857	465	1640	2893	80	2991	1644	1424	143	2443	1956	1341	1912	126	80	2557	903	2739	201	2399	2862	1897	1813	1101	2655	931	238	3241	2561	2512	2535	1291	2591	1171	1660	826	263	516	2343	2352	622	81	215	2180	1385	950	1658	1642	1728	80	1527	1421	1508	2693	3004	2116	1619	2586	3162	338	418	1129	526	1210	1478
3203	1512	285	2670	790	2224	186	2306	254	2916	405	3142	754	2448	1131	1178	406	80	755	1559	1727	3115	2076	859	1356	2796	1480	3197	1460	2948	3029	2563	80	1234	2223	1942	392	110	1949	3169	170	850	839	2561	3241	2650	1740	200	1929	2551	382	2874	505	2047	958	2129	2807	1227	2401	1848	331	1258	2648	2360	403	1161	3028	446	925	2126	412	659	1716	434	178	80	2358	2050	2038	1576	2659
2211	284	1212	1261	2260	2491	1541	3008	2470	1372	2064	1558	311	2861	2851	665	1607	801	1397	2702	2069	2585	2309	478	3121	652	1654	2609	2018	576	1186	2183	2353	1111	2600	80	1646	2758	2634	1108	3083	3227	1943	2512	2650	3241	2824	1782	2912	448	963	383	3096	2236	2289	1567	509	2440	681	1629	1465	2923	3026	735	600	928	1485	714	277	2005	253	630	3044	2808	1884	2207	535	304	2159	3127	1620
1566	2388	1461	813	1990	2131	2988	1547	2664	2333	1665	2195	3144	506	2805	1127	2901	1198	1347	764	2593	1464	245	870	1036	2071	619	2364	2621	2037	1989	1223	1072	1586	3095	655	3185	2554	2735	1270	747	1987	1905	2535	1740	2824	3241	1475	1672	1429	1333	2724	1199	2559	666	663	913	3151	906	919	1504	717	1023	2291	432	1457	2723	206	1032	292	2424	1466	80	2270	484	2977	1442	566	318	416	673
2871	381	1400	1346	1796	2473	1913	2166	2191	677	196	1007	2785	3023	1031	923	297	984	144	80	1311	521	2455	860	2200	407	137	485	589	250	1869	1518	2509	1008	1814	722	2167	2152	1039	180	80	1683	281	1291	200	1782	1475	3241	1166	701	497	2952	2246	532	2846	2017	907	80	2322	447	3075	1608	2406	2058	393	2754	1522	1902	1320	1364	2457	280	996	1695	388	195	2844	601	276	2157	723
2537	675	1914	352	1840	80	1540	1218	391	2774	1113	1267	1142	2198	999	2859	2614	2072	101	2054	615	265	2519	1188	1122	3122	1222	899	148	3157	610	2184	2917	1783	164	2144	2015	402	1415	2053	1471	395	869	2591	1929	2912	1672	1166	3241	2133	3022	414	2242	3152	691	3200	843	547	2732	1843	1894	1155	2100	848	517	1937	3224	1176	480	278	363	2895	2348	1583	1723	2531	2937	3051	2957	704	2665
187	1034	1105	1596	2699	1976	2463	1572	1286	1109	2931	967	3093	1510	1246	2595	3017	1243	2363	1353	217	2897	487	209	473	902	2226	1047	2946	761	2013	1601	2704	2598	1192	2272	1416	1856	2275	2528	2653	2331	2700	1171	2551	448	1429	701	2133	3241	889	2067	80	568	1264	3207	107	991	836	2820	3205	1075	1891	335	408	2679	1747	2264	2478	1289	1829	1064	1746	2908	1088	3148	1489	1983	2627	2705	1530
1750	2618	1579	2062	2130	2680	1895	1322	2854	1438	80	1119	1876	1136	811	2046	2415	2422	203	490	433	724	1225	1236	2651	2162	188	1557	1177	1638	1018	3124	2220	1940	3091	374	816	910	670	1154	1950	550	2102	1660	382	963	1333	497	3022	889	3241	2035	1643	743	3094	1194	1774	609	2624	3032	2271	2192	3194	3043	1933	2125	2296	1079	1268	1455	2417	1755	905	2301	2362	3219	3209	2070	2926	326	2228
2462	2458	2641	247	1966	1830	2660	2077	2369	1823	2913	3054	2337	2821	1226	1898	1053	1276	3139	373	2517	80	1962	2222	973	2711	997	2241	2571	222	1602	2533	2928	753	2500	2450	1939	770	2328	1928	2249	1357	1772	826	2874	383	2724	2952	414	2067	2035	3241	2887	1868	2794	3146	1149	3080	2124	1542	694	210	136	1308	1736	2351	109	2748	2274	1879	945	514	584	2487	1115	1096	2945	1861	2543	348	3013
1275	533	1855	543	1445	2987	1374	2910	2006	1190	2233	2965	2832	2799	1854	1697	1712	2250	2420	646	815	1651	2790	86	2780	819	2332	1762	728	3166	1525	2452	354	233	2661	229	2712	1965	1520	102	1231	80	2720	263	505	3096	1199	2246	2242	80	1643	2887	3241	1743	2451	806	2925	966	2994	3240	2486	1304	1920	80	3045	2578	1468	345	2631	2775	574	1481	1781	1411	825	3020	2701	878	503	80	2104
1568	1604	1806	3147	343	2896	2962	1160	2731	2278	2959	2564	2668	970	605	2262	2234	2345	80	544	1004	1061	204	2869	376	1961	3060	1790	746	3019	2175	2960	1328	690	1985	783	1874	2255	1959	982	599	1104	2196	516	2047	2236	2559	532	3152	568	743	1868	1743	3241	2407	2518	3183	2673	361	3097	2761	1801	243	2281	2367	2935	1065	2713	1228	2482	597	866	3006	322	2498	1310	2154	2930	205	1875	2232
2239	1181	1316	2526	1368	541	3084	378	1760	2002	2849	1605	1430	1354	637	664	794	1476	172	1255	831	2565	2168	2092	2282	1977	2779	1569	2875	635	529	307	1591	1495	2816	556	2892	2894	2877	789	141	80	1824	2343	958	2289	666	2846	691	1264	3094	2794	2451	2407	3241	1059	1732	2181	2734	1865	2187	2608	1779	1389	2477	459	676	1049	2138	2744	1686	1405	751	2286	1733	2809	2513	569	2115	1927	776
1936	2666	1281	2393	1414	756	1539	2856	1858	575	1318	2273	558	1284	820	1565	423	2374	1872	824	1789	3206	1391	1534	2190	2122	223	80	582	502	313	2644	1815	1509	2714	3031	2791	948	2993	421	2831	2514	1664	2352	2129	1567	663	2017	3200	3207	1194	3146	806	2518	1059	3241	545	1500	3077	2662	2938	411	464	1910	1993	2579	3069	1300	1666	2667	561	220	2968	2107	154	1369	123	1589	494	2243	1935
2261	998	98	2749	1688	2283	1107	810	1917	1078	1068	197	1625	2834	2980	471	2767	510	1693	301	80	1556	2803	1600	2687	2983	3053	551	793	935	1924	2335	1581	1941	784	1309	1896	2347	80	130	2635	1091	2465	622	2807	509	913	907	843	107	1774	1149	2925	3183	1732	545	3241	817	2740	2976	2502	752	874	2715	237	2682	2113	791	862	3104	1784	2605	965	1729	2447	2392	1742	2523	1838	3191	1324
2245	1994	1313	640	2823	80	2599	2287	2217	1302	674	1358	1156	1626	1599	1834	2389	116	2078	99	80	1535	1863	1339	1441	2898	428	1980	2397	2840	3140	3168	88	1909	711	2384	2240	1515	1859	2885	2580	3212	2499	81	1227	2440	3151	80	547	991	609	3080	966	2673	2181	1500	817	3241	2285	1451	2169	508	2318	2505	1352	2108	2031	971	2538	2496	2265	2880	1361	2178	662	1184	1114	3153	289	488	3214
1387	1705	1698	257	2963	802	2007	2137	3182	1652	1446	2615	2093	224	721	190	1938	2955	283	2792	1323	1290	275	1235	920	2520	1454	1873	1069	94	1590	651	1970	2806	1988	80	555	1497	1531	2863	523	1299	1388	215	2401	681	906	2322	2732	836	2624	2124	2994	361	2734	3077	2740	2285	3241	2327	768	1749	80	2088	453	2209	3041	649	2736	1037	2045	709	3131	1498	2547	2947	650	115	2692	1650	2134
762	1378	781	2029	2342	2981	80	2534	258	627	2681	2688	3024	1295	916	1418	3132	1488	1169	2449	1197	344	236	1532	852	3134	1720	282	845	1846	3186	426	1771	1469	168	500	424	2640	359	2325	981	2398	214	2180	1848	1629	919	447	1843	2820	3032	1542	3240	3097	1865	2662	2976	1451	2327	3241	846	1852	1633	961	228	557	2825	2636	2386	2155	2096	2771	1849	342	2813	553	2247	661	1704	3067	2818
1180	340	1250	1998	2996	2619	1152	1337	1433	287	1893	2507	888	150	3040	992	2375	2569	2027	80	891	80	2173	1467	2475	2493	1038	213	1288	1516	401	3210	1603	2497	909	1554	1384	1511	798	946	1200	97	1524	1385	331	1465	1504	3075	1894	3205	2271	694	2486	2761	2187	2938	2502	2169	768	846	3241	2355	2105	1799	2560	1794	2944	1735	3189	3211	972	2480	736	1143	800	2934	80	3184	2334	310	3082
2012	921	797	380	362	264	3192	2371	1960	2311	1676	695	2459	1487	299	1717	1563	270	431	1035	1999	841	2942	2205	2582	202	702	2568	1395	2474	1473	2516	2985	2149	1955	515	2075	1657	481	2182	2146	1162	1574	950	1258	2923	717	1608	1155	1075	2192	210	1304	1801	2608	411	752	508	1749	1852	2355	3241	80	2689	2437	2349	100	3102	944	232	2837	3099	218	803	822	2021	1179	1019	2839	2694	1594
2590	2622	2387	334	604	2778	2020	716	2382	1342	2643	259	778	2095	2251	242	3109	1979	2127	1562	863	1804	2083	2932	1314	880	1526	3208	1293	437	766	2971	2284	2727	134	2787	1545	1669	1050	1394	2277	279	3218	1658	2648	3026	1023	2406	2100	1891	3194	136	1920	243	1779	464	874	2318	80	1633	2105	80	3241	929	1634	80	1719	2065	2395	2177	1009	536	2610	1253	1866	1951	2400	1182	353	645	2148
1587	3213	2394	2444	658	893	1831	1456	321	2847	2943	325	415	687	3018	3215	435	2984	2377	940	2611	1578	1447	3073	458	3199	1592	1398	882	248	2488	1778	1294	1151	1967	2098	1386	1850	1637	438	1670	867	1420	1642	2360	735	2291	2058	848	335	3043	1308	80	2281	1389	1910	2715	2505	2088	961	1799	2689	929	3241	147	1529	2253	726	2314	142	1220	990	2101	1477	2091	2550	565	1370	947	2044	3021
2583	760	3163	80	1731	2307	80	80	887	308	3072	2346	3225	2781	585	2454	1106	2903	1376	1379	90	2174	1807	895	1870	587	3167	686	2433	856	2822	2074	1317	2969	111	703	1954	1968	227	2123	807	2034	1827	1728	403	600	432	393	517	408	1933	1736	3045	2367	2477	1993	237	1352	453	228	2560	2437	1634	147	3241	1818	2330	1972	2766	339	234	3176	2729	2830	1918	80	387	442	80	2556	2542
1020	792	799	683	2421	1092	707	3223	2063	246	1315	3112	868	758	182	212	2936	2975	2216	2321	2040	1546	542	669	2194	2299	2708	1957	1923	1713	1611	1153	477	2738	2383	2784	2601	1887	2208	594	2484	419	1172	80	1161	928	1457	2754	1937	2679	2125	2351	2578	2935	459	2579	2682	2108	2209	557	1794	2349	80	1529	1818	3241	993	2918	1618	357	549	455	169	2764	2043	499	3076	636	1798	3070	1982
680	2995	441	1519	2341	1074	80	461	611	1553	2891	2728	1086	629	2357	3222	1262	216	654	2340	286	2939	2623	174	3201	2494	827	2797	979	898	1995	1737	534	1123	2048	520	1613	1502	1014	410	1833	871	2793	1527	3028	1485	2723	1522	3224	1747	2296	109	1468	1065	676	3069	2113	2031	3041	2825	2944	100	1719	2253	2330	993	3241	623	1410	1044	598	911	1348	1360	1292	2120	3050	1426	1981	2469	2919
1680	2548	3035	3133	1187	644	1362	2206	3078	1944	2161	1344	3198	3014	837	439	80	2770	2530	2084	1409	2257	2594	2828	2009	2059	2592	741	2663	1677	2210	2922	1883	3160	2368	2788	3025	1124	2555	89	2165	738	954	1421	446	714	206	1902	1176	2264	1079	2748	345	2713	1049	1300	791	971	649	2636	1735	3102	2065	726	1972	2918	623	3241	2302	1103	602	80	436	1254	1623	2829	2379	3177	2141	155	1947
156	3239	1099	1528	865	2656	986	1205	818	296	2842	1110	3010	198	1616	320	2176	697	1656	1048	2772	1491	1493	3233	554	121	1450	120	2798	2385	2879	1399	2426	305	1926	729	80	1215	2468	660	2927	3101	239	1508	925	277	1032	1320	480	2478	1268	2274	2631	1228	2138	1666	862	2538	2736	2386	3189	944	2395	2314	2766	1618	1410	2302	3241	2587	249	3150	1908	2381	3235	668	2339	351	3229	2584	3196
2567	1709	1969	2776	1256	719	1682	396	1269	1826	1974	2522	2961	3202	1458	1919	1800	1383	2326	633	454	2843	2876	1808	829	2111	2501	900	80	2870	1585	667	1319	2014	2827	897	2695	1904	1892	1543	731	1350	1667	2693	2126	2005	292	1364	278	1289	1455	1879	2775	2482	2744	2667	3104	2496	1037	2155	3211	232	2177	142	339	357	1044	1103	2587	3241	1016	1617	2492	2203	2974	166	1013	1877	146	960	1561
1780	1216	1083	1797	1886	1146	2202	3003	1066	475	244	989	3107	1026	2427	2087	2376	647	1821	450	372	2172	861	1754	1263	1647	501	1864	1412	2139	1767	261	3033	1242	2577	2706	87	2476	3172	2298	2214	2756	2617	3004	412	253	2424	2457	363	1829	2417	945	574	597	1686	561	1784	2265	2045	2096	972	2837	1009	1220	234	549	598	602	249	1016	3241	1141	1221	787	2303	1434	1452	3180	80	2990	2036
199	3125	3129	460	732	2762	952	2235	785	901	83	1147	1496	2671	546	2466	2227	1057	1345	1817	3063	628	2010	1159	2323	625	840	1777	2199	1170	606	1663	1753	1795	3170	1150	2725	3000	3128	1351	2676	2252	591	2116	659	630	1466	280	2895	1064	1755	514	1481	866	1405	220	2605	2880	709	2771	2480	3099	536	990	3176	455	911	80	3150	1617	1141	3241	1259	2647	2254	980	1770	2423	2481	420	80
805	2964	1195	1164	3187	2890	835	3158	2620	1844	932	700	1126	367	2810	2716	138	467	2730	3237	1365	211	1006	1548	2882	1984	2866	2588	1711	2057	2782	2940	80	858	2958	3055	1125	2344	3058	333	540	1544	924	1619	1716	3044	80	996	2348	1746	905	584	1781	3006	751	2968	965	1361	3131	1849	736	218	2610	2101	2729	169	1348	436	1908	2492	1221	1259	3241	1117	1724	2800	2674	2508	444	718	631
643	2267	429	941	80	1003	1021	3039	176	2221	2032	3164	2197	2263	2833	226	84	1882	1765	1278	80	2750	1427	2703	1168	1247	2612	476	184	2256	2055	2350	394	496	2310	1327	2521	1336	2768	272	489	1946	462	2586	434	2808	2270	1695	1583	2908	2301	2487	1411	322	2286	2107	1729	2178	1498	342	1143	803	1253	1477	2830	2764	1360	1254	2381	2203	787	2647	1117	3241	2329	708	1992	2669	926	1371	3195
1809	2597	937	2683	1641	936	2396	2835	2717	1214	1033	159	3108	207	463	85	830	2365	1494	2041	511	124	1997	1714	329	3113	1093	1766	522	413	579	3001	427	1435	240	131	626	2888	1631	80	80	3092	1521	3162	178	1884	484	388	1723	1088	2362	1115	825	2498	1733	154	2447	662	2547	2813	800	822	1866	2091	1918	2043	1292	1623	3235	2974	2303	2254	1724	2329	3241	1280	838	2024	864	2628	2472
1094	2691	812	1903	1015	2626	3234	639	2515	1444	1971	2438	2110	1121	2722	1012	1279	366	1575	612	1245	328	2657	2293	1449	492	2602	1148	881	1363	684	2575	2589	653	2746	912	692	2658	617	389	531	2086	876	338	80	2207	2977	195	2531	3148	3219	1096	3020	1310	2809	1369	2392	1184	2947	553	2934	2021	1951	2550	80	499	2120	2829	668	166	1434	980	2800	708	1280	3241	595	2290	1841	3238	1138
2049	2128	2970	1157	1595	1459	1082	1208	1906	493	290	995	1501	808	642	2549	943	552	1135	1614	1785	2082	2136	291	404	2765	2016	3061	1734	2416	1986	2011	3135	2446	2718	1722	1045	2372	3015	1217	1443	1470	3231	418	2358	535	1442	2844	2937	1489	3209	2945	2701	2154	2513	123	1742	1114	650	2247	80	1179	2400	565	387	3076	3050	2379	2339	1013	1452	1770	2674	1992	838	595	3241	1811	1046	1375	2933
2404	268	2997	586	171	2760	1233	1839	2721	804	1835	1885	80	2710	1490	1000	2632	1681	1041	2630	1639	672	1118	1448	1584	777	537	153	135	2483	386	2883	1661	2106	1307	706	2719	1889	1674	399	779	922	3005	1129	2050	304	566	601	3051	1983	2070	1861	878	2930	569	1589	2523	3153	115	661	3184	1019	1182	1370	442	636	1426	3177	351	1877	3180	2423	2508	2669	2024	2290	1811	3241	2431	857	430
849	2733	1691	828	1191	1024	2268	128	1582	1133	1538	2080	3105	1343	2244	1810	580	2603	2460	1055	699	613	884	323	2026	1090	300	2972	3221	1963	208	3136	371	295	2432	834	105	125	312	1419	2860	2544	1167	526	2038	2159	318	276	2957	2627	2926	2543	503	205	2115	494	1838	289	2692	1704	2334	2839	353	947	80	1798	1981	2141	3229	146	80	2481	444	926	864	1841	1046	2431	3241	1907	2230
2188	2248	951	1097	2408	1630	221	2845	80	1621	1241	2413	80	2297	2410	1710	1845	2642	303	685	1598	2434	274	1991	2151	2428	1659	1958	2025	2099	571	2313	294	2852	2380	1140	183	1204	2186	730	384	231	1880	1210	1576	3127	416	2157	704	2705	326	348	80	1875	1927	2243	3191	488	1650	3067	310	2694	645	2044	2556	3070	2469	155	2584	960	2990	420	718	1371	2628	3238	1375	857	1907	3241	192
2140	1025	1932	379	814	742	1277	2378	117	524	3106	809	1237	469	1401	1128	879	2848	3009	733	968	2061	933	795	1552	2164	2889	2429	1505	2633	1087	603	1482	959	767	2068	483	2954	2709	1925	368	1355	2905	1478	2659	1620	673	723	2665	1530	2228	3013	2104	2232	776	1935	1324	3214	2134	2818	3082	1594	2148	3021	2542	1982	2919	1947	3196	1561	2036	80	631	3195	2472	1138	2933	430	2230	192	3241
