4096	3086	3326	590	977	1430	3757	3619	3569	1968	2982	586	566	865	307	3324	3982	3693	4001	2966	2613	297	2271	204	3859	4070	90	3128	1944	500	3129	1885	2843	1746	2499	2846	1453	2357	3512	1872	989	2264	2973	3089	1194	2476	568	669	1577	2048	2630	1154	1665	595	1401	3801	2016	3100	994	3486	1256	3236	767	1287	707	3082	1053	2520	536	150	3412	1163	1423	3772	2660	3601	664	2122	1904	2320	1442	1122	2201	2186	489	4011	1791	298	2272	431	182
3086	4096	426	3058	3622	1100	2634	1322	412	397	2786	3205	2855	3808	92	3426	1188	622	2101	3618	3885	1787	728	535	1037	3005	3886	1713	1392	3828	1428	3746	3342	2787	668	791	2652	1842	1241	462	1828	2838	466	2071	1061	137	1907	1367	2119	422	3957	3562	2842	2386	2404	2429	1633	3714	631	3515	3007	144	90	893	143	780	1991	3624	1793	404	882	1988	627	506	2756	3533	388	2161	2550	224	3016	911	2398	324	2958	1901	417	2953	2244	2884	1255
3326	426	4096	336	1745	2369	1521	2351	3481	494	2002	1579	3095	1716	4062	2706	3455	2235	90	1297	2588	1835	556	344	3372	1632	3222	3671	2865	3020	1832	715	1253	2640	710	2497	2093	2418	3202	3220	3761	3245	3496	485	1311	2204	1605	3878	719	673	2810	2396	2646	1066	674	1206	2290	2195	2056	561	2374	2214	1642	90	3664	3599	2769	1638	2353	3257	247	599	3400	3613	2175	1375	2164	2266	420	1099	4069	2681	1416	1971	3565	1781	357	3460	3937	775	3444
590	3058	336	4096	2990	2853	2626	1810	2171	2886	1879	1245	641	2768	2619	121	1689	90	305	2636	90	3125	90	1724	2248	2003	1303	1864	322	2154	1121	2287	3980	3168	2687	2128	1127	3484	2265	2702	3929	2625	1406	958	3691	3054	3907	98	2259	477	2442	2019	3363	3037	90	3256	1733	3074	1054	1445	3102	2094	3122	3541	2495	1921	2945	1198	3137	140	2229	897	3610	2645	2996	2522	839	2338	1376	684	1090	3556	2134	1366	1038	2007	3530	2912	691	2974	1549
977	3622	1745	2990	4096	4042	761	1132	3468	282	256	2405	2492	1849	1321	3863	887	2798	3880	2801	2044	3774	3986	1216	3489	542	90	1900	1589	1912	2917	3066	2872	2458	3092	2169	364	537	2224	889	2104	2782	411	3062	943	374	2998	647	2157	1229	2530	1157	191	2142	167	1352	964	300	2558	4091	3919	574	3780	3941	1485	1913	2775	2586	2978	1098	4017	3259	1644	367	1019	106	1093	3626	3190	3821	3500	2599	1070	2946	1390	2551	3153	1619	1182	806	132
1430	1100	2369	2853	4042	4096	1715	275	2452	436	3945	857	2423	1678	1629	3373	1588	2208	2668	2484	3657	1636	128	3441	3348	618	4054	90	1027	1816	1228	1502	2817	1175	2764	3381	3724	90	2325	2939	2001	2746	1417	1970	241	3204	1776	1184	648	2962	638	3349	2944	1708	1424	3422	90	2300	587	1114	1180	2517	1026	1626	3333	2303	3531	3811	4037	3490	1338	1592	1252	2635	657	294	3963	2488	3697	1744	1342	342	169	3563	1688	2276	314	4057	3674	473	2108
3757	2634	1521	2626	761	1715	4096	1848	3695	974	274	545	1374	746	3776	970	1655	90	1967	2184	1538	1614	354	2215	1909	2428	788	3461	2388	1275	2704	979	759	352	2696	1939	975	1996	1450	3055	988	3145	2527	1464	614	656	2083	1931	3638	3948	3915	1273	2305	3862	2102	1532	4048	271	606	4060	2881	2870	260	3320	832	757	3156	3332	548	1959	1031	3431	2451	1779	3338	3992	2875	1876	3650	2593	1725	2757	2203	1312	1857	3474	2964	2471	2790	393	3061
3619	1322	2351	1810	1132	275	1848	4096	992	165	4088	2740	1396	3374	3961	2005	3173	3817	3191	1643	242	2326	3643	273	3312	2665	1977	2603	3336	3136	3600	4086	621	183	660	3502	2926	285	1863	1537	3299	1069	3711	3658	2774	2955	2136	1138	1271	3251	3295	3390	3041	2217	3327	184	2141	3491	3803	90	3656	3549	2828	1695	3241	2983	1760	2309	2720	3720	3250	523	3698	1111	3872	1673	3967	1882	1286	3392	482	2168	3218	1422	3655	3018	1830	4025	1010	2298	2223
3569	412	3481	2171	3468	2452	3695	992	4096	1082	3209	2928	4075	924	2970	134	736	2906	629	328	2450	390	1584	119	362	2408	2536	112	1032	381	3660	3039	470	1736	2942	1488	4089	1558	1072	1373	2708	3343	603	2984	3459	225	1288	2688	1506	1568	2670	2658	982	2143	3889	1947	2762	1002	1782	2000	1965	3979	111	912	201	3232	2830	2467	3269	2317	2516	2120	139	3113	3943	2084	416	1097	3765	217	250	2510	90	651	1129	1248	1738	3942	1473	1646	3281
1968	397	494	2886	282	436	974	165	1082	4096	2674	2011	763	3001	2590	190	2749	858	216	448	2315	90	2440	875	2925	3661	3806	1168	2088	1232	639	1439	1928	4076	3733	816	3911	175	148	3523	2257	999	800	2390	1552	3229	410	2570	2571	463	2462	136	3008	3901	1058	308	642	644	1115	1818	464	654	2340	3300	141	1797	1752	3528	3934	90	418	1572	1426	3790	2694	2261	1440	2760	2579	834	3677	3944	1349	341	2538	1221	1178	2466	831	1994	3077
2982	2786	2002	1879	256	3945	274	4088	3209	2674	4096	3076	3246	3247	269	1172	3397	856	3867	2345	3369	3401	1199	3517	3033	3629	794	3762	1101	3181	2339	120	303	835	2187	2213	4051	427	3368	3174	1247	1770	3612	1363	3984	3570	147	90	1932	2501	2524	1801	1933	2015	2274	693	3754	1117	2859	3448	1299	99	2295	2654	3539	3070	2684	2365	1215	781	2893	2454	1359	467	2568	1609	1454	226	2840	2342	3479	1656	3713	1591	2243	4066	1792	2844	4071	986	3488
586	3205	1579	1245	2405	857	545	2740	2928	2011	3076	4096	102	2221	3938	1238	162	146	1874	1600	4052	2285	1873	3725	2759	909	1940	1133	2543	90	90	3602	3365	2480	3588	2202	3887	1065	3902	505	194	2806	2380	3785	2809	1095	3611	1436	90	1222	2743	811	3429	598	278	189	1466	1515	1803	394	1560	1233	3900	3750	1474	962	3069	2406	1704	3169	546	2985	145	1335	3292	335	817	2525	2402	1057	495	327	1051	1511	2612	2278	712	1112	2091	3387	3263
566	2855	3095	641	2492	2423	1374	1396	4075	763	3246	102	4096	2294	3723	938	3678	2784	353	3310	3914	996	1594	1234	1805	2304	2639	1905	168	90	389	2207	695	1686	2852	3709	1173	2332	2247	628	4085	2185	820	326	840	2854	1023	1660	2650	228	1150	990	1332	1606	2121	2051	2156	937	1840	3559	3371	1388	3850	1402	3385	1346	3998	509	415	3591	2529	3197	2067	2237	3454	3302	3706	1085	916	862	2389	901	2967	3042	4035	1661	3831	1598	2647	2698	3653
865	3808	1716	2768	1849	1678	746	3374	924	3001	3247	2221	2294	4096	1888	3897	90	538	935	1917	3144	1316	1674	2006	1089	2491	1637	3845	3910	1231	1956	405	658	2284	2431	3096	385	438	1516	2712	3494	3097	3034	2546	1264	3538	3048	1608	2671	1407	2956	2269	3824	2103	3321	792	931	3447	1448	3224	2573	3290	293	3264	1634	3361	360	3916	3138	960	2043	1699	3893	933	2100	3297	429	980	1570	312	2377	2095	1166	1240	105	1400	2675	3407	1341	2360	3802
307	92	4062	2619	1321	1629	3776	3961	2970	2590	269	3938	3723	1888	4096	113	2260	978	803	3176	3560	1587	3524	286	1204	1578	899	3253	2023	1622	1479	1529	1296	2931	625	508	2319	3388	3344	910	2888	2672	3617	2523	847	2818	1310	3933	2858	3406	1625	869	3758	1513	90	3465	888	3551	1813	717	3692	2563	983	3751	1183	3123	386	2814	2899	1789	833	3890	1223	3509	1265	1953	252	2716	2219	1777	1276	3641	3971	284	234	1972	96	682	1974	440	90
3324	3426	2706	121	3863	3373	970	2005	134	190	1172	1238	938	3897	113	4096	898	2770	703	2178	421	296	2816	3339	1162	823	1669	4004	1730	90	2847	1270	3853	1576	2188	3685	2566	3947	2656	2410	2585	1785	2306	577	2562	3598	2366	968	149	1654	4020	3993	1144	2447	2329	3829	961	3770	1497	4032	2262	3413	1410	557	3492	1498	2935	1017	2595	1351	1595	2475	2507	3227	3879	1236	155	2509	915	290	2733	950	2747	740	4079	2132	1859	3784	4022	1850	3303
3982	1188	3455	1689	887	1588	1655	3173	736	2749	3397	162	3678	90	2260	898	4096	406	3416	3357	1554	2532	1314	90	3478	3271	3603	2010	3721	2192	3841	3675	90	2057	1304	3514	2112	3119	663	424	2662	2742	804	1679	819	3927	3639	4014	2941	796	723	1294	239	2580	2350	3277	3504	2661	1298	268	1370	3140	2341	514	1354	2256	192	2422	248	3568	3238	3508	632	3782	3684	103	1041	1824	1541	696	3554	3950	4033	1190	1060	1482	1861	123	2892	330	3434
3693	622	2235	90	2798	2208	90	3817	2906	858	856	146	2784	538	978	2770	406	4096	3532	173	91	3398	210	3513	3813	3506	1911	3440	3306	1203	171	1119	1762	203	153	2348	1790	3990	1096	211	2547	3999	2238	2050	2336	3840	3985	2752	2268	3832	2924	1192	289	667	2824	2158	1290	2819	2190	2643	356	2981	3130	3217	2372	3722	2587	2902	1152	805	3498	3519	3642	457	1076	3553	2808	2401	1889	1280	3132	754	3798	3592	370	2968	1140	2710	2165	1621	680
4001	2101	90	305	3880	2668	1967	3191	629	216	3867	1874	353	935	803	703	3416	3532	4096	1207	2641	218	596	3727	1164	4006	2994	368	3301	934	361	3458	1141	2383	1174	2063	3473	3732	2498	4072	1613	2549	843	3557	3616	3507	3670	2246	573	2457	3362	795	1525	4083	1647	1969	2242	347	2514	3148	3316	2894	1701	3495	1993	3469	90	3726	1694	1015	3139	1580	2107	2054	3141	1200	93	3716	829	2147	2145	3823	2813	592	1209	3795	213	129	1268	258	3135
2966	3618	1297	2636	2801	2484	2184	1643	328	448	2345	1600	3310	1917	3176	2178	3357	173	1207	4096	2239	511	363	3248	480	2987	2032	2417	720	1197	306	1496	2849	714	409	138	1364	1404	90	3912	1836	399	3134	3453	2997	3521	1165	3930	1771	1610	151	3249	1761	3694	3827	1829	2683	90	2089	2139	1831	2118	550	987	3182	3023	1769	1512	1289	375	262	3793	661	584	1814	283	3414	3367	2667	3966	706	350	2531	2212	3195	1635	1664	1470	2666	455	1735
2613	3885	2588	90	2044	3657	1538	242	2450	2315	3369	4052	3914	3144	3560	421	1554	91	2641	2239	4096	1878	1880	2375	4047	277	1602	3417	1343	2487	4026	733	1259	559	3864	3646	1649	3036	2470	1293	3932	90	126	1318	1774	1028	3819	396	3410	2750	2211	731	1573	1827	4094	1794	1353	1472	565	1483	318	3777	1986	2385	2559	801	2062	2209	3766	2236	2703	3194	2940	1881	1103	3631	316	3083	2701	3745	1381	837	177	1501	196	3121	1847	1748	3847	3921	1235
297	1787	1835	3125	3774	1636	1614	2326	390	90	3401	2285	996	1316	1587	296	2532	3398	218	511	1878	4096	1575	451	1742	1534	650	2513	699	4063	1102	3970	4055	3098	1434	2335	2322	1648	3796	1925	1461	2857	3662	3609	3470	3120	1007	351	786	1709	1960	2832	3215	2241	3366	1711	3142	492	2581	3987	616	2930	3078	337	1948	1084	142	3734	3505	491	1348	1870	922	3712	2153	4015	1136	2560	414	1729	3838	4068	90	3081	2622	2481	3522	3940	1403	2252	2182
2271	728	556	90	3986	128	354	3643	1584	2440	1199	1873	1594	1674	3524	2816	1314	210	596	363	1880	1575	4096	2992	818	3104	3107	398	456	2950	3975	3534	90	3705	1384	3053	2615	1079	3099	90	1930	2111	3283	237	502	2367	1465	1315	747	2614	2723	2711	3185	2778	3411	2873	2722	3188	3436	1566	2856	2552	3386	1291	243	932	3839	1365	605	1834	1875	3013	3607	487	2081	3404	1030	3718	868	3627	4041	403	3800	1934	1682	1148	1788	971	3606	3856	2232
204	535	344	1724	1216	3441	2215	273	119	875	3517	3725	1234	2006	286	3339	90	3513	3727	3248	2375	451	2992	4096	942	3924	1721	591	873	1021	2797	1459	1823	257	131	3265	510	949	3835	2758	3768	602	3572	2140	612	734	1937	2655	2651	1176	3628	3151	3953	984	751	1726	2409	1193	1596	202	449	755	2216	2270	3681	1012	3752	1339	3820	2376	1328	967	2866	3868	3105	845	3025	2460	2500	2776	2734	3337	768	3794	1927	1409	677	1347	1858	852	3680
3859	1037	3372	2248	3489	3348	1909	3312	362	2925	3033	2759	1805	1089	1204	1162	3478	3813	1164	480	4047	1742	818	942	4096	2771	223	231	3623	295	666	3293	90	1333	1243	2468	2368	3965	114	4092	2540	1218	1854	841	1040	1444	3172	957	90	476	716	2754	732	3935	1869	3501	1120	2575	1772	718	870	2800	2069	2653	580	1846	2193	1317	2138	527	2283	2483	2879	1645	3379	3150	1892	1399	600	1379	2862	1557	2077	3843	2915	2220	3788	1029	2421	2068	1705
4070	3005	1632	2003	542	618	2428	2665	2408	3661	3629	909	2304	2491	1578	823	3271	3506	4006	2987	277	1534	3104	3924	2771	4096	1143	4027	1681	3816	3665	1821	2469	3318	3870	2387	3353	765	2596	3274	3010	2218	3045	90	2791	3797	727	452	3196	2479	1687	4078	3668	3451	762	2823	2792	2920	1651	2834	594	4024	570	1246	3186	3084	3738	3462	371	724	3769	3359	90	1492	1064	3370	2465	2087	3244	3175	3783	3294	2556	2199	3158	2773	3608	1981	3888	1553	3710
90	3886	3222	1303	90	4054	788	1977	2536	3806	794	1940	2639	1637	899	1669	3603	1911	2994	2032	1602	650	3107	1721	223	1143	4096	3700	3547	1397	3212	1393	2155	549	2986	859	2174	2033	713	3221	2291	1838	2109	475	90	1980	170	753	1949	722	2937	2400	115	675	2812	90	2250	3851	122	1837	2835	1281	90	4082	3032	3849	3094	1675	1306	301	3050	1852	2009	853	90	1740	349	1672	3382	1300	2713	1676	4009	2133	90	3771	2439	3230	2313	760	90
3128	1713	3671	1864	1900	90	3461	2603	112	1168	3762	1133	1905	3845	3253	4004	2010	3440	368	2417	3417	2513	398	591	231	4027	3700	4096	2162	1451	2082	2316	3027	193	3015	1527	1345	3688	2897	104	199	1137	2373	1800	3804	659	3214	3237	4059	401	995	1565	379	107	519	270	2736	1113	1984	3854	3116	2464	2420	1955	1262	317	2299	266	2833	1894	3311	2557	3115	1042	617	2459	908	560	1261	2905	3555	2745	1478	2948	2148	822	90	90	2890	3482	3088
1944	1392	2865	322	1589	1027	2388	3336	1032	2088	1101	2543	168	3910	2023	1730	3721	3306	3301	720	1343	699	456	873	3623	1681	3547	2162	4096	2392	3959	2620	1024	2472	2607	1145	1670	1507	3331	209	90	1387	3071	1372	826	913	3391	97	1302	742	2919	1641	2589	1278	2124	750	947	1105	1987	3291	2444	611	3581	90	655	90	4064	1841	1808	1618	1820	1325	1737	2548	2738	2251	895	1251	3702	4080	1899	2328	2055	866	3051	156	1922	1951	434	729	2151
500	3828	3020	2154	1912	1816	1275	3136	381	1232	3181	90	90	1231	1622	90	2192	1203	934	1197	2487	4063	2950	1021	295	3816	1397	1451	2392	4096	2891	458	709	1700	2695	3189	2788	3446	2794	1526	2959	3360	2354	2253	1147	1611	3341	3355	581	2908	809	1443	1484	1581	3542	3239	2882	2159	2362	3475	3079	576	2600	1843	551	583	3587	2183	3883	1186	2489	518	3955	2889	2198	936	4050	222	276	3198	439	1706	1494	1755	923	1160	2110	1480	3577	2724	197
3129	1428	1832	1121	2917	1228	2704	3600	3660	639	2339	90	389	1956	1479	2847	3841	171	361	306	4026	1102	3975	2797	666	3665	3212	2082	3959	2891	4096	1355	4093	207	2929	1068	3637	2617	1564	1179	711	633	1662	1998	3165	90	4008	3258	2594	3093	752	3378	332	778	3537	585	2505	117	208	3781	3067	2135	3242	810	3163	1734	637	2932	2394	838	3322	2092	2281	2456	1382	108	880	1812	90	1503	802	3296	756	3651	3085	3267	1780	313	1048	90	2583
1885	3746	715	2287	3066	1502	979	4086	3039	1439	120	3602	2207	405	1529	1270	3675	1119	3458	1496	733	3970	3534	1459	3293	1821	1393	2316	2620	458	1355	4096	3409	1458	1018	3072	90	4040	588	2433	3456	946	582	3017	3124	400	1226	1896	4021	569	593	890	3632	1624	1583	554	3969	1877	1919	1906	1340	828	2506	3968	3289	1978	2130	2936	894	3590	1219	1514	3270	3981	2621	1616	2841	774	2951	1258	1707	2449	2528	1277	815	1323	339	3731	1547	1543	3152
2843	3342	1253	3980	2872	2817	759	621	470	1928	303	3365	695	658	1296	3853	90	1762	1141	2849	1259	4055	90	1823	90	2469	2155	3027	1024	709	4093	3409	4096	3030	1493	772	1411	3285	697	1964	4046	3939	2631	2030	3157	945	2564	3708	3126	1217	2079	1067	2330	2691	1324	1910	292	1743	1802	626	1159	3848	1263	484	552	3155	3715	3687	1822	2907	665	2311	2578	1759	885	1242	2692	1741	3063	2947	1601	3262	2761	109	4061	3275	623	2441	3593	690	3044
1746	2787	2640	3168	2458	1175	352	183	1736	4076	835	2480	1686	2284	2931	1576	2057	203	2383	714	559	3098	3705	257	1333	3318	549	193	2472	1700	207	1458	3030	4096	90	2949	543	4087	3673	1593	953	445	3223	1811	1499	3334	3540	1380	2075	1308	3535	1086	1337	3866	687	2150	1044	465	1091	725	3393	3576	2356	3480	1533	3594	965	3463	2028	2020	3435	3347	701	2078	3787	2807	2729	2106	848	3280	288	3452	892	998	1898	874	219	160	1319	1982	2176
2499	668	710	2687	3092	2764	2696	660	2942	3733	2187	3588	2852	2431	625	2188	1304	153	1174	409	3864	1434	1384	131	1243	3870	2986	3015	2607	2695	2929	1018	1493	90	4096	1768	855	1446	2755	3112	281	1055	2013	1798	3421	1134	1627	3087	1013	124	1731	255	2403	917	1517	1539	3161	2591	1362	3891	1628	2343	1309	4018	973	2301	2137	311	3090	3760	3729	3807	1756	564	3951	2172	1447	2288	1078	2327	174	3114	2384	1973	127	4065	3899	3582	879	4016	90
2846	791	2497	2128	2169	3381	1939	3502	1488	816	2213	2202	3709	3096	508	3685	3514	2348	2063	138	3646	2335	3053	3265	2468	2387	859	1527	1145	3189	1068	3072	772	2949	1768	4096	1457	186	3936	205	3330	3615	2867	3882	3991	2850	1908	3240	215	907	904	1110	1118	233	3906	944	3739	3997	1195	3892	441	3792	2592	1535	2909	221	3402	743	1652	1460	90	2766	544	630	90	2553	2597	319	1421	3314	1942	1720	3483	1094	176	498	2632	100	1049	1418	1371
1453	2652	2093	1127	364	3724	975	2926	4089	3911	4051	3887	1173	385	2319	2566	2112	1790	3473	1364	1649	2322	2615	510	2368	3353	2174	1345	1670	2788	3637	90	1411	543	855	1457	4096	188	2960	694	3753	645	238	2053	4077	1368	2952	90	4067	4074	3679	387	3696	3345	3922	2802	181	4043	1395	1062	3701	1667	206	3689	384	3075	130	3579	2845	2222	2642	2878	1385	1518	2502	846	1279	2040	3649	1508	1773	2163	1753	3636	1691	689	1895	2123	2860	4053	3472
2357	1842	2418	3484	537	90	1996	285	1558	175	427	1065	2332	438	3388	3947	3119	3990	3732	1404	3036	1648	1079	949	3965	765	2033	3688	1507	3446	2617	4040	3285	4087	1446	186	188	4096	3418	2885	1455	972	2191	1620	3068	3931	2292	2988	844	402	1586	2160	280	2938	3527	1569	2851	2416	905	2741	3307	2453	771	4058	2739	764	2496	425	969	1809	1125	525	1210	1011	534	1225	200	245	2125	2245	3329	1663	2478	3736	1205	413	2799	1135	686	739	2486
3512	1241	3202	2265	2224	2325	1450	1863	1072	148	3368	3902	2247	1516	3344	2656	663	1096	2498	90	2470	3796	3099	3835	114	2596	713	2897	3331	2794	1564	588	697	3673	2755	3936	2960	3418	4096	490	2066	1467	179	2727	2344	1607	2663	3437	454	338	3566	3858	2726	4023	3896	2346	3159	3917	1329	1819	1975	3278	1283	2715	1320	3972	2070	2765	735	3319	842	3199	3663	1784	2921	254	3439	3767	1394	3405	185	478	1728	3203	3503	524	2061	1943	1717	1556	1244
1872	462	3220	2702	889	2939	3055	1537	1373	3523	3174	505	628	2712	910	2410	424	211	4072	3912	1293	1925	90	2758	4092	3274	3221	104	209	1526	1179	2433	1964	1593	3112	205	694	2885	490	4096	3952	2541	2008	634	636	1597	1214	1001	1976	3358	2887	428	1171	366	1590	3035	3759	310	3595	2539	3352	891	2407	2097	1020	3024	1997	3516	2979	3855	1377	334	3177	2233	2732	315	2393	2359	3589	2677	2511	613	479	3419	2735	1151	2263	1014	3552	2623	2026
989	1828	3761	3929	2104	2001	988	3299	2708	2257	1247	194	4085	3494	2888	2585	2662	2547	1613	1836	3932	1461	1930	3768	2540	3010	2291	199	90	2959	711	3456	4046	953	281	3330	3753	1455	2066	3952	4096	382	135	453	2277	3983	2916	3561	513	2127	2961	1008	1561	3272	3884	3103	1551	1946	3106	2096	2767	2117	251	1155	615	1301	2822	1369	1826	2258	1036	3487	2286	1468	442	2963	1073	1799	4000	1723	3266	672	3905	3420	1016	2657	1438	520	1224	1045	2267
2264	2838	3245	2625	2782	2746	3145	1069	3343	999	1770	2806	2185	3097	2672	1785	2742	3999	2549	399	90	2857	2111	602	1218	2218	1838	1137	1387	3360	633	946	3939	445	1055	3615	645	972	1467	2541	382	4096	90	1692	2090	1169	864	3640	497	1437	3225	133	3184	2395	2993	2709	1865	2173	516	3973	850	1962	3894	1887	1668	3895	3255	1350	3004	1954	3043	3873	3047	3536	2577	1650	2105	3635	2180	2076	2608	1703	3192	3928	187	2874	2602	474	1658	1631	101
2973	466	3496	1406	411	1417	2527	3711	603	800	3612	2380	820	3034	3617	2306	804	2238	843	3134	126	3662	3283	3572	1854	3045	2109	2373	3071	2354	1662	582	2631	3223	2013	2867	238	2191	179	2008	135	90	4096	2189	3304	1844	1292	1489	3110	779	1990	483	2811	2780	2038	1047	3009	1284	1685	2210	966	1765	4029	3748	380	2318	3994	1747	878	3351	3996	807	2705	3543	920	2361	2194	3669	1213	3805	2146	3596	770	2477	902	2633	446	1189	3908	3014	2972
3089	2071	485	958	3062	1970	1464	3658	2984	2390	1363	3785	326	2546	2523	577	1679	2050	3557	3453	1318	3609	237	2140	841	90	475	1800	1372	2253	1998	3017	2030	1811	1798	3882	2053	1620	2727	634	453	1692	2189	4096	1149	1545	1260	3518	3833	884	2461	1690	309	1477	3235	2446	2827	3830	1500	1005	2017	1952	2883	2991	2519	2572	125	1156	1544	3913	2493	3080	1897	3146	1522	2714	1356	2115	430	3207	1548	3466	1033	2197	2601	3011	2437	789	2783	955	2200
1194	1061	1311	3691	943	241	614	2774	3459	1552	3984	2809	840	1264	847	2562	819	2336	3616	2997	1774	3470	502	612	1040	2791	90	3804	826	1147	3165	3124	3157	1499	3421	3991	4077	3068	2344	636	2277	2090	3304	1149	4096	1389	2228	419	348	232	1862	3143	265	3558	1612	3254	2047	2149	766	1282	1550	391	2116	681	1697	1523	2555	355	1574	1330	2279	1153	2364	1751	2144	3211	392	3476	1926	1071	2114	3499	3865	3620	578	705	539	1116	1893	244	2831
2476	137	2204	3054	374	3204	656	2955	225	3229	3570	1095	2854	3538	2818	3598	3927	3840	3507	3521	1028	3120	2367	734	1444	3797	1980	659	913	1611	90	400	945	3334	1134	2850	1368	3931	1607	1597	3983	1169	1844	1545	1389	4096	503	2434	2482	2255	1603	2085	1796	2699	827	1059	299	2877	738	2582	1884	1671	2901	154	253	2535	407	2839	2515	3857	4045	671	90	3427	1187	517	529	2904	3672	2508	1081	3040	2717	3002	2415	798	2616	3056	1391	1431	3510
568	1907	1605	3907	2998	1776	2083	2136	1288	410	147	3611	1023	3048	1310	2366	3639	3985	3670	1165	3819	1007	1465	1937	3172	727	170	3214	3391	3341	4008	1226	2564	3540	1627	1908	2952	2292	2663	1214	2916	864	1292	1260	2228	503	4096	563	1718	2490	90	2098	1254	708	3356	2240	1710	2544	3614	3021	3457	2748	157	1249	2676	164	993	1806	2226	2793	118	90	195	1427	3261	1891	876	1989	3740	785	2686	3810	1208	692	3974	3415	1050	1022	2052	2693	2131
669	1367	3878	98	647	1184	1931	1138	2688	2570	90	1436	1660	1608	3933	968	4014	2752	2246	3930	396	351	1315	2655	957	452	753	3237	97	3355	3258	1896	3708	1380	3087	3240	90	2988	3437	1001	3561	3640	1489	3518	419	2434	563	4096	3666	2610	2059	3346	1680	3396	3645	2225	1212	2018	2412	3567	3842	3273	3791	3485	3383	1435	90	3231	2041	679	1916	2825	1035	597	940	460	702	2779	346	985	2868	2605	383	2629	1524	2293	158	3160	3298	1914	1902
1577	2119	719	2259	2157	648	3638	1271	1506	2571	1932	90	2650	2671	2858	149	2941	2268	573	1771	3410	786	747	2651	90	3196	1949	4059	1302	581	2594	4021	3126	2075	1013	215	4067	844	454	1976	513	497	3110	3833	348	2482	1718	3666	4096	198	2922	906	3898	1415	3364	499	861	3648	3497	1378	3006	3026	3193	3284	799	1961	721	1432	2448	2249	3548	3288	3149	3335	443	1131	4073	2803	1433	1758	3989	3003	1419	997	748	3108	163	1142	3305	2576	1702
2048	422	673	477	1229	2962	3948	3251	1568	463	2501	1222	228	1407	3406	1654	796	3832	2457	1610	2750	1709	2614	1176	476	2479	722	401	742	2908	3093	569	1217	1308	124	907	4074	402	338	3358	2127	1437	779	884	232	2255	2490	2610	198	4096	3580	279	2957	2526	1684	227	369	2289	1177	3433	1999	2455	2436	2314	90	926	3180	2099	3127	2170	90	3918	321	2378	2898	1698	90	2975	854	267	813	1331	2805	562	172	3564	468	3430	1267	4012	1683
2630	3957	2810	2442	2530	638	3915	3295	2670	2462	2524	2743	1150	2956	1625	4020	723	2924	3362	151	2211	1960	2723	3628	716	1687	2937	995	2919	809	752	593	2079	3535	1731	904	3679	1586	3566	2887	2961	3225	1990	2461	1862	1603	90	2059	2922	3580	4096	3741	3644	3789	1722	1313	646	1615	2037	2358	471	3525	1039	1992	787	2534	2485	1520	2821	3286	1491	2567	1063	2518	921	3707	178	3166	2804	2624	4090	1128	2611	2430	541	1158	3683	1739	90	1108	1924
1154	3562	2396	2019	1157	3349	1273	3390	2658	136	1801	811	990	2269	869	3993	1294	1192	795	3249	731	2832	2711	3151	2754	4078	2400	1565	1641	1443	3378	890	1067	1086	255	1110	387	2160	3858	428	1008	133	483	1690	3143	2085	2098	3346	906	279	3741	4096	2637	116	1087	90	3909	1833	1582	3183	340	3467	3903	2234	3287	2728	3012	3742	1052	1088	653	2379	2700	620	3818	3313	2673	952	2659	3822	2166	553	1471	323	3836	678	2333	2751	4084	2678	3743
1665	2842	2646	3363	191	2944	2305	3041	982	3008	1933	3429	1332	3824	3758	1144	239	289	1525	1761	1573	3215	3185	3953	732	3668	115	379	2589	1484	332	3632	2330	1337	2403	1118	3696	280	2726	1171	1561	3184	2811	309	265	1796	1254	1680	3898	2957	3644	2637	4096	1146	486	777	2545	3585	3773	1490	2022	3775	320	1429	1825	3876	2876	2934	1941	3167	3101	3625	825	1191	1456	3213	515	3031	1420	604	903	2399	1266	688	2024	2445	272	640	2321	929	90
595	2386	1066	3037	2142	1708	3862	2217	2143	3901	2015	598	1606	2103	1513	2447	2580	667	4083	3694	1827	2241	2778	984	3935	3451	675	107	1278	1581	778	1624	2691	3866	917	233	3345	2938	4023	366	3272	2395	2780	1477	3558	2699	708	3396	1415	2526	3789	116	1146	4096	2370	3408	4028	2910	1104	2049	2669	896	1009	1003	2414	4010	783	1413	1004	3109	2512	1693	246	2999	2334	3133	2391	2036	2419	3279	1563	3323	90	2995	3208	2896	2918	3219	4056	2829	2307
1401	2404	674	90	167	1424	2102	3327	3889	1058	2274	278	2121	3321	90	2329	2350	2824	1647	3827	4094	3366	3411	751	1869	762	2812	519	2124	3542	3537	1583	1324	687	1517	3906	3922	3527	3896	1590	3884	2993	2038	3235	1612	827	3356	3645	3364	1684	1722	1087	486	2370	4096	3091	2606	408	1540	3647	1274	1130	3728	507	1250	1449	3604	2719	730	304	526	1957	1398	1871	3526	90	2980	2977	2438	2413	830	1732	741	3826	2649	1853	3703	3228	1757	3432	2880
3801	2429	1206	3256	1352	3422	1532	184	1947	308	693	189	2051	792	3465	3829	3277	2158	1969	1829	1794	1711	2873	1726	3501	2823	90	270	750	3239	585	554	1910	2150	1539	944	2802	1569	2346	3035	3103	2709	1047	2446	3254	1059	2240	2225	499	227	1313	90	777	3408	3091	4096	1845	745	3064	1783	2753	1935	540	3022	1386	1383	343	3201	2682	1505	948	2943	928	2181	2744	2152	1714	90	3550	3200	2861	3282	1851	4019	2129	4095	3874	2521	1963	3216	3652
2016	1633	2290	1733	964	90	4048	2141	2762	642	3754	1466	2156	931	888	961	3504	1290	2242	2683	1353	3142	2722	2409	1120	2792	2250	2736	947	2882	2505	3969	292	1044	3161	3739	181	2851	3159	3759	1551	1865	3009	2827	2047	299	1710	1212	861	369	646	3909	2545	4028	2606	1845	4096	3375	1126	2789	814	2337	2772	240	287	670	1504	2014	2826	493	2064	1966	3511	259	2569	3424	1360	3477	976	635	166	358	3923	3187	249	3131	939	836	2815	1170	2796
3100	3714	2195	3074	300	2300	271	3491	1002	644	1117	1515	937	3447	3551	3770	2661	2819	347	90	1472	492	3188	1193	2575	2920	3851	1113	1105	2159	117	1877	1743	465	2591	3997	4043	2416	3917	310	1946	2173	1284	3830	2149	2877	2544	2018	3648	2289	1615	1833	3585	2910	408	745	3375	4096	302	2689	528	521	90	1807	2296	2542	758	3059	1092	365	1640	1983	214	1237	3178	3654	3471	1604	3210	1202	1405	914	2900	2685	3445	1074	2533	3450	2598	2927	2971
994	631	2056	1054	2558	587	606	3803	1782	1115	2859	1803	1840	1448	1813	1497	1298	2190	2514	2089	565	2581	3436	1596	1772	1651	122	1984	1987	2362	208	1919	1802	1091	1362	1195	1395	905	1329	3595	3106	516	1685	1500	766	738	3614	2412	3497	1177	2037	1582	3773	1104	1540	3064	1126	302	4096	1958	3949	607	1866	3747	1043	488	3179	180	159	2025	1920	797	3844	3630	1462	3960	1764	229	4003	851	2352	2231	1936	2282	1918	1531	90	3308	3315	881	3493
3486	3515	561	1445	4091	1114	4060	90	2000	1818	3448	394	3559	3224	717	4032	268	2643	3148	2139	1483	3987	1566	202	718	2834	1837	3854	3291	3475	3781	1906	626	725	3891	3892	1062	2741	1819	2539	2096	3973	2210	1005	1282	2582	3021	3567	1378	3433	2358	3183	1490	2049	3647	1783	2789	2689	1958	4096	1856	2411	3634	3597	481	236	1890	1075	3544	1412	90	433	1883	2427	3443	3520	1452	437	1677	2254	951	1336	2435	512	886	1034	2074	2561	3423	1903	444
1256	3007	2374	3102	3919	1180	2881	3656	1965	464	1299	1560	3371	2573	3692	2262	1370	356	3316	1831	318	616	2856	449	870	594	2835	3116	2444	3079	3067	1340	1159	3393	1628	441	3701	3307	1975	3352	2767	850	966	2017	1550	1884	3457	3842	3006	1999	471	340	2022	2669	1274	2753	814	528	3949	1856	4096	1124	3276	3073	821	376	1257	2795	3403	652	1639	919	2027	3995	3340	1979	3978	1425	90	3162	601	1285	2820	4031	3799	3428	3399	496	3049	1567	558
3236	144	2214	2094	574	2517	2870	3549	3979	654	99	1233	1388	3290	2563	3413	3140	2981	2894	2118	3777	2930	2552	755	2800	4024	1281	2464	611	576	2135	828	3848	3576	2343	3792	1667	2453	3278	891	2117	1962	1765	1952	391	1671	2748	3273	3026	2455	3525	3467	3775	896	1130	1935	2337	521	607	2411	1124	4096	1167	1630	2911	790	572	2177	3717	3926	3578	2504	3377	161	610	700	3814	90	1106	1985	4007	4005	4013	2836	1269	956	1653	90	359	2679	2045
767	90	1642	3122	3780	1026	260	2828	111	2340	2295	3900	3850	293	983	1410	2341	3130	1701	550	1986	3078	3386	2216	2069	570	90	2420	3581	2600	3242	2506	1263	2356	1309	2592	206	771	1283	2407	251	3894	4029	2883	2116	2901	157	3791	3193	2436	1039	3903	320	1009	3728	540	2772	90	1866	3634	3276	1167	4096	435	683	2381	3328	90	3449	2113	2425	776	1414	1272	991	94	373	918	2021	4039	264	2923	432	3837	2473	2035	3756	925	3621	3719	2206
1287	893	90	3541	3941	1626	3320	1695	912	3300	2654	3750	1402	3264	3751	557	514	3217	3495	987	2385	337	1291	2270	2653	1246	4082	1955	90	1843	810	3968	484	3480	4018	1535	3689	4058	2715	2097	1155	1887	3748	2991	681	154	1249	3485	3284	2314	1992	2234	1429	1003	507	3022	240	1807	3747	3597	3073	1630	435	4096	3029	2323	1839	2609	3243	1519	3233	1481	2707	2638	2167	3954	2297	3749	3571	3778	3744	2648	2324	110	345	1860	3976	3682	3545	3206	3977
707	143	3664	2495	1485	3333	832	3241	201	141	3539	1474	3385	1634	1183	3492	1354	2372	1993	3182	2559	1948	243	3681	580	3186	3032	1262	655	551	3163	3289	552	1533	973	2909	384	2739	1320	1020	615	1668	380	2519	1697	253	2676	3383	799	90	787	3287	1825	2414	1250	1386	287	2296	1043	481	821	2911	683	3029	4096	501	1712	3164	230	1555	3825	90	1487	704	1185	793	1211	3852	3226	3730	1923	3425	963	3686	1230	1817	504	1361	2012	3028	3117
3082	780	3599	1921	1913	2303	757	2983	3232	1797	3070	962	1346	3361	3123	1498	2256	3722	3469	3023	801	1084	932	1012	1846	3084	3849	317	90	583	1734	1978	3155	3594	2301	221	3075	764	3972	3024	1301	3895	2318	2572	1523	2535	164	1435	1961	926	2534	2728	3876	4010	1449	1383	670	2542	488	236	376	790	2381	2323	501	4096	726	3786	1239	4049	808	685	773	3309	3958	737	1696	2126	1201	2230	649	2718	1326	1227	2065	2584	589	2072	784	90	2355
1053	1991	2769	2945	2775	3531	3156	1760	2830	1752	2684	3069	3998	360	386	2935	192	2587	90	1769	2062	142	3839	3752	2193	3738	3094	2299	4064	3587	637	2130	3715	965	2137	3402	130	2496	2070	1997	2822	3255	3994	125	2555	407	993	90	721	3180	2485	3012	2876	783	3604	343	1504	758	3179	1890	1257	572	3328	1839	1712	726	4096	152	2280	1495	1585	2777	3376	1006	3464	461	3704	555	2382	1945	1804	3171	450	867	1767	263	2227	95	1868	1358	769
2520	3624	1638	1198	2586	3811	3332	2309	2467	3528	2365	2406	509	3916	2814	1017	2422	2902	3726	1512	2209	3734	1365	1339	1317	3462	1675	266	1841	2183	2932	2936	3687	3463	311	743	3579	425	2765	3516	1369	1350	1747	1156	355	2839	1806	3231	1432	2099	1520	3742	2934	1413	2719	3201	2014	3059	180	1075	2795	2177	90	2609	3164	3786	152	4096	1546	2073	883	2730	2914	3875	941	1763	2060	3046	2463	954	3154	3834	3764	3633	1196	2331	1528	3389	1077	698	3586
536	1793	2353	3137	2978	4037	548	2720	3269	3934	1215	1704	415	3138	2899	2595	248	1152	1694	1289	3766	3505	605	3820	2138	371	1306	2833	1808	3883	2394	894	1822	2028	3090	1652	2845	969	735	2979	1826	3004	878	1544	1574	2515	2226	2041	2448	3127	2821	1052	1941	1004	730	2682	2826	1092	159	3544	3403	3717	3449	3243	230	1239	2280	1546	4096	3988	1509	2848	333	1659	3052	3659	3325	3755	3170	1562	1510	3394	2273	235	90	2664	2785	3737	331	261	782
150	404	3257	140	1098	3490	1959	3720	2317	90	781	3169	3591	960	1789	1351	3568	805	1015	375	2236	491	1834	2376	527	724	301	1894	1618	1186	838	3590	2907	2020	3760	1460	2222	1809	3319	3855	2258	1954	3351	3913	1330	3857	2793	679	2249	2170	3286	1088	3167	3109	304	1505	493	365	2025	1412	652	3926	2113	1519	1555	4049	1495	2073	3988	4096	4044	3575	2628	1469	3060	90	3317	3779	1778	2302	2424	1046	2196	2443	3350	1571	1657	1463	377	2371	2205
3412	882	247	2229	4017	1338	1031	3250	2516	418	2893	546	2529	2043	833	1595	3238	3498	3139	262	2703	1348	1875	1328	2283	3769	3050	3311	1820	2489	3322	1219	665	3435	3729	90	2642	1125	842	1377	1036	3043	3996	2493	2279	4045	118	1916	3548	90	1491	653	3101	2512	526	948	2064	1640	1920	90	1639	3578	2425	3233	3825	808	1585	883	1509	4044	4096	3057	2737	329	2565	2034	2837	1476	291	1929	1357	3956	1559	3735	2432	2275	4036	3546	2864	1408	423
1163	1988	599	897	3259	1592	3431	523	2120	1572	2454	2985	3197	1699	3890	2475	3508	3519	1580	3793	3194	1870	3013	967	2483	3359	1852	2557	1325	518	2092	1514	2311	3347	3807	2766	2878	525	3199	334	3487	3873	807	3080	1153	671	90	2825	3288	3918	2567	2379	3625	1693	1957	2943	1966	1983	797	433	919	2504	776	1481	90	685	2777	2730	2848	3575	3057	4096	3252	1475	522	3384	2312	877	571	1795	1441	1334	530	849	2397	378	1855	2721	2903	1080	2781
1423	627	3400	3610	1644	1252	2451	3698	139	1426	1359	145	2067	3893	1223	2507	632	3642	2107	661	2940	922	3607	2866	2879	90	2009	3115	1737	3955	2281	3270	2578	701	1756	544	1385	1210	3663	3177	2286	3047	2705	1897	2364	90	195	1035	3149	321	1063	2700	825	246	1398	928	3511	214	3844	1883	2027	3377	1414	2707	1487	773	3376	2914	333	2628	2737	3252	4096	871	1754	4030	2004	1775	1107	1786	3904	2039	1623	1938	2363	2029	469	1327	2969	579	1181
3772	506	3613	2645	367	2635	1779	1111	3113	3790	467	1335	2237	933	3509	3227	3782	457	2054	584	1881	3712	487	3868	1645	1492	853	1042	2548	2889	2456	3981	1759	2078	564	630	1518	1011	1784	2233	1468	3536	3543	3146	1751	3427	1427	597	3335	2378	2518	620	1191	2999	1871	2181	259	1237	3630	2427	3995	161	1272	2638	704	3309	1006	3875	1659	1469	329	1475	871	4096	1886	2080	90	575	872	3815	4038	1486	1530	90	619	1995	1161	2869	1344	2426	2731
2660	2756	2175	2996	1019	657	3338	3872	3943	2694	2568	3292	3454	2100	1265	3879	3684	1076	3141	1814	1103	2153	2081	3105	3379	1064	90	617	2738	2198	1382	2621	885	3787	3951	90	2502	534	2921	2732	442	2577	920	1522	2144	1187	3261	940	443	2898	921	3818	1456	2334	3526	2744	2569	3178	1462	3443	3340	610	991	2167	1185	3958	3464	941	3052	3060	2565	522	1754	1886	4096	927	1750	2913	1305	1109	2474	2046	2933	3809	3038	3605	3354	3699	2895	643	3861
3601	3533	1375	2522	106	294	3992	1673	2084	2261	1609	335	3302	3297	1953	1236	103	3553	1200	283	3631	4015	3404	845	3150	3370	1740	2459	2251	936	108	1616	1242	2807	2172	2553	846	1225	254	315	2963	1650	2361	2714	3211	517	1891	460	1131	1698	3707	3313	3213	3133	90	2152	3424	3654	3960	3520	1979	700	94	3954	793	737	461	1763	3659	90	2034	3384	4030	2080	927	4096	1123	3881	2989	3019	608	1727	900	3877	959	395	2863	459	2763	531	3574
664	388	2164	839	1093	3963	2875	3967	416	1440	1454	817	3706	429	252	155	1041	2808	93	3414	316	1136	1030	3025	1892	2465	349	908	895	4050	880	2841	2692	2729	1447	2597	1279	200	3439	2393	1073	2105	2194	1356	392	529	876	702	4073	90	178	2673	515	2391	2980	1714	1360	3471	1764	1452	3978	3814	373	2297	1211	1696	3704	2060	3325	3317	2837	2312	2004	90	1750	1123	4096	3763	3846	2554	90	547	749	2618	325	3964	1083	1617	1307	1139	3118
2122	2161	2266	2338	3626	2488	1876	1882	1097	2760	226	2525	1085	980	2716	2509	1824	2401	3716	3367	3083	2560	3718	2460	1399	2087	1672	560	1251	222	1812	774	1741	2106	2288	319	2040	245	3767	2359	1799	3635	3669	2115	3476	2904	1989	2779	2803	2975	3166	952	3031	2036	2977	90	3477	1604	229	437	1425	90	918	3749	3852	2126	555	3046	3755	3779	1476	877	1775	575	2913	3881	3763	4096	3690	863	1867	3925	609	2537	662	3946	2349	2574	3920	567	812
1904	2550	420	1376	3190	3697	3650	1286	3765	2579	2840	2402	916	1570	2219	915	1541	1889	829	2667	2701	414	868	2500	600	3244	3382	1261	3702	276	90	2951	3063	848	1078	1421	3649	2125	1394	3589	4000	2180	1213	430	1926	3672	3740	346	1433	854	2804	2659	1420	2419	2438	3550	976	3210	4003	1677	90	1106	2021	3571	3226	1201	2382	2463	3170	1778	291	571	1107	872	1305	2989	3846	3690	4096	3147	744	2954	532	2604	3667	1220	3869	2503	1536	2042	981
2320	224	1099	684	3821	1744	2593	3392	217	834	2342	1057	862	312	1777	290	696	1280	2147	3966	3745	1729	3627	2776	1379	3175	1300	2905	4080	3198	1503	1258	2947	3280	2327	3314	1508	2245	3405	2677	1723	2076	3805	3207	1071	2508	785	985	1758	267	2624	3822	604	3279	2413	3200	635	1202	851	2254	3162	1985	4039	3778	3730	2230	1945	954	1562	2302	1929	1795	1786	3815	1109	3019	2554	863	3147	4096	3260	3065	372	90	3111	3962	1815	2965	472	1666	824
1442	3016	4069	1090	3500	1342	1725	482	250	3677	3479	495	2389	2377	1276	2733	3554	3132	2145	706	1381	3838	4041	2734	2862	3783	2713	3555	1899	439	802	1707	1601	288	174	1942	1773	3329	185	2511	3266	2608	2146	1548	2114	1081	2686	2868	3989	813	4090	2166	903	1563	830	2861	166	1405	2352	951	601	4007	264	3744	1923	649	1804	3154	1510	2424	1357	1441	3904	4038	2474	608	90	1867	744	3260	4096	2308	3676	4081	930	1000	3871	1542	3395	1749	3812
1122	911	2681	3556	2599	342	2757	2168	2510	3944	1656	327	901	2095	3641	950	3950	754	3823	350	837	4068	403	3337	1557	3294	1676	2745	2328	1706	3296	2449	3262	3452	3114	1720	2163	1663	478	613	672	1703	3596	3466	3499	3040	3810	2605	3003	1331	1128	553	2399	3323	1732	3282	358	914	2231	1336	1285	4005	2923	2648	3425	2718	3171	3834	3394	1046	3956	1334	2039	1486	2046	1727	547	3925	2954	3065	2308	4096	1950	1056	676	1599	3268	3442	2725	90	3573
2201	2398	1416	2134	1070	169	2203	3218	90	1349	3713	1051	2967	1166	3971	2747	4033	3798	2813	2531	177	90	3800	768	2077	2556	4009	1478	2055	1494	756	2528	2761	892	2384	3483	1753	2478	1728	479	3905	3192	770	1033	3865	2717	1208	383	1419	2805	2611	1471	1266	90	741	1851	3923	2900	1936	2435	2820	4013	432	2324	963	1326	450	3764	2273	2196	1559	530	1623	1530	2933	900	749	609	532	372	3676	1950	4096	3000	2697	2347	2031	3438	624	3234	4002
2186	324	1971	1366	2946	3563	1312	1422	651	341	1591	1511	3042	1240	284	740	1190	3592	592	2212	1501	3081	1934	3794	3843	2199	2133	2948	866	1755	3651	1277	109	998	1973	1094	3636	3736	3203	3419	3420	3928	2477	2197	3620	3002	692	2629	997	562	2430	323	688	2995	3826	4019	3187	2685	2282	512	4031	2836	3837	110	3686	1227	867	3633	235	2443	3735	849	1938	90	3809	3877	2618	2537	2604	90	4081	1056	3000	4096	2976	90	2690	3529	1025	3583	447
489	2958	3565	1038	1390	1688	1857	3655	1129	2538	2243	2612	4035	105	234	4079	1060	370	1209	3195	196	2622	1682	1927	2915	3158	90	2148	3051	923	3085	815	4061	1898	127	176	1691	1205	3503	2735	1016	187	902	2601	578	2415	3974	1524	748	172	541	3836	2024	3208	2649	2129	249	3445	1918	886	3799	1269	2473	345	1230	2065	1767	1196	90	3350	2432	2397	2363	619	3038	959	325	662	3667	3111	930	676	2697	2976	4096	2680	212	3860	1766	2058	2494
4011	1901	1781	2007	2551	2276	3474	3018	1248	1221	4066	2278	1661	1400	1972	2132	1482	2968	3795	1635	3121	2481	1148	1409	2220	2773	3771	822	156	1160	3267	1323	3275	874	4065	498	689	413	524	1151	2657	2874	2633	3011	705	798	3415	2293	3108	3564	1158	678	2445	2896	1853	4095	3131	1074	1531	1034	3428	956	2035	1860	1817	2584	263	2331	2664	1571	2275	378	2029	1995	3605	395	3964	3946	1220	3962	1000	1599	2347	90	2680	4096	1295	2871	4034	3584	860
1791	417	357	3530	3153	314	2964	1830	1738	1178	1792	712	3831	2675	96	1859	1861	1140	213	1664	1847	3522	1788	677	3788	3608	2439	90	1922	2110	1780	339	623	219	3899	2632	1895	2799	2061	2263	1438	2602	446	2437	539	2616	1050	158	163	468	3683	2333	272	2918	3703	3874	939	2533	90	2074	3399	1653	3756	3976	504	589	2227	1528	2785	1657	4036	1855	469	1161	3354	2863	1083	2349	3869	1815	3871	3268	2031	2690	212	1295	4096	1915	2086	2179	220
298	2953	3460	2912	1619	4057	2471	4025	3942	2466	2844	1112	1598	3407	682	3784	123	2710	129	1470	1748	3940	971	1347	1029	1981	3230	90	1951	1480	313	3731	2441	160	3582	100	2123	1135	1943	1014	520	474	1189	789	1116	3056	1022	3160	1142	3430	1739	2751	640	3219	3228	2521	836	3450	3308	2561	496	90	925	3682	1361	2072	95	3389	3737	1463	3546	2721	1327	2869	3699	459	1617	2574	2503	2965	1542	3442	3438	3529	3860	2871	1915	4096	3380	2310	533
2272	2244	3937	691	1182	3674	2790	1010	1473	831	4071	2091	2647	1341	1974	4022	2892	2165	1268	2666	3847	1403	3606	1858	2421	3888	2313	2890	434	3577	1048	1547	3593	1319	879	1049	2860	686	1717	3552	1224	1658	3908	2783	1893	1391	2052	3298	3305	1267	90	4084	2321	4056	1757	1963	2815	2598	3315	3423	3049	359	3621	3545	2012	784	1868	1077	331	377	2864	2903	2969	1344	2895	2763	1307	3920	1536	472	3395	2725	624	1025	1766	4034	2086	3380	4096	1719	2627
431	2884	775	2974	806	473	393	2298	1646	1994	986	3387	2698	2360	440	1850	330	1621	258	455	3921	2252	3856	852	2068	1553	760	3482	729	2724	90	1543	690	1982	4016	1418	4053	739	1556	2623	1045	1631	3014	955	244	1431	2693	1914	2576	4012	1108	2678	929	2829	3432	3216	1170	2927	881	1903	1567	2679	3719	3206	3028	90	1358	698	261	2371	1408	1080	579	2426	643	531	1139	567	2042	1666	1749	90	3234	3583	2058	3584	2179	2310	1719	4096	2644
182	1255	3444	1549	132	2108	3061	2223	3281	3077	3488	3263	3653	3802	90	3303	3434	680	3135	1735	1235	2182	2232	3680	1705	3710	90	3088	2151	197	2583	3152	3044	2176	90	1371	3472	2486	1244	2026	2267	101	2972	2200	2831	3510	2131	1902	1702	1683	1924	3743	90	2307	2880	3652	2796	2971	3493	444	558	2045	2206	3977	3117	2355	769	3586	782	2205	423	2781	1181	2731	3861	3574	3118	812	981	824	3812	3573	4002	447	2494	860	220	533	2627	2644	4096
