5051	3749	4318	4351	179	4331	2508	4397	2731	2084	1859	1063	1354	453	1781	5026	1237	387	1068	3489	1040	183	4211	4352	1347	2485	642	2154	1648	1058	832	852	4300	2288	2651	1513	2567	3476	521	5013	3810	836	260	616	1221	4150	4794	3658	2792	3385	4343	4453	3989	3133	680	2612	3327	245	2890	4566	4464	3377	820	2201	3616	1403	949	638	2930	5023	4436	436	327	2163	5019	1475	2672	692	4101	1146	349	4282	100	666	1123	922	1739	4647	4700	1534	3834	3049	2634	1955	2091	100	571	4411	3447	1863	3046
3749	5051	3714	727	3330	4922	486	2007	258	729	337	493	1908	3698	4640	2705	100	1839	3310	973	1879	1375	2981	2022	3301	2300	2608	1323	2684	2769	455	4607	4806	191	4108	4061	3548	3623	4877	981	1783	3911	3738	424	2187	1333	1206	2734	3383	4931	1185	1693	1626	3227	1849	635	137	4051	2557	4660	4097	995	924	434	3836	3727	3168	3679	780	3149	2365	3789	3209	2622	4695	4593	811	250	1229	2573	4115	3696	422	4123	2923	1637	1780	2002	813	3910	4828	130	4062	4513	3868	236	511	1624	1203	442	2881
4318	3714	5051	100	1415	1192	1986	4635	1807	3206	4835	3779	4327	3557	3166	2963	2339	5041	2457	1832	4657	757	933	3701	467	4178	2262	939	4491	2549	4073	835	1370	1932	3204	1818	1365	2441	4846	3934	4613	4748	4033	4862	837	1341	2006	2234	4942	1813	3537	3140	3659	2074	1441	1349	1861	447	2292	608	248	1465	4503	2401	2001	2875	4271	1543	3352	4789	1546	2301	2638	1490	100	3417	196	1817	738	1177	4955	3320	4831	1194	3909	4264	4742	4918	1819	1704	1647	3864	2964	4775	3058	764	1968	4493	784	4970	1258
4351	727	100	5051	1460	3346	4498	4029	3640	1686	2755	288	4166	2127	4075	3925	1293	2808	3399	1424	3584	1052	2349	3093	3639	1871	4890	911	315	2097	2716	2835	3099	3624	589	365	3530	2624	2069	4398	2833	1484	1427	524	1493	1215	4217	3643	4350	1135	2435	1531	2425	3054	1271	3889	2063	2683	3904	3031	4196	2047	2934	2212	3732	2658	2152	2060	2619	1756	4303	2364	887	1026	2383	1037	3484	795	4777	300	3449	4110	4645	2316	1889	1001	1471	2142	681	3511	1962	323	1376	1099	1632	2446	1896	3354	1247	4847	3812
179	3330	1415	1460	5051	2279	3061	4953	481	926	3966	3856	4983	4596	2422	4423	2042	3392	1618	3716	2386	4977	1763	3120	659	2811	4393	1950	1130	855	2547	932	3393	3706	4478	1023	2673	4683	1502	2771	3844	1822	1994	2702	1515	713	3558	136	4768	546	4286	1514	1992	3128	1407	615	360	370	4204	1663	1029	3610	361	2326	1096	2832	2437	4752	4995	967	1532	4353	1396	1500	100	1478	1673	4104	2677	4305	1456	842	2542	796	1351	499	242	1542	3636	4386	3194	3906	798	4670	4887	4171	2314	1931	1335	2228	1814
4331	4922	1192	3346	2279	5051	1111	1959	951	3428	3932	3625	1773	2263	2839	1971	3600	1767	996	3098	2085	4146	419	3389	3704	2965	4329	579	1228	2571	1771	4694	1867	1048	407	3938	4663	553	3111	804	964	3597	4758	2495	4921	4155	4497	2946	3900	3003	2590	563	142	664	1782	3289	3777	819	728	1303	215	3403	4601	2444	1411	1119	4374	4480	230	2924	3720	3634	4521	100	4009	3923	2297	3114	2375	4080	1797	2762	3967	3803	4259	4867	3241	4505	4956	2241	328	2837	480	3064	2671	3135	2361	4012	2629	754	4077
2508	486	1986	4498	3061	1111	5051	3326	2675	2146	4821	510	2803	2393	1395	1870	100	3231	695	2984	1965	2966	883	235	3527	4770	817	148	4729	4799	1464	3890	3291	4458	100	2691	2580	4749	2761	3725	2882	1423	3885	1343	3145	154	2880	4917	1653	1085	532	100	1231	2562	100	1682	2829	1142	2114	3609	3516	432	2954	1272	100	2756	2468	4138	3768	4332	4926	4845	1278	3355	594	2323	1512	1193	1181	1787	1089	4753	3493	3287	4703	100	4038	2474	4074	4063	3349	1869	3705	309	975	4402	3122	3088	4999	4265	414
4397	2007	4635	4029	4953	1959	3326	5051	2598	3560	4830	3972	1571	266	2801	2770	5014	4944	1592	2713	3251	100	2670	1562	584	1150	4380	865	3984	402	4735	331	4241	1583	1296	4057	5043	4261	1252	4220	3233	4442	105	744	2025	4715	2783	2789	821	768	4172	4599	2347	4690	3604	207	3035	989	5016	4216	1077	3498	2507	2165	1381	474	3818	863	1913	994	4949	4358	4913	1764	257	2758	1555	714	542	4174	4823	3676	2094	3238	3886	561	3866	100	2838	4933	4822	4994	174	319	3340	1273	4407	4948	2907	4348	4250
2731	258	1807	3640	481	951	2675	2598	5051	719	1013	3328	2424	2867	4824	752	3800	1936	4476	2536	716	1927	2994	4743	691	158	4710	983	5046	823	976	4322	2089	3635	2166	2311	3357	2396	3248	4416	373	543	1614	3454	4577	663	1294	4078	2382	1916	3924	1025	2843	3258	4319	441	4516	1443	1047	3674	2342	497	4988	3588	857	2759	1795	629	100	1729	100	1752	2225	1721	4417	3418	254	3534	969	1151	948	4998	241	502	921	1413	1943	1963	2472	2481	3303	636	900	2124	3013	4022	4187	2248	4466	5042	2247
2084	729	3206	1686	926	3428	2146	3560	719	5051	623	3772	1405	2245	2436	101	1732	3055	907	202	4923	1982	1640	3378	4307	1757	415	1176	4680	3442	3363	4678	2490	4592	2028	2399	1121	3581	4065	3550	338	3930	2298	1964	2341	533	1321	3769	2438	2849	2402	517	100	4355	2350	201	4475	4152	4365	4935	2794	395	1444	3874	1885	2199	1777	1790	479	2186	4555	4809	3127	2543	3432	1075	1171	3683	4965	4272	4181	4982	219	3902	1207	3368	4704	3699	2627	3104	1942	1174	4510	1524	100	1431	206	779	4746	2681	4191
1859	337	4835	2755	3966	3932	4821	4830	1013	623	5051	2685	1556	4089	3138	1155	3421	3770	2975	1706	2243	4244	4450	3137	4462	272	305	1463	2286	1358	1919	897	4268	4763	3660	5031	3850	944	899	100	731	2736	1069	4367	4485	1384	658	1954	3232	459	940	3926	3159	2667	3285	4901	100	3784	4258	672	2017	1279	4798	4098	3441	1838	1938	1768	1875	1429	1417	494	3429	3905	4313	1088	2324	4013	2535	3826	4441	1645	4185	3576	4295	755	501	3028	3867	367	182	3469	458	2999	100	3684	383	1091	3438	2224	4234
1063	493	3779	288	3856	3625	510	3972	3328	3772	2685	5051	3681	185	599	1003	1821	3613	702	4008	244	3292	4226	3544	826	3729	3008	2465	1391	2700	3101	794	4328	4311	1290	2302	2489	3411	1307	1844	3519	1798	3992	2618	1976	1050	1124	4744	554	1903	4859	100	3275	3832	2949	3963	363	1630	2276	890	2703	3686	2191	1741	3014	2289	1430	4179	1584	2150	100	1467	3284	3450	1182	308	5029	389	4551	3153	1379	3472	2897	2735	2592	3823	3217	1275	550	4275	2312	4296	167	3023	4015	2714	2915	733	4871	4810	3734
1354	1908	4327	4166	4983	1773	2803	1571	2424	1405	1556	3681	5051	1905	1788	1224	3277	3828	2240	1860	791	4026	1946	2338	4197	2299	570	2107	2319	1195	489	2956	1699	4102	506	2522	3533	3882	1367	3312	4836	4225	1751	339	1327	2357	278	2823	1830	4229	4563	4017	1880	1103	2439	576	3495	2645	1257	4959	460	3254	945	3545	997	3946	3440	1926	2219	4684	4400	2669	5044	3402	4236	413	4304	2274	3406	3593	2976	4395	3020	4252	1597	3162	2569	2421	3090	1357	100	3512	2941	723	758	4342	2330	4820	2304	953	4671
453	3698	3557	2127	4596	2263	2393	266	2867	2245	4089	185	1905	5051	4882	4047	1516	3580	792	100	1805	2054	898	3559	3598	492	3645	3780	2183	378	117	1674	4363	2356	4771	1558	1891	4430	1011	428	3425	4361	2692	1153	4183	3200	2052	1825	4950	3672	4617	4428	882	958	1899	2812	3273	2287	1015	1311	2937	3751	1669	1149	2506	1128	4205	993	273	3648	1608	3010	2830	678	4273	4072	1010	998	2997	4385	119	1785	252	3048	4747	2935	2136	100	1270	4943	4843	4793	1883	2255	451	614	2104	1601	4631	1772	783
1781	4640	3166	4075	2422	2839	1395	2801	4824	2436	3138	599	1788	4882	5051	1800	4825	761	4424	4180	4357	1408	3240	1588	4278	3457	100	612	2989	2723	3958	781	3319	1533	2720	3872	2050	1654	3305	212	4431	4855	4547	1745	4875	3539	113	4587	4484	741	4237	2639	4597	2777	2911	193	3843	3413	1680	159	2464	3375	4290	4457	3561	3391	286	160	3982	1112	2162	894	4648	1159	1857	4899	1301	4854	1742	4531	411	2059	3060	2170	2145	1314	2158	4312	316	466	756	4808	3513	4958	275	3787	3506	259	4851	4105	5009
5026	2705	2963	3925	4423	1971	1870	2770	752	101	1155	1003	1224	4047	1800	5051	2680	1681	3541	3453	2310	2868	3819	750	3004	2133	4141	2043	3293	3069	4154	1664	2595	625	178	782	2560	2120	3297	1074	2611	271	3719	1509	1306	4014	4559	274	4461	3736	2500	2192	4288	3574	2423	711	3916	4981	104	2855	4884	4745	3764	2564	2614	4622	356	3628	2768	3211	1666	4707	3235	2015	1154	4496	2139	100	2575	1106	4936	2057	3647	3176	3407	4238	847	180	1487	3040	4483	2625	1890	2609	100	1267	4373	2415	4206	2931	2885
1237	100	2339	1293	2042	3600	100	5014	3800	1732	3421	1821	3277	1516	4825	2680	5051	3299	805	1380	1138	3651	3339	4603	1731	3951	824	1924	3366	2061	4665	3794	390	100	491	2970	1223	1579	3532	4508	3304	429	4136	2650	1094	3215	336	4759	261	2628	2514	3408	3552	746	1848	968	2596	3089	3814	653	4233	4096	4568	2010	2709	3222	4390	3630	4549	3626	2983	3599	4210	2959	647	3922	1360	314	1324	1636	4662	1691	3108	3848	4991	1688	3422	1092	3730	1549	2073	710	5048	4231	3195	3019	3157	3673	2083	3496	3919
387	1839	5041	2808	3392	1767	3231	4944	1936	3055	3770	3613	3828	3580	761	1681	3299	5051	1621	1628	3396	1120	4467	3471	4242	991	4546	2526	4245	1590	1829	1225	4624	4111	4561	3687	1918	1239	3854	3465	4460	100	420	4517	2115	4557	1371	2462	717	1725	1109	3887	3307	4316	2565	1017	2516	3937	4163	1784	2647	1568	1366	520	773	2795	4139	3365	1388	4030	937	4869	3691	1728	4506	5024	3939	1356	4409	986	4760	4839	3071	1854	3382	4389	1670	332	552	3816	3863	1567	4471	4232	4832	1665	2480	990	4643	1692	1399
1068	3310	2457	3399	1618	996	695	1592	4476	907	2975	702	2240	792	4424	3541	805	1621	5051	1711	3309	5008	1342	1722	3221	2698	3724	2395	3615	4644	1878	3196	2315	1115	4636	303	2075	2544	1997	4479	4807	2884	4092	1973	2098	1564	2397	942	4554	2106	209	295	3279	4733	2719	634	816	1116	3102	443	301	454	788	3710	573	396	952	1433	3150	4623	2336	3332	3715	2818	4792	2387	4167	253	237	2568	3931	3016	100	4193	3976	297	4616	4978	2883	1437	1707	3311	1108	2501	3538	4213	4512	3888	226	508	1545
3489	973	1832	1424	3716	3098	2984	2713	2536	202	1706	4008	1860	100	4180	3453	1380	1628	1711	5051	787	107	1473	1610	4902	3579	1044	3637	3765	3314	2026	2888	3941	2515	1148	1560	1179	1642	100	4344	1498	1842	3525	536	4906	3876	675	786	3358	4639	251	1737	115	1466	1172	4023	141	3052	2493	218	957	3949	1374	1999	3155	4791	3106	3754	1599	4720	1385	240	503	1313	1884	4285	1345	1759	1480	255	1727	4349	3927	3505	851	1575	100	1886	915	1643	2631	734	3388	2273	344	2856	2652	2400	893	5015	5018
1040	1879	4657	3584	2386	2085	1965	3251	716	4923	2243	244	791	1805	4357	2310	1138	3396	3309	787	5051	2362	3897	134	3995	469	2476	3386	3283	216	3087	1554	2122	317	3918	1874	1605	2190	2665	1496	3262	660	690	607	4504	4135	2366	4324	4522	2701	4668	2534	384	3116	2482	611	1394	677	3601	283	1393	100	1677	3185	222	2779	1695	2864	3448	2496	3306	3703	610	978	100	3142	399	4018	4968	3870	1330	3147	2411	748	646	2453	838	4701	4722	3183	3400	4780	1716	1566	374	221	2194	4059	3792	2068	4888
183	1375	757	1052	4977	4146	2966	100	1927	1982	4244	3292	4026	2054	1408	2868	3651	1120	5008	107	2362	5051	4203	3846	4130	478	2853	333	4672	860	2785	4896	1168	3404	4333	2159	270	1410	2725	2908	2687	366	1944	3081	3042	2486	4730	4778	4540	2836	4248	2419	4610	382	4914	3535	3177	2686	2551	2467	689	3860	1127	3664	4040	708	2408	1816	3820	2718	4360	2559	2900	4801	4815	539	3667	1724	2343	2513	1477	535	2863	116	2948	4219	1421	2388	2233	3431	687	3470	1678	1755	4160	3379	531	2690	3796	1713	2895
4211	2981	933	2349	1763	419	883	2670	2994	1640	4450	4226	1946	898	3240	3819	3339	4467	1342	1473	3897	4203	5051	1841	3353	1517	2195	4443	3726	2213	3006	828	4087	4309	3735	2483	1265	1612	4523	4829	4581	2119	1596	4580	3805	2901	4279	2951	3144	569	2249	2389	1260	2168	2533	2773	1540	2663	3103	100	3009	189	100	1041	1213	100	2600	3952	444	1775	431	2417	1808	580	4737	2517	2776	4298	1762	2540	1053	1196	971	3380	1416	3362	4452	1145	4004	4118	1227	639	2745	2790	2014	4280	1458	5050	3723	3739	1377
4352	2022	3701	3093	3120	3389	235	1562	4743	3378	3137	3544	2338	3559	1588	750	4603	3471	1722	1610	134	3846	1841	5051	902	1156	3001	186	626	1282	386	873	2220	1761	3282	4614	4383	4465	3208	3205	3661	3913	483	1904	3760	789	923	195	3257	324	418	4420	3322	1956	4277	1683	4106	3243	3487	1491	4932	2418	1580	2376	1993	504	100	815	1877	4323	3847	3095	1961	1796	1242	4472	2367	3280	1262	818	2962	2335	4880	648	1310	3853	4889	4071	5006	2208	177	348	2143	4802	2251	2774	4003	269	4341	4391	712
1347	3301	467	3639	659	3704	3527	584	691	4307	4462	826	4197	3598	4278	3004	1731	4242	3221	4902	3995	4130	3353	902	5051	1709	1189	747	1090	3633	233	4538	2886	4326	4740	280	2973	2266	936	1888	3510	4974	3547	4249	3096	597	2933	3573	4972	2699	4638	1446	3961	329	1519	2940	4347	831	2078	3085	987	2368	1402	846	1297	2188	1723	100	1840	2313	2428	3348	2092	2958	807	2987	4562	2099	4094	1060	4507	4159	572	445	1412	3815	4976	2646	1016	2593	100	3964	874	138	3032	1602	1627	1289	3782	3518	3875
2485	2300	4178	1871	2811	2965	4770	1150	158	1757	272	3729	2299	492	3457	2133	3951	991	2698	3579	469	478	1517	1156	1709	5051	3649	2132	4515	2447	3833	421	4666	1851	100	2554	2893	841	1803	2358	4175	1204	849	140	3611	322	889	1328	351	3341	3522	2504	3745	3747	2278	4611	4147	2772	3957	5028	3272	886	3302	1485	2781	2953	684	3125	941	1078	2406	3359	1132	1024	2030	100	2308	5002	1397	4964	4619	1222	4560	1559	3709	3152	1536	1522	2475	4585	2587	4394	3315	1178	2815	2744	1748	3485	1715	2271	3526
642	2608	2262	4890	4393	4329	817	4380	4710	415	305	3008	570	3645	100	4141	824	4546	3724	1044	2476	2853	2195	3001	1189	3649	5051	2607	1283	1792	2374	1941	803	1658	2524	4218	4151	5036	3047	3953	341	3578	2530	4068	1126	4202	391	1972	2555	2155	618	980	4682	4571	1587	100	2283	2822	2732	740	129	100	793	3656	1929	342	2846	2661	2044	450	4876	888	4723	2529	4477	1585	4757	1208	3419	490	2210	3997	4797	1031	802	4131	3669	3921	2226	2666	2182	4817	3097	4731	369	1445	3033	3056	4805	3993	4435
2154	1323	939	911	1950	579	148	865	983	1176	1463	2465	2107	3780	612	2043	1924	2526	2395	3637	3386	333	4443	186	747	2132	2607	5051	2151	2113	2844	2147	2081	4031	1190	2805	3170	2810	2819	1235	1791	1489	4335	112	1199	4091	3494	100	1595	1667	3618	4125	3480	3214	3057	3477	2796	4536	3027	4107	188	3077	2942	2384	4542	800	3038	2797	2537	4774	4532	3763	3978	3969	4162	126	1735	2878	1836	2448	3318	347	4658	4142	4625	1243	1633	2086	4011	4432	2207	2369	463	4251	3759	1086	568	1051	4201	2013	4693
1648	2684	4491	315	1130	1228	4729	3984	5046	4680	2286	1391	2319	2183	2989	3293	3366	4245	3615	3765	3283	4672	3726	626	1090	4515	1283	2151	5051	4070	2296	895	4144	1679	3788	2351	4765	2246	4314	3752	1900	3237	4912	2110	1030	3091	3154	1855	4849	2689	100	3824	4629	2164	1144	3983	2252	4762	5033	2449	3944	797	1501	1750	3567	904	1801	2410	2722	165	4594	3113	4628	1387	1703	4907	2990	4784	2613	4083	3212	4492	4235	1495	3540	4427	321	3179	100	1953	2321	909	1923	4860	3174	4370	4803	171	1439	709	3671
1058	2769	2549	2097	855	2571	4799	402	823	3442	1358	2700	1195	378	2723	3069	2061	1590	4644	3314	216	860	2213	1282	3633	2447	1792	2113	4070	5051	2737	1211	3592	1210	2498	3571	1828	3342	4165	4925	946	3767	3338	720	3463	1451	3059	1660	1488	3722	1661	1638	1359	247	4653	544	4911	4827	3068	929	4054	100	4718	2617	4126	325	2328	2359	3486	2854	5003	1928	184	4750	3786	1526	4650	3356	3694	730	4946	1593	1054	1167	4727	4837	343	2427	2430	1331	2348	4525	555	3384	2928	4966	1967	3123	3190	1765	3619
832	455	4073	2716	2547	1771	1464	4735	976	3363	1919	3101	489	117	3958	4154	4665	1829	1878	2026	3087	2785	3006	386	233	3833	2374	2844	2296	2737	5051	4537	2095	2615	111	143	670	537	3381	4095	1326	3912	3776	2802	3464	853	354	4451	4076	2676	2126	100	1032	812	2579	1191	4473	2912	100	762	1969	2926	4240	3821	3007	4158	4736	2707	4230	3880	3080	4066	4044	2256	1079	1708	2470	840	3475	3587	3370	2715	3994	5001	575	3670	1774	1216	1508	1882	1846	2992	1021	173	3591	2852	2727	3459	2018	4969	3160
852	4607	835	2835	932	4694	3890	331	4322	4678	897	794	2956	1674	781	1664	3794	1225	3196	2888	1554	4896	828	873	4538	421	1941	2147	895	1211	4537	5051	3977	1442	2445	2352	1868	528	2443	4292	1897	4041	4084	3917	4269	1925	4993	3566	1793	1084	1694	439	2724	100	1002	2621	3063	3744	124	4756	1895	3446	4646	1468	2576	3325	110	4366	150	3662	870	2390	1318	3361	2606	1760	2211	2913	4260	2742	2176	1990	3452	3509	404	2431	507	2748	4064	4787	4705	2230	4940	4007	633	2752	4330	4654	4372	2741	3795
4300	4806	1370	3099	3393	1867	3291	4241	2089	2490	4268	4328	1699	4363	3319	2595	390	4624	2315	3941	2122	1168	4087	2220	2886	4666	803	2081	4144	3592	2095	3977	5051	4734	1320	3466	965	4788	1350	4702	760	2318	223	2710	4544	2353	3022	4565	2597	4405	3451	375	3011	163	850	2939	1143	705	208	1284	2420	4117	2717	643	284	2033	2461	4519	2825	1452	3877	2407	100	4870	265	2760	3290	2116	2817	4526	3165	276	4920	4716	1009	394	3973	3798	3702	1634	2257	2813	168	2740	4904	2105	4036	358	4050	3426	2626
2288	191	1932	3624	3706	1048	4458	1583	3635	4592	4763	4311	4102	2356	1533	625	100	4111	1115	2515	317	3404	4309	1761	4326	1851	1658	4031	1679	1210	2615	1442	4734	5051	131	530	3781	1935	513	4573	2067	3121	3416	1856	256	401	4121	2548	4885	435	4207	1736	1309	2945	1620	2630	4530	3700	1019	1574	1631	3269	3497	1809	4222	1606	829	4781	2943	3249	4086	3838	4699	662	2137	574	4691	3423	2392	3657	525	4454	299	1308	1056	293	3112	856	290	2955	100	871	4602	558	3595	1518	1241	3607	416	3521	3981
2651	4108	3204	589	4478	407	100	1296	2166	2028	3660	1290	506	4771	2720	178	491	4561	4636	1148	3918	4333	3735	3282	4740	100	2524	1190	3788	2498	111	2445	1320	131	5051	881	3414	4486	2197	4883	4576	3685	721	3668	1940	3321	4437	1873	1912	2546	1046	984	549	4816	3503	2918	769	4099	1705	5039	2215	3223	1528	100	106	3974	4881	1355	2729	2046	2222	1589	683	3594	1625	3034	2232	4941	2285	529	4844	954	4985	1970	4692	109	1186	3577	4132	1656	4145	1187	2455	1305	2123	4605	4320	3612	4986	2850	1457
1513	4061	1818	365	1023	3938	2691	4057	2311	2399	5031	2302	2522	1558	3872	782	2970	3687	303	1560	1874	2159	2483	4614	280	2554	4218	2805	2351	3571	143	2352	3466	530	881	5051	3746	2636	1027	3492	100	3586	1287	693	2968	2979	3569	3500	2757	4813	4786	3554	2906	1274	3199	1057	2270	3044	4608	279	2004	4709	4392	368	2648	2491	4633	2223	1733	2816	2346	745	1957	2456	2871	822	470	1454	496	770	1389	1346	1066	3000	4028	4137	1586	2688	868	1169	982	3929	2413	3959	1865	2754	1548	1129	3239	4924	1316
2567	3548	1365	3530	2673	4663	2580	5043	3357	1121	3850	2489	3533	1891	2050	2560	1223	1918	2075	1179	1605	270	1265	4383	2973	2893	4151	3170	4765	1828	670	1868	965	3781	3414	3746	5051	4502	3755	5017	372	3134	1049	268	4728	4157	601	2333	920	2077	4962	3806	3980	602	4541	4387	2985	3264	4481	4153	2488	1717	433	1581	3809	1264	825	100	999	2518	4255	2372	2131	3364	2862	397	2550	810	914	4291	3808	3991	2202	3437	4215	2340	1497	291	3216	3654	1039	3665	4528	1459	1295	3021	4894	2519	3583	1325	630
3476	3623	2441	2624	4683	553	4749	4261	2396	3581	944	3411	3882	4430	1654	2120	1579	1239	2544	1642	2190	1410	1612	4465	2266	841	5036	2810	2246	3342	537	528	4788	1935	4486	2636	4502	5051	2552	1110	1188	3678	4055	1754	3688	1034	3653	4863	3041	1659	487	4000	1570	2040	412	2070	697	892	1662	1622	4558	1249	699	4463	1476	2603	1494	3409	4499	1824	2045	3268	1158	220	472	1504	4886	4840	4800	4069	4297	3893	100	1140	2048	4776	4543	4058	743	4188	4190	4600	1012	4669	4438	4842	3412	3343	1352	3002	1511
521	4877	4846	2069	1502	3111	2761	1252	3248	4065	899	1307	1367	1011	3305	3297	3532	3854	1997	100	2665	2725	4523	3208	936	1803	3047	2819	4314	4165	3381	2443	1350	513	2197	1027	3755	2552	5051	4687	512	1577	2403	151	1095	100	100	2957	1209	2711	4696	2080	2988	3858	3118	3172	3065	4957	3218	2295	3849	2982	4048	4878	2578	1866	974	3990	1521	1996	2478	3892	4509	3164	4527	1334	4634	4632	1744	2583	3642	3928	1102	1332	4772	4052	2993	2320	3182	1338	2503	1525	2275	567	2841	4767	1649	3689	2108	3083	2450
5013	981	3934	4398	2771	804	3725	4220	4416	3550	100	1844	3312	428	212	1074	4508	3465	4479	4344	1496	2908	4829	3205	1888	2358	3953	1235	3752	4925	4095	4292	4702	4573	4883	3492	5017	1110	4687	5051	4717	2582	1831	4582	4419	194	2294	1672	100	3728	3444	3873	3317	4470	2733	3945	3582	3036	3549	2460	1987	2121	1802	2267	4951	1901	4967	4267	2640	577	1004	4116	4362	2916	3865	3156	3323	2064	1945	1850	2545	3369	4224	806	1535	2764	827	4848	985	2766	2322	1198	1137	526	3395	2605	934	2563	632	4685	1720
3810	1783	4613	2833	3844	964	2882	3233	373	338	731	3519	4836	3425	4431	2611	3304	4460	4807	1498	3262	2687	4581	3661	3510	4175	341	1791	1900	946	1326	1897	760	2067	4576	100	372	1188	512	4717	5051	3405	2831	1914	1392	2012	3066	3234	2020	668	585	2616	518	4898	4474	2499	2412	2071	3675	505	1786	2633	3825	4337	1409	1541	1470	559	1302	1035	2780	100	2479	312	4879	4686	556	2021	164	4425	1118	1604	2775	1553	1697	4301	3891	4919	4814	1616	292	3682	3181	919	4514	2414	3491	4315	4283	4376	2153
836	3911	4748	1484	1822	3597	1423	4442	543	3930	2736	1798	4225	4361	4855	271	429	100	2884	1842	660	366	2119	3913	4974	1204	3578	1489	3237	3767	3912	4041	2318	3121	3685	3586	3134	3678	1577	2582	3405	5051	2334	2904	103	3979	3861	694	4310	127	2011	100	1043	5045	2303	3971	3802	495	5012	4246	3308	1607	3225	4782	590	2804	3228	1436	1530	749	1447	3883	3276	2927	3455	2016	100	2062	4679	3621	3955	3078	4598	139	2380	4024	3942	3785	3943	3531	4401	2027	2189	4681	1743	4761	4754	1644	3740	833	4872
260	3738	4033	1427	1994	4758	3885	105	1614	2298	1069	3992	1751	2692	4547	3719	4136	420	4092	3525	690	1944	1596	483	3547	849	2530	4335	4912	3338	3776	4084	223	3416	721	1287	1049	4055	2403	1831	2831	2334	5051	4586	1104	2738	176	3443	4641	2003	4905	4122	100	1372	3879	3641	4689	296	2221	4618	801	2938	1510	2118	318	100	100	1219	1164	4455	1400	2925	4090	1893	4487	2932	3430	4850	246	2751	2391	2055	2345	1160	4945	1259	875	199	4834	2845	4864	4667	1455	1689	1482	4997	603	4726	3265	2903	4494
616	424	4862	524	2702	2495	1343	744	3454	1964	4367	2618	339	1153	1745	1509	2650	4517	1973	536	607	3081	4580	1904	4249	140	4068	112	2110	720	2802	3917	2710	1856	3668	693	268	1754	151	4582	1914	2904	4586	5051	5047	2180	3132	869	916	2637	306	3173	1826	2065	477	4410	564	4274	1635	5035	4963	4414	4227	4148	2574	388	862	100	3167	4377	1639	1988	4609	4874	557	3950	192	4548	2404	4114	4364	2896	3130	2184	950	2840	3555	640	2656	1122	313	859	854	2919	153	2038	425	4053	3775	2076	977
1221	2187	837	1493	1515	4921	3145	2025	4577	2341	4485	1976	1327	4183	4875	1306	1094	2115	2098	4906	4504	3042	3805	3760	3096	3611	1126	1199	1030	3463	3464	4269	4544	256	1940	2968	4728	3688	1095	4419	1392	103	1104	5047	5051	4539	4818	581	1233	2307	960	3345	100	771	3603	2891	4359	2876	4708	4574	409	880	3252	3542	808	2041	3079	304	2821	3677	3737	885	4186	775	149	4399	1766	4002	866	3799	2566	2659	4253	2193	1937	3219	4908	1804	1336	410	1401	4281	2604	3608	352	1749	703	1619	2254	2696	1170
4150	1333	1341	1215	713	4155	154	4715	663	533	1384	1050	2357	3200	3539	4014	3215	4557	1564	3876	4135	2486	2901	789	597	322	4202	4091	3091	1451	853	1925	2353	401	3321	2979	4157	1034	100	194	2012	3979	2738	2180	4539	5051	2148	2721	405	2747	152	448	2473	609	147	1492	4500	225	686	4379	1486	3161	4042	3461	3146	3213	3508	2337	1426	1758	4422	4992	3075	707	4325	1300	335	1105	1701	4659	1390	3502	4173	4133	5025	4938	2786	4861	2477	2782	437	4675	4915	4873	5038	1915	1113	4766	3842	4819	3517
4794	1206	2006	4217	3558	4497	2880	2783	1294	1321	658	1124	278	2052	113	4559	336	1371	2397	675	2366	4730	4279	923	2933	889	391	3494	3154	3059	354	4993	3022	4121	4437	3569	601	3653	100	2294	3066	3861	176	3132	4818	2148	5051	440	214	3350	1629	2305	4865	2763	3680	108	3881	3015	1253	3631	4308	4045	884	3778	2980	644	2967	4189	1248	3246	927	3629	2306	4642	4254	4321	4082	1726	264	190	1578	2405	4570	2898	1250	3693	3490	1448	3791	1892	3743	2175	2642	908	4947	613	2662	1353	446	4579	3801
3658	2734	2234	3643	136	2946	4917	2789	4078	3769	1954	4744	2823	1825	4587	274	4759	2462	942	786	4324	4778	2951	195	3573	1328	1972	100	1855	1660	4451	3566	4565	2548	1873	3500	2333	4863	2957	1672	3234	694	3443	869	581	2721	440	5051	1958	1834	2434	2809	3193	2370	2440	1428	4088	1317	3226	667	1864	187	133	100	2072	2623	3094	956	263	2217	1815	3335	2250	676	1288	181	121	3638	515	947	704	722	918	4590	4973	2753	624	1876	4336	1298	3433	2553	1537	3712	867	3344	100	2511	2135	5011	4604
2792	3383	4942	4350	4768	3900	1653	821	2382	2438	3232	554	1830	4950	4484	4461	261	717	4554	3358	4522	4540	3144	3257	4972	351	2555	1595	4849	1488	4076	1793	2597	4885	1912	2757	920	3041	1209	100	2020	4310	4641	916	1233	405	214	1958	5051	3985	2602	4545	4109	200	3255	123	3852	620	1799	3481	155	3197	2463	161	1277	1503	1344	1220	910	3456	4928	355	1641	376	600	1337	4067	4661	3878	1934	1028	4866	2024	1668	4032	2198	2594	4584	583	1922	122	876	4408	3030	3136	726	1985	2111	988	3602	3901
3385	4931	1813	1135	546	3003	1085	768	1916	2849	459	1903	4229	3672	741	3736	2628	1725	2106	4639	2701	2836	569	324	2699	3341	2155	1667	2689	3722	2676	1084	4405	435	2546	4813	2077	1659	2711	3728	668	127	2003	2637	2307	2747	3350	1834	3985	5051	4192	839	4006	3570	1738	2974	4773	2899	3632	4134	400	2921	377	2971	622	903	2117	100	1617	3851	657	3690	2177	5034	551	3575	1930	4811	1020	2429	3546	1910	1131	3242	1286	777	3733	4929	3220	596	4124	334	715	1505	229	345	3996	3895	4021	346	3568
4343	1185	3537	2435	4286	2590	532	4172	3924	2402	940	4859	4563	4617	4237	2500	2514	1109	209	251	4668	4248	2249	418	4638	3522	618	3618	100	1661	2126	1694	3451	4207	1046	4786	4962	487	4696	3444	585	2011	4905	306	960	152	1629	2434	2602	4192	5051	2237	3062	2218	2269	1573	3278	3488	1702	3528	3126	3189	3324	739	3483	1770	1917	2051	3988	4534	430	100	917	2409	2561	656	4724	2556	1214	641	4779	1835	588	4100	471	3761	2879	2049	4893	5032	4415	3259	3460	4651	2325	2991	4482	197	4396	100	4459
4453	1693	3140	1531	1514	563	100	4599	1025	517	3926	100	4017	4428	2639	2192	3408	3887	295	1737	2534	2419	2389	4420	1446	2504	980	4125	3824	1638	100	439	375	1736	984	3554	3806	4000	2080	3873	2616	100	4122	3173	3345	448	2305	2809	4545	839	2237	5051	962	772	2591	2828	2986	4903	3410	4412	100	462	298	1163	3622	3371	3753	4257	330	3236	4673	5004	763	3184	1162	4447	3436	1469	4712	381	1072	830	3151	963	2432	2280	3813	1234	2944	4209	3504	417	1369	1269	4034	1183	3110	3029	891	2258	935
3989	1626	3659	2425	1992	142	1231	2347	2843	100	3159	3275	1880	882	4597	4288	3552	3307	3279	115	384	4610	1260	3322	3961	3745	4682	3480	4629	1359	1032	2724	3011	1309	549	2906	3980	1570	2988	3317	518	1043	100	1826	100	2473	4865	3193	4109	4006	3062	962	5051	473	2834	3857	1734	4833	4262	4212	3158	3420	3797	1212	4755	1073	1907	2205	1139	3655	4677	3467	4569	1572	4858	4939	3741	4294	1989	4725	3313	4020	1161	3915	3072	2584	2331	4524	340	1776	408	5027	4433	4649	3131	1312	2265	3115	3005	4156	3644
3133	3227	2074	3054	3128	664	2562	4690	3258	4355	2667	3832	1103	958	2777	3574	746	4316	4733	1466	3116	382	2168	1956	329	3747	4571	3214	2164	247	812	100	163	2945	4816	1274	602	2040	3858	4470	4898	5045	1372	2065	771	609	2763	2370	200	3570	2218	772	473	5051	2632	2960	4490	1319	3141	277	359	4043	423	4120	175	238	4182	2204	3192	1652	2161	4909	1175	100	4299	1299	3073	3790	4429	3758	896	243	4841	2820	1238	1450	979	2910	2264	737	799	1547	1650	1076	1255	1481	353	2525	2214	1979	1281
680	1849	1441	1271	1407	1782	100	3604	4319	2350	3285	2949	2439	1899	2911	2423	1848	2565	2719	1172	2482	4914	2533	4277	1519	2278	1587	3057	1144	4653	2579	1002	850	1620	3503	3199	4541	412	3118	2733	4474	2303	3879	477	3603	147	3680	2440	3255	1738	2269	2591	2834	2632	5051	4975	4439	2236	3783	2889	1378	4564	2914	3067	2726	4713	4371	2144	1974	228	2112	665	4556	475	3572	4027	4421	3271	1419	307	3954	1007	1292	1551	135	2767	3076	3708	2653	2363	4937	4520	100	4721	4838	4403	120	2826	132	2129	1609
2612	635	1349	3889	615	3289	1682	207	441	201	4901	3963	576	2812	193	711	968	1017	634	4023	611	3535	2773	1683	2940	4611	100	3477	3983	544	1191	2621	2939	2630	2918	1057	4387	2070	3172	3945	2499	3971	3641	4410	2891	1492	108	1428	123	2974	1573	2828	3857	2960	4975	5051	4971	2167	1100	2196	1894	3260	1322	1141	2260	3119	2520	2644	1933	1261	3829	1952	3563	1042	385	1483	1268	3224	2281	3201	4317	3397	509	541	1064	2706	281	1166	1036	3817	4857	3295	484	1065	239	4790	114	2521	3434	2572	4588
3327	137	1861	2063	360	3777	2829	3035	4516	4475	100	363	3495	3273	3843	3916	2596	2516	816	141	1394	3177	1540	4106	4347	4147	2283	2796	2252	4911	4473	3063	1143	4530	769	2270	2985	697	3065	3582	2412	3802	4689	564	4359	4500	3881	4088	3852	4773	3278	2986	1734	4490	4439	4971	5051	1440	878	1538	2378	1872	2860	4378	2599	4444	3650	834	637	3748	778	1062	4035	1070	1712	1125	516	961	3839	2995	3585	3439	1398	3478	2282	362	2682	2635	2697	4732	1018	4900	4656	671	3025	452	3999	4804	1594	3191	1218
245	4051	447	2683	370	819	1142	989	1443	4152	3784	1630	2645	2287	3413	4981	3089	3937	1116	3052	677	2686	2663	3243	831	2772	2822	4536	4762	4827	2912	3744	705	3700	4099	3044	3264	892	4957	3036	2071	495	296	4274	2876	225	3015	1317	620	2899	3488	4903	4833	1319	2236	2167	1440	5051	294	282	4961	3869	2778	4868	2655	1006	1675	1811	1097	4085	628	1966	2172	3987	2293	3427	3695	2610	861	4989	311	548	4289	426	655	1852	2902	905	4338	468	2531	1217	992	2739	3092	4019	100	3372	2842	5000	4980
2890	2557	2292	3904	4204	728	2114	5016	1047	4365	4258	2276	1257	1015	1680	104	3814	4163	3102	2493	3601	2551	3103	3487	2078	3957	2732	3027	5033	3068	100	124	208	1019	1705	4608	4481	1662	3218	3549	3675	5012	2221	1635	4708	686	1253	3226	1799	3632	1702	3410	4262	3141	3783	1100	878	294	5051	1529	1418	4575	1651	1646	3556	4676	2156	732	2244	3840	3458	3520	3267	100	4025	2788	3334	464	1180	2032	938	2743	2459	682	157	1550	587	4783	2870	3435	736	1362	4891	742	1083	2749	217	3117	3620	2469	1827
4566	4660	608	3031	1663	1303	3609	4216	3674	4935	672	890	4959	1311	159	2855	653	1784	443	218	283	2467	100	1491	3085	5028	740	4107	2449	929	762	4756	1284	1574	5039	279	4153	1622	2295	2460	505	4246	4618	5035	4574	4379	3631	667	3481	4134	3528	4412	4212	277	2889	2196	1538	282	1529	5051	814	1921	2620	845	3762	4449	1837	213	4626	649	3998	2492	2238	674	4446	2082	3731	1978	1432	2510	4533	1520	3203	498	1082	2969	320	1098	3017	2206	3766	4697	1014	1902	4489	1165	3474	4010	3920	461	2708
4464	4097	248	4196	1029	215	3516	1077	2342	2794	2017	2703	460	2937	2464	4884	4233	2647	301	957	1393	689	3009	4932	987	3272	129	188	3944	4054	1969	1895	2420	1631	2215	2004	2488	4558	3849	1987	1786	3308	801	4963	409	1486	4308	1864	155	400	3126	100	3158	359	1378	1894	2378	4961	1418	814	5051	1948	3831	547	1898	578	2798	970	1226	3207	1425	2730	2502	3962	3024	4456	3807	2947	1980	4578	1657	5010	913	1960	4796	4916	1833	2160	4812	1134	2035	3756	4334	3663	2433	2487	2791	2972	3084	100	4984
3377	995	1465	2047	3610	3403	432	3498	497	395	1279	3686	3254	3751	3375	4745	4096	1568	454	3949	100	3860	189	2418	2368	886	100	3077	797	100	2926	3446	4117	3269	3223	4709	1717	1249	2982	2121	2633	1607	2938	4414	880	3161	4045	187	3197	2921	3189	462	3420	4043	4564	3260	1872	3869	4575	1921	1948	5051	224	598	679	3250	232	2905	3107	522	4620	2079	1911	4284	3037	3507	4195	4005	1406	3935	2664	1263	4501	538	3543	2087	673	3169	3202	4764	100	1671	4194	2130	3903	2641	1434	3230	2242	3445	3331
820	924	4503	2934	361	4601	2954	2507	4988	1444	4798	2191	945	1669	4290	3764	4568	1366	788	1374	1677	1127	100	1580	1402	3302	793	2942	1501	4718	4240	4646	2717	3497	1528	4392	433	699	4048	1802	3825	3225	1510	4227	3252	4042	884	133	2463	377	3324	298	3797	423	2914	1322	2860	2778	1651	2620	3831	224	5051	2847	1038	2657	514	1339	2290	4895	3360	2693	100	1778	1563	4016	4214	1977	4381	1714	685	1479	3499	4990	1101	1280	2259	519	864	3424	1569	4674	2750	3347	4384	3855	3124	928	267	1820	4243
2201	434	2401	2212	2326	2444	1272	2165	3588	3874	4098	1741	3545	1149	4457	2564	2010	520	3710	1999	3185	3664	1041	2376	846	1485	3656	2384	1750	2617	3821	1468	643	1809	100	368	1581	4463	4878	2267	4337	4782	2118	4148	3542	3461	3778	100	161	2971	739	1163	1212	4120	3067	1141	4378	4868	1646	845	547	598	2847	5051	4184	162	776	2140	380	3551	2601	3617	1951	2674	1008	1623	5040	605	2090	5021	4567	2998	4164	205	1205	844	3281	3830	4511	1093	1067	2704	3965	144	1561	4897	1147	2209	5030	751	2019
3616	3836	2001	3732	1096	1411	100	1381	857	1885	3441	3014	997	2506	3561	2614	2709	773	573	3155	222	4040	1213	1993	1297	2781	1929	4542	3567	4126	3007	2576	284	4222	106	2648	3809	1476	2578	4951	1409	590	318	2574	808	3146	2980	2072	1277	622	3483	3622	4755	175	2726	2260	2599	2655	3556	3762	1898	679	1038	4184	5051	4368	1266	1404	2961	4751	2484	1382	2253	2643	3514	3316	4698	1285	3298	500	1244	2157	4741	4495	5005	2466	2096	2185	2171	3501	2442	3975	4208	718	3129	100	1453	1906	3947	2284	565
1403	3727	2875	2658	2832	1119	2756	474	2759	2199	1838	2289	3946	1128	3391	4622	3222	2795	396	4791	2779	708	100	504	2188	2953	342	800	904	325	4158	3325	2033	1606	3974	2491	1264	2603	1866	1901	1541	2804	100	388	2041	3213	644	2623	1503	903	1770	3371	1073	238	4713	3119	4444	1006	4676	4449	578	3250	2657	162	4368	5051	287	4996	2329	4161	2527	1045	4785	1368	170	943	1655	4128	4306	2291	3186	4200	2093	4418	1240	1557	1858	2532	1499	2922	1256	2416	3666	2128	1611	2784	3390	2354	4552	2426	172
949	3168	4271	2152	2437	4374	2468	3818	1795	1777	1938	1430	3440	4205	286	356	4390	4139	952	3106	1695	2408	2600	100	1723	684	2846	3038	1801	2328	4736	110	2461	829	4881	4633	825	1494	974	4967	1470	3228	100	862	3079	3508	2967	3094	1344	2117	1917	3753	1907	4182	4371	2520	3650	1675	2156	1837	2798	232	514	776	1266	287	5051	392	3793	774	1984	4591	2787	393	645	4339	100	1304	3288	2793	1133	3163	2952	1684	249	3692	4960	465	2471	3721	650	1591	4056	198	4168	4583	2570	2807	688	1747	3564
638	3679	1543	2060	4752	4480	4138	863	629	1790	1768	4179	1926	993	160	3628	3630	3365	1433	3754	2864	1816	3952	815	100	3125	2661	2797	2410	2359	2707	4366	4519	4781	1355	2223	100	3409	3990	4267	559	1436	1219	100	304	2337	4189	956	1220	100	2051	4257	2205	2204	2144	2644	834	1811	732	213	970	2905	1339	2140	1404	4996	392	5051	4719	1740	652	2538	427	1753	2134	2344	482	560	1887	3614	2385	4079	593	3018	3109	146	1613	1251	1696	2728	2023	3515	4448	2179	617	2765	4630	4119	4113	3270	1862
2930	780	3352	2619	4995	230	3768	1913	100	479	1875	1584	2219	273	3982	2768	4549	1388	3150	1599	3448	3820	444	1877	1840	941	2044	2537	2722	3486	4230	150	2825	2943	2729	1733	999	4499	1521	2640	1302	1530	1164	3167	2821	1426	1248	263	910	1617	3988	330	1139	3192	1974	1933	637	1097	2244	4626	1226	3107	2290	380	2961	2329	3793	4719	5051	2649	2216	4388	4553	2394	627	3773	488	1152	4627	2029	2454	4302	2355	1197	100	3039	1698	1949	1700	4853	234	3351	1022	1582	3811	2272	4049	3898	3415	2398	545
5023	3149	4789	1756	967	2924	4332	994	1729	2186	1429	2150	4684	3648	1112	3211	3626	4030	4623	4720	2496	2718	1775	4323	2313	1078	450	4774	165	2854	3880	3662	1452	3249	2046	2816	2518	1824	1996	577	1035	749	4455	4377	3677	1758	3246	2217	3456	3851	4534	3236	3655	1652	228	1261	3748	4085	3840	649	3207	522	4895	3551	4751	4161	774	1740	2649	5051	592	3198	2227	3026	100	4221	2859	1507	406	5020	1710	1690	1881	2101	3373	4469	661	449	4287	204	4769	3565	145	100	2827	3229	3462	2332	3960	4655	3053
4436	2365	1546	4303	1532	3720	4926	4949	100	4555	1417	100	4400	1608	2162	1666	2983	937	2336	1385	3306	4360	431	3847	2428	2406	4876	4532	4594	5003	3080	870	3877	4086	2222	2346	4255	2045	2478	1004	2780	1447	1400	1639	3737	4422	927	1815	4928	657	430	4673	4677	2161	2112	3829	778	628	3458	3998	1425	4620	3360	2601	2484	2527	1984	652	2216	592	5051	2894	476	1340	2577	3871	1730	3822	1939	3750	2909	156	3718	534	169	809	4127	1719	1845	4176	4270	4293	1598	700	696	930	669	2102	2379	4606	231
436	3789	2301	2364	4353	3634	4845	4358	1752	4809	494	1467	2669	3010	894	4707	3599	4869	3332	240	3703	2559	2417	3095	3348	3359	888	3763	3113	1928	4066	2390	2407	3838	1589	745	2372	3268	3892	4116	100	3883	2925	1988	885	4992	3629	3335	355	3690	100	5004	3467	4909	665	1952	1062	1966	3520	2492	2730	2079	2693	3617	1382	1045	4591	2538	4388	3198	2894	5051	289	2892	4140	3646	3244	3148	4426	3894	2377	2058	2088	4081	2528	621	4518	790	4910	1373	3274	2581	2494	3845	3051	2231	2539	872	4739	1201	1080
327	3209	2638	887	1396	4521	1278	4913	2225	3127	3429	3284	5044	2830	4648	3235	4210	3691	3715	503	610	2900	1808	1961	2092	1132	4723	3978	4628	184	4044	1318	100	4699	683	1957	2131	1158	4509	4362	2479	3276	4090	4609	4186	3075	2306	2250	1641	2177	917	763	4569	1175	4556	3563	4035	2172	3267	2238	2502	1911	100	1951	2253	4785	2787	427	4553	2227	476	289	5051	2861	701	753	2100	4688	4589	767	4177	1909	843	457	4346	5037	262	302	2824	2858	4954	2505	3479	1462	4369	1005	2512	4103	2169	3294	1200
2163	2622	1490	1026	1500	100	3355	1764	1721	2543	3905	3450	3402	678	1159	2015	2959	1728	2818	1313	978	4801	580	1796	2958	1024	2529	3969	1387	4750	2256	3361	4870	662	3594	2456	3364	220	3164	2916	312	2927	1893	4874	775	707	4642	676	376	5034	2409	3184	1572	100	475	1042	1070	3987	100	674	3962	4284	1778	2674	2643	1368	393	1753	2394	3026	1340	2892	2861	5051	2008	2141	2806	4664	4340	4529	2053	357	1847	3171	1523	3742	485	379	3139	1600	1769	3296	2037	3524	2869	1107	2125	4149	3596	1254	4382
5019	4695	100	2383	100	4009	594	257	4417	3432	4313	1182	4236	4273	1857	1154	647	4506	4792	1884	100	4815	4737	1242	807	2030	4477	4162	1703	3786	1079	2606	265	2137	1625	2871	2862	472	4527	3865	4879	3455	4487	557	149	4325	4254	1288	600	551	2561	1162	4858	4299	3572	385	1712	2293	4025	4446	3024	3037	1563	1008	3514	170	645	2134	627	100	2577	4140	701	2008	5051	2541	2371	1420	3187	1991	4239	3398	4046	2181	540	3827	3713	606	698	2978	3263	3300	1676	3652	118	2200	326	972	2660	1975	2034
1475	4593	3417	1037	1478	3923	2323	2758	3418	1075	1088	308	413	4072	4899	4496	3922	5024	2387	4285	3142	539	2517	4472	2987	100	1585	126	4907	1526	1708	1760	2760	574	3034	822	397	1504	1334	3156	4686	2016	2932	3950	4399	1300	4321	181	1337	3575	656	4447	4939	1299	4027	1483	1125	3427	2788	2082	4456	3507	4016	1623	3316	943	4339	2344	3773	4221	3871	3646	753	2141	2541	5051	1055	4001	527	100	1364	3884	2327	4039	2005	4354	4934	2950	4612	1071	1422	2523	3468	765	3336	931	1291	4129	2877	203	1315
2672	811	196	3484	1673	2297	1512	1555	254	1171	2324	5029	4304	1010	1301	2139	1360	3939	4167	1345	399	3667	2776	2367	4562	2308	4757	1735	2990	4650	2470	2211	3290	4691	2232	470	2550	4886	4634	3323	556	100	3430	192	1766	335	4082	121	4067	1930	4724	3436	3741	3073	4421	1268	516	3695	3334	3731	3807	4195	4214	5040	4698	1655	100	482	488	2859	1730	3244	2100	2806	2371	1055	5051	4228	100	785	438	4468	3482	3837	1527	4652	706	3908	879	725	3175	1823	2452	2149	4852	4714	1544	901	100	4199	925
692	250	1817	795	4104	3114	1193	714	3534	3683	4013	389	2274	998	4854	100	314	1356	253	1759	4018	1724	4298	3280	2099	5002	1208	2878	4784	3356	840	2913	2116	3423	4941	1454	810	4840	4632	2064	2021	2062	4850	4548	4002	1105	1726	3638	4661	4811	2556	1469	4294	3790	3271	3224	961	2610	464	1978	2947	4005	1977	605	1285	4128	1304	560	1152	1507	3822	3148	4688	4664	1420	4001	4228	5051	1843	2497	4535	4276	1576	2036	1361	2917	2261	3956	4826	4711	2317	3717	2203	1383	1236	562	3774	4375	1853	3178	1184
4101	1229	738	4777	2677	2375	1181	542	969	4965	2535	4551	3406	2997	1742	2575	1324	4409	237	1480	4968	2343	1762	1262	4094	1397	3419	1836	2613	3694	3475	4260	2817	2392	2285	496	914	4800	1744	1945	164	4679	246	2404	866	1701	264	515	3878	1020	1214	4712	1989	4429	1419	2281	3839	861	1180	1432	1980	1406	4381	2090	3298	4306	3288	1887	4627	406	1939	4426	4589	4340	3187	527	100	1843	5051	654	2695	3529	2872	2857	227	2873	3247	4404	3266	100	3387	1718	3050	211	2848	4093	2558	1449	2929	4550	4263
1146	2573	1177	300	4305	4080	1787	4174	1151	4272	3826	3153	3593	4385	4531	1106	1636	986	2568	255	3870	2513	2540	818	1060	4964	490	2448	4083	730	3587	2742	4526	3657	529	770	4291	4069	2583	1850	4425	3621	2751	4114	3799	4659	190	947	1934	2429	641	381	4725	3758	307	3201	2995	4989	2032	2510	4578	3935	1714	5021	500	2291	2793	3614	2029	5020	3750	3894	767	4529	1991	100	785	2497	654	5051	166	1173	1472	4198	1794	1276	3401	966	1245	2138	1033	456	1981	2235	735	2229	3862	4356	3589	3105	619
349	4115	4955	3449	1456	1797	1089	4823	948	4181	4441	1379	2976	119	411	4936	4662	4760	3931	1727	1330	1477	1053	2962	4507	4619	2210	3318	3212	4946	3370	2176	3165	525	4844	1389	3808	4297	3642	2545	1118	3955	2391	4364	2566	1390	1578	704	1028	3546	4779	1072	3313	896	3954	4317	3585	311	938	4533	1657	2664	685	4567	1244	3186	1133	2385	2454	1710	2909	2377	4177	2053	4239	1364	438	4535	2695	166	5051	398	3968	4738	1329	2066	2936	3936	2174	2746	2239	2589	1920	4572	4223	3841	100	1789	3606	1998	3605
4282	3696	3320	4110	842	2762	4753	3676	4998	4982	1645	3472	4395	1785	2059	2057	1691	4839	3016	4349	3147	535	1196	2335	4159	1222	3997	347	4492	1593	2715	1990	276	4454	954	1346	3991	3893	3928	3369	1604	3078	2055	2896	2659	3502	2405	722	4866	1910	1835	830	4020	243	1007	3397	3439	548	2743	1520	5010	1263	1479	2998	2157	4200	3163	4079	4302	1690	156	2058	1909	357	3398	3884	4468	4276	3529	1173	398	5051	2679	1157	4445	3012	3082	4256	3374	3835	100	5007	310	523	1348	2865	4169	3986	955	906	4892
