4096	1125	3036	3385	3963	162	2690	3762	589	2157	2108	3460	4045	2409	355	1634	3859	165	2436	2465	1498	3106	1576	2848	1773	3003	1185	2460	3053	1671	581	2545	959	1096	1049	90	837	2822	2700	3411	2521	1610	1598	3832	3982	1496	3341	96	3518	2955	742	168	1608	509	167	3198	2675	3653	4072	278	2381	1026	2427	3679	484	3724	776	912	4031	781	2115	849	1552	2670	1293	3267	163	860	3552	132	375	1648	1821	1149	2738	3711	2069	3848	1163	1735	997
1125	4096	1017	3913	2704	2146	926	1661	3045	876	1753	1441	3182	2517	2912	2414	3564	3319	3805	2353	3345	1298	1325	1174	3796	1683	2612	546	1823	641	1518	1178	3593	1775	1070	3275	3235	2576	437	701	1551	1618	3763	980	3112	3841	3997	3170	3286	3934	3988	922	3560	3226	1010	847	1465	764	3721	1901	1744	2205	2181	2799	293	786	966	1190	2552	929	90	3268	1358	3515	90	275	1390	1799	2339	3317	2588	2449	3320	337	146	1103	2863	1530	1962	1751	3265
3036	1017	4096	3380	3375	3778	1972	2595	2701	1711	180	3416	3975	225	955	2846	3725	177	3783	471	3626	2723	3211	2470	349	1513	2790	3111	696	2773	1890	1603	2622	1221	1147	1250	440	3344	4051	372	3123	558	3945	4029	3758	1227	1039	3866	3331	3813	3209	902	2706	271	2140	4054	1536	2237	830	1058	2999	3854	2542	2781	616	2383	90	3212	814	2320	1284	2824	4009	1528	1815	1587	2646	2509	1443	1888	663	1403	442	3143	200	90	3957	2391	850	1834	2208
3385	3913	3380	4096	2714	1449	3817	1363	1778	775	1082	150	2210	1012	897	3952	2594	1301	122	2624	518	3213	174	193	2441	90	3915	1493	1412	400	1324	2615	3877	1084	3359	3839	1664	2522	2192	715	3912	2477	3357	1169	2285	3177	1407	2404	1254	2392	923	198	1832	1220	3108	2027	834	118	450	1089	522	464	3696	2766	231	2488	3640	2484	3820	824	892	3829	1143	2987	3649	388	1252	1313	3199	3750	1814	438	1801	2702	3740	90	2145	1495	3699	1186	2239
3963	2704	3375	2714	4096	3905	2361	108	2906	90	1308	2106	2187	202	462	3176	2974	2889	1008	2083	785	2153	3145	3104	1966	2191	1377	941	2249	394	880	1769	1011	1742	2762	4041	3566	2123	4006	1429	4040	868	2175	1045	2155	1158	3086	139	3305	3654	2262	2887	1242	2273	220	1046	1090	1343	1635	4059	2627	1885	579	1689	3916	1287	1111	1446	228	253	1384	933	3582	3479	964	3410	1740	2077	693	919	2362	3391	561	1896	2775	3863	2697	1031	3107	3555	3671
162	2146	3778	1449	3905	4096	3870	3352	3228	2739	884	1986	4005	900	607	344	2437	1674	3576	2168	1273	259	232	621	330	3760	3016	1398	1795	3610	466	3312	3694	1718	1643	3869	564	1424	3486	2335	661	1005	2590	2531	575	3147	1971	3602	3773	1336	813	2420	3378	2862	3405	1780	3524	1468	1257	2958	652	3736	3618	3470	1064	2367	2755	3237	1715	3925	2712	745	1024	3911	2035	2628	395	910	249	90	1739	1684	1982	3616	3315	242	90	3394	2050	292	690
2690	926	1972	3817	2361	3870	4096	3822	2718	3120	90	4081	2577	2510	3427	2967	1247	3929	3364	1793	4088	1127	2297	2735	1916	1065	3116	3245	2778	431	553	2078	2100	1014	3100	483	491	635	2518	485	2591	1573	3195	2870	3632	3152	1375	3958	2707	1923	296	1783	2348	889	3057	2537	2893	2322	1459	1819	90	3488	3907	2087	90	4057	3302	90	3128	430	3248	357	2270	3452	1736	2544	3648	3706	801	2113	2978	2064	2638	214	159	1636	2808	3297	300	3069	1437
3762	1661	2595	1363	108	3352	3822	4096	3430	1267	3559	2636	1556	121	1772	3167	3991	1789	197	119	3453	2397	2138	1640	3127	3292	987	794	94	728	1351	3965	3294	1054	2105	1905	659	3059	3253	854	2429	1861	135	149	1727	90	2375	2485	2732	3134	2881	576	1678	2892	1199	4079	104	1370	127	503	3457	1053	1219	2564	3153	90	2329	1003	961	1509	3264	1939	1629	3402	1761	189	3200	3194	3230	2278	4030	2943	2446	1638	90	2945	2679	2275	1681	1672	2694
589	3045	2701	1778	2906	3228	2718	3430	4096	90	1417	2692	2888	3054	3306	1418	4039	3307	213	782	2998	743	2968	3110	3497	660	1654	133	2171	2012	644	4022	2952	2148	128	2111	3158	909	1558	1882	549	2188	2617	2956	316	93	2190	1875	946	1362	2554	1422	3710	622	2089	356	2238	3502	623	1922	3130	1656	147	3583	2645	319	2496	2458	2431	493	2493	2833	3475	4002	664	554	2631	4026	1913	1872	3508	2561	1083	1941	1719	4007	2442	1792	1652	845	434
2157	876	1711	775	90	2739	3120	1267	90	4096	541	1924	3623	2794	1533	817	2684	1944	3280	508	1981	391	584	1061	2241	1646	221	2223	2364	1431	548	1162	1630	1274	2753	4084	2240	3429	3330	608	2613	3999	3381	1737	2649	2196	2350	3514	1508	1020	2763	3367	1633	1785	90	1321	2245	261	2990	3221	1738	90	717	2614	2074	2715	1071	3412	3216	2774	859	662	314	3511	950	338	2091	2921	3190	2302	2462	90	3510	3756	917	3570	3159	383	1379	2749	2203
2108	1753	180	1082	1308	884	90	3559	1417	541	4096	2573	2673	3603	3266	2962	3906	2360	967	2029	1567	3523	1305	2779	1849	3249	935	3948	3579	3903	3339	2002	2369	1296	1106	524	823	2370	3685	3680	3949	780	3797	1842	4080	267	2475	2926	2687	2163	1354	1218	1768	3659	90	932	1492	2426	2853	1108	2317	1165	2724	3926	2548	3722	2772	2425	157	2482	2003	1507	1829	727	1611	2678	2044	3672	649	3493	984	2331	1807	3939	3525	3983	3902	879	1851	2911	2459
3460	1441	3416	150	2106	1986	4081	2636	2692	1924	2573	4096	2629	3876	2028	3384	806	374	2110	3595	3363	2390	2497	2402	2182	1557	3733	1315	3269	741	1334	403	2807	3105	131	2193	2152	2728	1179	2328	1206	1497	4062	1150	1047	1619	2276	474	1826	3262	1277	389	1093	2464	1951	2047	885	2950	2725	3702	1666	3715	3693	535	2318	647	3871	1120	2070	2539	983	496	264	1121	1607	3018	1574	1469	2389	2480	90	2291	3068	2377	4085	186	2242	2932	1387	2177	1282
4045	3182	3975	2210	2187	4005	2577	1556	2888	3623	2673	2629	4096	2599	3440	2767	3321	4011	1080	315	2572	2672	2993	3392	1741	1910	3692	3431	772	1577	1733	489	1617	1171	1614	3894	744	250	396	3587	3403	4074	1137	3501	2587	994	726	1307	3393	3138	2776	1926	502	676	3298	2972	614	3455	735	3697	803	3076	3373	1535	343	1811	3644	2129	90	1537	1479	2866	136	796	1695	2928	1546	3716	1253	2049	399	3978	1940	1075	1685	3215	2041	2274	2119	4046	90
2409	2517	225	1012	202	900	2510	121	3054	2794	3603	3876	2599	4096	90	2184	3287	90	1798	2280	1092	962	1285	906	1350	2602	3682	1245	3981	619	1938	2202	1413	4091	90	2286	1960	2435	3779	4000	3464	1291	1211	1990	3236	1030	2874	1550	3873	790	3652	1946	1564	1762	1930	117	787	3125	1605	1028	1862	1961	1928	3731	3681	1612	1747	1471	3256	2283	2829	1856	2805	527	533	3133	938	2306	1541	3931	3428	2290	2877	2011	875	2371	2834	2154	3140	680	285
355	2912	955	897	462	607	3427	1772	3306	1533	3266	2028	3440	90	4096	3864	2198	3565	3281	569	1600	3937	1839	90	1865	1525	1579	1824	3979	1466	1945	2743	925	551	3210	116	3079	1283	3909	124	1038	467	1467	3732	3424	1434	851	2401	1970	114	3347	2854	1068	2884	751	3683	3574	398	3033	1148	326	2585	3821	520	1264	1844	617	528	346	2212	414	2221	3527	353	1271	724	2850	2939	3554	3051	3749	2812	2914	2396	152	90	241	3599	2018	1109	628
1634	2414	2846	3952	3176	344	2967	3167	1418	817	2962	3384	2767	2184	3864	4096	1502	3413	2924	3160	2287	272	3774	3690	3399	298	376	550	752	1386	1430	1371	2836	3874	2236	3712	171	2640	3332	3613	3951	1514	2355	1808	90	3845	3163	2453	2060	1889	3326	3099	3764	3340	2045	3938	247	1599	3549	1721	2867	863	90	2405	3718	2149	3448	1320	295	3973	869	3481	1631	1709	1932	1527	3520	3542	3439	1595	3539	993	4086	2528	1645	3809	3746	2189	3353	4071	3709
3859	3564	3725	2594	2974	2437	1247	3991	4039	2684	3906	806	3321	3287	2198	1502	4096	1402	2761	3494	3635	478	304	3065	1345	90	1668	2313	1796	1197	154	1881	429	2160	4048	1563	354	234	2705	2925	1260	2516	1812	2043	3947	1486	1969	3849	3673	3489	3124	2086	3872	3206	1107	1494	1427	1069	2896	1312	3238	1392	531	2243	2589	3473	3094	1329	2519	2264	1730	2709	218	2186	4014	2785	212	3119	858	1006	4038	1942	3529	3792	468	236	3509	3789	2118	1415	3029
165	3319	177	1301	2889	1674	3929	1789	3307	1944	2360	374	4011	90	3565	3413	1402	4096	1517	877	996	1170	2904	681	209	3499	3270	2471	90	3714	1050	3084	1002	3279	832	2666	2960	497	2529	3214	2393	3910	1805	3612	3624	3220	2408	90	2495	3247	945	3569	244	2416	1331	3071	643	3708	3967	778	2261	1864	3827	324	2563	2300	3700	239	402	2503	2421	3675	233	2248	1256	1057	3891	4028	2513	1731	4035	1477	861	1973	423	1845	706	886	4082	1129	1118
2436	3805	3783	122	1008	3576	3364	197	213	3280	967	2110	1080	1798	3281	2924	2761	1517	4096	1173	3601	1480	1036	2166	852	1899	92	318	563	3861	2096	3205	555	3799	1088	1754	1027	3075	1044	3777	1749	358	3577	2321	913	1232	1452	3946	2797	1764	2022	227	3010	3203	2141	526	1957	2085	2026	1076	1299	2919	341	2080	325	566	3435	3794	3651	90	759	2859	1368	2641	1156	3532	2151	362	866	4066	98	490	1367	2271	1879	2720	2340	1004	943	2309	2288
2465	2353	471	2624	2083	2168	1793	119	782	508	2029	3595	315	2280	569	3160	3494	877	1173	4096	1984	2941	3977	3397	3401	1135	240	762	2368	1304	1594	3222	2400	2292	2094	281	4020	3964	3277	1192	3097	1344	795	2969	3852	1503	90	3091	848	3449	3300	3666	2159	3996	657	736	320	3606	747	710	1187	1975	1181	2411	2536	2219	222	1130	3132	841	940	3824	1549	3126	763	1680	1204	1270	3015	3701	846	2847	2982	1606	3208	3278	3217	3751	384	1870	1566
1498	3345	3626	518	785	1273	4088	3453	2998	1981	1567	3363	2572	1092	1600	2287	3635	996	3601	1984	4096	2917	1639	942	276	3752	2729	609	3842	2308	2810	3067	591	380	2630	4095	1263	1399	2338	3055	517	3717	590	2523	2940	3083	90	1198	3923	3349	1831	3984	2996	1420	1627	3423	1522	1259	544	2294	3322	3775	1153	3631	3027	3193	470	2398	2935	2279	1453	3337	465	2438	934	3311	3072	708	2760	2048	947	4024	844	1542	1699	3175	3185	435	1356	3234	739
3106	1298	2723	3213	2153	259	1127	2397	743	391	3523	2390	2672	962	3937	272	478	1170	1480	2941	2917	4096	2664	1168	719	3990	1341	441	2933	2088	2266	4052	779	2791	1228	2472	317	3052	1665	1042	3087	3446	3013	90	3242	129	367	2815	3808	975	3467	2515	3168	3944	1196	697	3998	1450	2102	1602	2708	1456	920	928	1691	3840	894	2492	3309	3241	3038	3557	2097	2831	3953	768	1295	2098	90	1868	3536	2126	2501	2444	1238	3974	756	1788	270	3196	2574
1576	1325	3211	174	3145	232	2297	2138	2968	584	1305	2497	2993	1285	1839	3774	304	2904	1036	3977	1639	2664	4096	1059	4055	1180	1072	1725	1848	1102	2410	1373	3299	3109	2567	1063	574	916	2686	424	1575	1935	2254	3432	3048	686	3255	455	746	586	1589	540	1352	3856	331	1475	2467	90	3567	738	1572	639	3547	692	1559	914	939	3183	2827	425	969	2494	1104	1317	405	1620	487	3023	4015	178	4094	170	2063	2671	2263	2235	1416	3850	2674	417	1433
2848	1174	2470	193	3104	621	2735	1640	3110	1061	2779	2402	3392	906	90	3690	3065	681	2166	3397	942	1168	1059	4096	1175	2224	273	1396	3551	3458	3899	3594	1583	2005	1342	3727	1817	577	3802	1269	872	2997	3769	529	109	1361	1615	1462	1243	3985	2966	1176	1234	3689	2910	2144	2021	2610	3617	125	1954	3800	3886	2222	3420	190	3246	3933	2959	184	1955	1032	842	101	3008	99	2456	1852	90	1145	3201	862	2247	2603	1404	740	2054	1703	2174	3568	3729
1773	3796	349	2441	1966	330	1916	3127	3497	2241	1849	2182	1741	1350	1865	3399	1345	209	852	3401	276	719	4055	1175	4096	3823	2373	2363	3074	867	3426	769	3284	3720	2056	3485	1980	1869	898	627	426	3880	3818	1123	1485	2296	4037	1098	600	2109	3343	2030	1397	1655	3885	1933	3463	1952	2455	1816	1895	1323	1687	1327	1499	3336	2764	2644	3002	1048	1859	3454	1349	1647	2376	711	3318	90	3113	1445	2374	3282	610	4087	3892	995	3258	957	279	1584	3676
3003	1683	1513	90	2191	3760	1065	3292	660	1646	3249	1557	1910	2602	1525	298	90	3499	1899	1135	3752	3990	1180	2224	3823	4096	3156	1690	651	1676	410	1998	2325	1978	1447	477	2062	3333	2349	3914	3173	2253	445	2751	2880	3656	3500	120	2520	1152	687	3743	191	1858	1086	565	2936	3798	2260	1977	2540	3365	1476	3558	237	3186	1987	1867	3150	252	1723	1750	4043	1009	3755	1752	1903	3129	672	2596	137	2357	2981	3034	1708	3303	2178	2304	594	626	3304
1185	2612	2790	3915	1377	3016	3116	987	1654	221	935	3733	3692	3682	1579	376	1668	3270	92	240	2729	1341	1072	273	2373	3156	4096	2006	2608	3741	1988	2685	2250	630	1067	447	638	1330	798	1239	4049	1694	3162	3966	1779	2359	1920	2380	3081	2948	2020	2565	2538	2128	3295	2551	588	3875	2251	774	1809	3254	2179	226	712	4056	90	3325	597	454	1548	3971	145	2737	990	1790	3801	1782	1622	658	1804	1033	1223	4093	2898	2663	223	2971	640	2216	3531
2460	546	3111	1493	941	1398	3245	794	133	2223	3948	1315	3431	1245	1824	550	2313	2471	318	762	609	441	1725	1396	2363	1690	2006	4096	2272	164	3535	691	3409	2637	3379	3753	90	2568	3793	3358	1195	924	807	1414	1894	444	2365	2172	2466	2500	3014	2607	313	1290	3308	1597	4063	215	1448	2838	1454	3959	2007	1898	1359	1878	2293	1908	2980	1794	3438	1800	944	176	2830	3643	3283	1161	166	2265	1833	819	2691	195	3114	2332	1105	248	3495	2970	3062
3053	1823	696	1412	2249	1795	2778	94	2171	2364	3579	3269	772	3981	3979	752	1796	90	563	2368	3842	2933	1848	3551	3074	651	2608	2272	4096	1958	883	3893	2226	3098	3968	2985	2654	757	461	2944	2660	1756	378	633	2721	390	2136	3917	669	2101	1850	1099	3025	1677	3388	3263	2059	750	1455	153	2042	770	1950	505	2268	1565	2814	870	3260	2281	2840	2621	2170	2394	3578	2688	1717	90	3989	488	2976	421	2570	2918	2699	340	1921	2820	459	3530	286
1671	641	2773	400	394	3610	431	728	2012	1431	3903	741	1577	619	1466	1386	1197	3714	3861	1304	2308	2088	1102	3458	867	1676	3741	164	1958	4096	90	1670	2986	1524	1025	3684	761	2885	684	90	297	3600	3042	2417	831	2384	611	3723	1985	3918	201	1649	2351	1720	3451	2532	3180	985	624	3310	3361	3633	1520	1040	1912	1423	3504	282	416	2625	2116	3788	4092	1585	4027	645	1934	2289	3935	2795	2639	1616	397	2736	1463	2084	436	2703	3386	4078	1138
581	1518	1890	1324	880	466	553	1351	644	548	3339	1334	1733	1938	1945	1430	154	1050	2096	1594	2810	2266	2410	3899	3426	410	1988	3535	883	90	4096	1734	3704	537	1482	1893	3035	2669	1682	3897	2657	2463	3328	1205	2851	718	1828	1698	2534	181	1487	3039	1511	2024	1712	3976	2072	463	3044	3831	2665	4042	1555	352	2310	90	2137	1994	1523	1233	1201	3058	1122	3766	1346	2581	1164	1100	1154	1707	3737	1968	2298	2541	1289	802	3024	3421	1261	2316	3550
2545	1178	1603	2615	1769	3312	2078	3965	4022	1162	2002	403	489	2202	2743	1371	1881	3084	3205	3222	3067	4052	1373	3594	769	1998	2685	691	3893	1670	1734	4096	2593	1062	446	269	1755	1166	1091	1372	1979	1871	3154	4067	284	1056	2922	368	4032	2379	516	1376	896	3142	2013	3521	2746	754	229	2469	3085	634	2801	2769	2473	559	1391	1746	3992	1777	90	3571	3980	3496	1660	1993	3291	2209	3095	853	245	2792	2813	1591	3465	3204	568	392	1653	2082	1892
959	3593	2622	3877	1011	3694	2100	3294	2952	1630	2369	2807	1617	1413	925	2836	429	1002	555	2400	591	779	3299	1583	3284	2325	2250	3409	2226	2986	3704	2593	4096	1601	2655	3757	3026	2964	3814	2015	2161	179	323	4018	3942	1855	3585	3063	2489	3197	1140	90	112	1265	1193	192	2135	3528	3148	2942	158	1716	1124	1623	2474	3118	371	2744	2180	3082	3174	833	3491	573	1992	999	1604	2039	3987	1512	3969	3301	3348	2267	1590	562	2741	3377	1909	2865	1144
1096	1775	1221	1084	1742	1718	1014	1054	2148	1274	1296	3105	1171	4091	551	3874	2160	3279	3799	2292	380	2791	3109	2005	3720	1978	630	2637	3098	1524	537	1062	1601	4096	1569	3456	705	2891	1925	2176	1673	2502	915	216	1560	1112	2448	956	3223	838	2382	543	1451	758	519	2478	3543	2647	670	3941	1919	90	3812	498	3768	3443	1141	3955	523	2081	512	1562	1937	3630	1504	2147	257	3243	716	230	1624	2586	3362	793	2643	2218	3639	2121	953	3857	2334
1049	1070	1147	3359	2762	1643	3100	2105	128	2753	1106	131	1614	90	3210	2236	4048	832	1088	2094	2630	1228	2567	1342	2056	1447	1067	3379	3968	1025	1482	446	2655	1569	4096	373	460	3661	3835	3354	2305	2559	3608	3400	1593	1258	2909	2680	2710	1825	2217	1884	679	1113	3005	1322	262	458	1116	675	97	2433	1134	2575	3884	1203	2693	2750	2802	90	3070	2543	1917	3791	3665	1726	3670	3688	3442	3655	2233	1675	3155	210	1380	815	351	100	2257	206	90
90	3275	1250	3839	4041	3869	483	1905	2111	4084	524	2193	3894	2286	116	3712	1563	2666	1754	281	4095	2472	1063	3727	3485	477	447	3753	2985	3684	1893	269	3757	3456	373	4096	671	1043	4061	2771	258	1592	2913	327	3865	2860	596	3231	427	2514	2661	1378	1231	1515	3046	2843	2875	254	2386	1133	3591	2533	1081	3836	3995	422	3541	1667	412	2556	542	2642	1505	322	2395	3207	3122	3139	1041	2571	1857	3738	1478	2526	1007	3819	613	90	2524	2903	2740
837	3235	440	1664	3566	564	491	659	3158	2240	823	2152	744	1960	3079	171	354	2960	1027	4020	1263	317	574	1817	1980	2062	638	90	2654	761	3035	1755	3026	705	460	671	4096	3851	2546	1360	1596	3251	840	2122	725	2713	2747	3417	2378	3642	2201	2584	1686	791	3883	2259	156	3011	534	2845	1383	2387	1157	1697	3092	1847	3117	777	3136	1931	2412	2662	1949	3219	3368	2312	2727	205	2716	2525	90	2104	401	3233	1300	3480	1016	1948	3862	4016	103
2822	2576	3344	2522	2123	1424	635	3059	909	3429	2370	2728	250	2435	1283	2640	234	497	3075	3964	1399	3052	916	577	1869	3333	1330	2568	757	2885	2669	1166	2964	2891	3661	1043	3851	4096	3620	689	2869	2076	1237	3115	1900	1657	637	2092	2330	1874	3895	3888	2468	3017	1581	90	2598	2876	1419	3466	169	605	2759	949	2650	653	90	2861	2284	288	1757	2195	90	3202	499	829	2229	4008	1183	683	3028	2344	1688	172	2037	871	1965	593	2073	1929	673
2700	437	4051	2192	4006	3486	2518	3253	1558	3330	3685	1179	396	3779	3909	3332	2705	2529	1044	3277	2338	1665	2686	3802	898	2349	798	3793	461	684	1682	1091	3814	1925	3835	4061	2546	3620	4096	1759	2929	3484	312	90	1531	567	773	451	123	3192	3506	656	3406	3437	982	654	479	3389	1110	963	1142	256	3478	3658	2065	1904	2878	4033	1974	3289	1288	1786	704	1126	2800	1770	3573	3483	1554	310	1408	3901	308	3858	2758	3837	3078	1210	2899	3956	1906
3411	701	372	715	1429	2335	485	854	1882	608	3680	2328	3587	4000	124	3613	2925	3214	3777	1192	3055	1042	424	1269	627	3914	1239	3358	2944	90	3897	1372	2015	2176	3354	2771	1360	689	1759	4096	2648	1292	345	4004	2038	1510	2975	1995	4001	733	3444	1117	3634	3816	2553	1280	2777	4019	3879	2424	1022	3441	2418	1188	585	977	514	748	1074	1217	4089	665	901	2067	3151	3490	1184	1077	433	2103	3273	347	1094	2246	2490	2225	2244	1474	2093	3572	1776
2521	1551	3123	3912	4040	661	2591	2429	549	2613	3949	1206	3403	3464	1038	3951	1260	2393	1749	3097	517	3087	1575	872	426	3173	4049	1195	2660	297	2657	1979	2161	1673	2305	258	1596	2869	2929	2648	4096	134	3032	4068	1440	532	90	714	1658	843	2252	1621	1436	175	1877	3436	538	3049	2783	3556	3772	1936	3728	2025	3621	3920	2337	1543	3719	3761	3744	2158	1669	3492	1544	729	3372	1302	3713	580	604	1444	2927	2908	113	3691	3172	126	515	2949	407
1610	1618	558	2477	868	1005	1573	1861	2188	3999	780	1497	4074	1291	467	1514	2516	3910	358	1344	3717	3446	1935	2997	3880	2253	1694	924	1756	3600	2463	1871	179	2502	2559	1592	3251	2076	3484	1292	134	4096	90	1702	927	473	1613	1625	3390	2886	2354	102	1194	788	3472	3663	1212	1704	1146	1335	1743	1435	2549	452	3434	1255	2385	3103	1663	1405	90	677	1553	1438	1491	755	1230	904	2984	1659	302	3020	2133	954	1159	2915	3371	2269	4017	3962	1052
1598	3763	3945	3357	2175	2590	3195	135	2617	3381	3797	4062	1137	1211	1467	2355	1812	1805	3577	795	590	3013	2254	3769	3818	445	3162	807	378	3042	3328	3154	323	915	3608	2913	840	1237	312	345	3032	90	4096	1191	3516	1983	1216	2009	1401	90	2211	2817	1489	978	960	525	631	2487	809	836	1240	2668	3828	783	1079	3830	306	370	204	1214	1073	1177	3629	3218	1534	1244	1409	3928	986	385	2828	2658	3187	2499	321	4076	1318	1226	797	3047	3950
3832	980	4029	1169	1045	2531	2870	149	2956	1737	1842	1150	3501	1990	3732	1808	2043	3612	2321	2969	2523	90	3432	529	1123	2751	3966	1414	633	2417	1205	4067	4018	216	3400	327	2122	3115	90	4004	4068	1702	1191	4096	3415	3257	2255	2722	970	1316	291	3240	1539	2197	1997	2667	3707	1626	4036	387	2611	1818	3887	4077	2765	835	1830	203	887	4044	771	890	1771	2114	3089	361	1421	1095	194	2634	1001	530	3853	3408	3834	907	277	90	4069	2167	2415
3982	3112	3758	2285	2155	575	3632	1727	316	2649	4080	1047	2587	3236	3424	90	3947	3624	913	3852	2940	3242	3048	109	1485	2880	1779	1894	2721	831	2851	284	3942	1560	1593	3865	725	1900	1531	2038	1440	927	3516	3415	4096	3847	1628	1763	3598	2653	1311	2036	2920	2965	2957	469	2717	648	1066	1085	678	2600	1835	720	363	1458	3080	3843	2711	90	303	3986	3073	1457	688	2855	3538	3469	629	2897	3462	828	1172	856	3919	2071	3022	3533	2652	130	3739
1496	3841	1227	3177	1158	3147	3152	90	93	2196	267	1619	994	1030	1434	3845	1486	3220	1232	1503	3083	129	686	1361	2296	3656	2359	444	390	2384	718	1056	1855	1112	1258	2860	2713	1657	567	1510	532	473	1983	3257	3847	4096	492	3882	1332	3695	1224	1131	2134	265	143	3954	3614	2809	2314	731	3581	2399	1297	1722	411	1369	3650	2811	2303	3765	1411	3803	2230	2558	3505	1136	1907	2423	2656	1705	211	2632	1787	1519	784	3407	3677	2527	480	3093	4003
3341	3997	1039	1407	3086	1971	1375	2375	2190	2350	2475	2276	726	2874	851	3163	1969	2408	1452	90	90	367	3255	1615	4037	3500	1920	2365	2136	611	1828	2922	3585	2448	2909	596	2747	637	773	2975	90	1613	1216	2255	1628	492	4096	1060	3037	3735	1500	2633	449	2930	826	1385	2486	1388	2977	3224	2040	1526	3144	2066	2014	3290	2327	3382	2053	3418	2931	1393	1328	3001	3669	3660	1481	1827	2597	650	3004	2819	238	187	90	4023	1023	1160	3288	936	3786
96	3170	3866	2404	139	3602	3958	2485	1875	3514	2926	474	1307	1550	2401	2453	3849	90	3946	3091	1198	2815	455	1462	1098	120	2380	2172	3917	3723	1698	368	3063	956	2680	3231	3417	2092	451	1995	714	1625	2009	2722	1763	3882	1060	4096	2902	1339	3553	695	246	3787	511	1781	2745	3346	2786	2890	1400	3943	3526	1348	3519	2194	2443	1309	521	3896	2841	2560	2954	1279	2004	3165	280	2788	294	443	1303	2356	3329	1382	2452	3747	1866	789	2095	235	2017
3518	3286	3331	1254	3305	3773	2707	2732	946	1508	2687	1826	3393	3873	1970	2060	3673	2495	2797	848	3923	3808	746	1243	600	2520	3081	2466	669	1985	2534	4032	2489	3223	2710	427	2378	2330	123	4001	1658	3390	1401	970	3598	1332	3037	2902	4096	2352	632	90	3825	3734	2547	3157	3188	1767	1483	2856	2900	2016	3293	2019	2698	3178	1588	1570	3189	3296	428	2719	3272	3575	3662	2099	618	382	595	3622	921	1355	1784	2341	3383	3730	3077	642	506	1532	570
2955	3934	3813	2392	3654	1336	1923	3134	1362	1020	2163	3262	3138	790	114	1889	3489	3247	1764	3449	3349	975	586	3985	2109	1152	2948	2500	2101	3918	181	2379	3197	838	1825	2514	3642	1874	3192	733	843	2886	90	1316	2653	3695	3735	1339	2352	4096	2682	148	1822	713	3922	3324	3459	2683	2439	839	1337	3313	974	2983	2130	4021	287	1208	1529	753	821	557	2142	625	510	903	2232	3271	2871	3889	3327	2963	3088	3592	1394	1765	1902	552	1460	2457	3636
742	3988	3209	923	2262	813	296	2881	2554	2763	1354	1277	2776	3652	3347	3326	3124	945	2022	3300	1831	3467	1589	2966	3343	687	2020	3014	1850	201	1487	516	1140	2382	2217	2661	2201	3895	3506	3444	2252	2354	2211	291	1311	1224	1500	3553	632	2682	4096	4034	4064	730	1294	911	1836	3815	603	348	2768	2623	3627	1693	808	3770	1281	1915	3102	408	1637	3867	2055	2127	3285	366	2730	3810	699	4012	3395	3767	2825	2991	3433	737	2787	90	1586	1246	2032
168	922	902	198	2887	2420	1783	576	1422	3367	1218	389	1926	1946	2854	3099	2086	3569	227	3666	3984	2515	540	1176	2030	3743	2565	2607	1099	1649	3039	1376	90	543	1884	1378	2584	3888	656	1117	1621	102	2817	3240	2036	1131	2633	695	90	148	4034	4096	289	4050	3031	991	2051	1013	2231	3759	571	360	2569	2447	3061	1714	760	1837	667	161	3590	2784	2733	90	2731	2139	646	3422	2681	2826	2117	1406	2803	2476	1442	3060	2901	3019	1222	255	3419
1608	3560	2706	1832	1242	3378	2348	1678	3710	1633	1768	1093	502	1564	1068	3764	3872	244	3010	2159	2996	3168	1352	1234	1397	191	2538	313	3025	2351	1511	896	112	1451	679	1231	1686	2468	3406	3634	1436	1194	1489	1539	2920	2134	449	246	3825	1822	4064	289	4096	1018	723	722	2550	799	2757	1087	3323	1501	2995	3050	3686	2511	1000	3066	283	1540	820	2307	685	1964	3657	1774	2754	948	2934	1225	3537	2204	1395	3404	2454	90	1119	2228	188	2107	1843
509	3226	271	1220	2273	2862	889	2892	622	1785	3659	2464	676	1762	2884	3340	3206	2416	3203	3996	1420	3944	3856	3689	1655	1858	2128	1290	1677	1720	2024	3142	1265	758	1113	1515	791	3017	3437	3816	175	788	978	2197	2965	265	2930	3787	3734	713	730	4050	1018	4096	420	1632	365	2582	3588	709	3184	3705	882	2124	536	1806	1410	500	2132	2277	2432	1314	1128	3781	2156	1374	364	2619	1538	3890	329	90	1545	878	486	1891	1810	2555	2620	1959	3924
167	1010	2140	3108	220	3405	3057	1199	2089	90	90	1951	3298	1930	751	2045	1107	1331	2141	657	1627	1196	331	2910	3885	1086	3295	3308	3388	3451	1712	2013	1193	519	3005	3046	3883	1581	982	2553	1877	3472	960	1997	2957	143	826	511	2547	3922	1294	3031	723	420	4096	3101	3784	3754	3664	1035	2200	2131	2440	3498	3461	1189	989	2916	602	1236	307	3641	2793	1333	3607	404	476	1365	1883	2258	3838	3360	1215	2213	2907	3041	2165	3748	1319	2164	3625
3198	847	4054	2027	1046	1780	2537	4079	356	1321	932	2047	2972	117	3683	3938	1494	3071	526	736	3423	697	1475	2144	1933	565	2551	1597	3263	2532	3976	3521	192	2478	1322	2843	2259	90	654	1280	3436	3663	525	2667	469	3954	1385	1781	3157	3324	911	991	722	1632	3101	4096	792	90	3169	3596	1728	2481	3355	111	702	1766	2001	3512	547	3239	1803	2605	2789	3261	1963	2508	1268	3742	707	2079	3726	3898	655	2557	336	2609	1357	1235	1353	333	3604
2675	1465	1536	834	1090	3524	2893	104	2238	2245	1492	885	614	787	3574	247	1427	643	1957	320	1522	3998	2467	2021	3463	2936	588	4063	2059	3180	2072	2746	2135	3543	262	2875	156	2598	479	2777	538	1212	631	3707	2717	3614	2486	2745	3188	3459	1836	2051	2550	365	3784	792	4096	3647	1999	2343	556	413	2234	2207	636	1943	1207	2346	2256	2937	881	3338	3645	3795	3396	3351	578	3090	3314	800	2852	90	700	3544	1860	2879	2419	448	2562	2780	2185
3653	764	2237	118	1343	1468	2322	1370	3502	261	2426	2950	3455	3125	398	1599	1069	3708	2085	3606	1259	1450	90	2610	1952	3798	3875	215	750	985	463	754	3528	2647	458	254	3011	2876	3389	4019	3049	1704	2487	1626	648	2809	1388	3346	1767	2683	3815	1013	799	2582	3754	90	3647	4096	2199	1229	268	972	816	4058	587	1272	1155	110	857	620	2301	4060	3445	2677	3181	2839	2498	1114	3425	973	507	855	386	3522	196	1306	582	185	818	2220	2601
4072	3721	830	450	1635	1257	1459	127	623	2990	2853	2725	735	1605	3033	3549	2896	3967	2026	747	544	2102	3567	3617	2455	2260	2251	1448	1455	624	3044	229	3148	670	1116	2386	534	1419	1110	3879	2783	1146	809	4036	1066	2314	2977	2786	1483	2439	603	2231	2757	3588	3664	3169	1999	2199	4096	2849	2938	160	2689	2857	3584	2143	545	90	1262	2215	2872	3000	1213	2068	766	2742	2756	2422	142	721	3846	2358	494	3970	1706	2882	3043	888	2894	1841	1802
278	1901	1058	1089	4059	2958	1819	503	1922	3221	1108	3702	3697	1028	1148	1721	1312	778	1076	710	2294	1602	738	125	1816	1977	774	2838	153	3310	3831	2469	2942	3941	675	1133	2845	3466	963	2424	3556	1335	836	387	1085	731	3224	2890	2856	839	348	3759	1087	709	1035	3596	2343	1229	2849	4096	2000	1286	3703	976	2695	350	1182	1696	1967	682	90	393	2946	668	3993	2046	3135	1953	3161	3121	90	749	3229	1472	3561	406	864	3335	2120	173	2299
2381	1744	2999	522	2627	652	90	3457	3130	1738	2317	1666	803	1862	326	2867	3238	2261	1299	1187	3322	2708	1572	1954	1895	2540	1809	1454	2042	3361	2665	3085	158	1919	97	3591	1383	169	1142	1022	3772	1743	1240	2611	678	3581	2040	1400	2900	1337	2768	571	3323	3184	2200	1728	556	268	2938	2000	4096	3771	2033	1758	3646	2372	301	2873	2505	2345	299	3668	2483	2798	2770	2837	1713	95	1863	2883	979	3860	1037	1251	2994	3376	1275	3994	183	3477	599
1026	2205	3854	464	1885	3736	3488	1053	1656	90	1165	3715	3076	1961	2585	863	1392	1864	2919	1975	3775	1456	639	3800	1323	3365	3254	3959	770	3633	4042	634	1716	90	2433	2533	2387	605	256	3441	1936	1435	2668	1818	2600	2399	1526	3943	2016	3313	2623	360	1501	3705	2131	2481	413	972	160	1286	3771	4096	1151	2430	457	3562	1644	1516	1662	3855	3806	2734	2366	3137	2726	90	601	3370	1078	2010	4075	2953	2150	3597	2227	3904	968	3638	4090	305	2512
2427	2181	2542	3696	579	3618	3907	1219	147	717	2724	3693	3373	1928	3821	90	531	3827	341	1181	1153	920	3547	3886	1687	1476	2179	2007	1950	1520	1555	2801	1124	3812	1134	1081	1157	2759	3478	2418	3728	2549	3828	3887	1835	1297	3144	3526	3293	974	3627	2569	2995	882	2440	3355	2234	816	2689	3703	2033	1151	4096	1249	453	3605	432	4073	1521	501	2324	1340	3804	90	812	3972	2333	2407	328	1840	3342	1490	3615	1097	1484	3414	2816	2507	1578	90	2214
3679	2799	2781	2766	1689	3470	2087	2564	3583	2614	3926	535	1535	3731	520	2405	2243	324	2080	2411	3631	928	692	2222	1327	3558	226	1898	505	1040	352	2769	1623	498	2575	3836	1697	949	3658	1188	2025	452	783	4077	720	1722	2066	1348	2019	2983	1693	2447	3050	2124	3498	111	2207	4058	2857	976	1758	2430	1249	4096	951	4047	612	1732	2008	3171	694	339	3468	1710	1461	482	1651	2579	1854	2183	1700	1724	309	1641	381	2806	1326	90	243	2530	2311
484	293	616	231	3916	1064	90	3153	2645	2074	2548	2318	343	3681	1264	3718	2589	2563	325	2536	3027	1691	1559	3420	1499	237	712	1359	2268	1912	2310	2473	2474	3768	3884	3995	3092	2650	2065	585	3621	3434	1079	2765	363	411	2014	3519	2698	2130	808	3061	3686	536	3461	702	636	587	3584	2695	3646	457	453	951	4096	2823	2923	2479	2578	3776	251	3450	2961	2445	3698	1439	572	1266	3252	918	377	827	141	290	3276	3274	2606	971	2319	2057	805
3724	786	2383	2488	1287	2367	4057	90	319	2715	3722	647	1811	1612	1844	2149	3473	2300	566	2219	3193	3840	914	190	3336	3186	4056	1878	1565	1423	90	559	3118	3443	1203	422	1847	653	1904	977	3920	1255	3830	835	1458	1369	3290	2194	3178	4021	3770	1714	2511	1806	1189	1766	1943	1272	2143	350	2372	3562	3605	4047	2823	4096	2406	1701	592	3227	674	369	1679	1791	263	2804	90	765	1729	3141	260	1692	3780	311	1425	2821	1820	899	3785	3586	2842
776	966	90	3640	1111	2755	3302	2329	2496	1071	2772	3871	3644	1747	617	3448	3094	3700	3435	222	470	894	939	3246	2764	1987	90	2293	2814	3504	2137	1391	371	1141	2693	3541	3117	90	2878	514	2337	2385	306	1830	3080	3650	2327	2443	1588	287	1281	760	1000	1410	989	2001	1207	1155	545	1182	301	1644	432	612	2923	2406	4096	456	3250	418	891	90	3782	1873	810	3334	3398	3366	958	930	1561	151	2752	219	2618	2162	1853	3546	4065	1745	1838
912	1190	3212	2484	1446	3237	90	1003	2458	3412	2425	1120	2129	1471	528	1320	1329	239	3794	1130	2398	2492	3183	3933	2644	1867	3325	1908	870	282	1994	1746	2744	3955	2750	1667	777	2861	4033	748	1543	3103	370	203	3843	2811	3382	1309	1570	1208	1915	1837	3066	500	2916	3512	2346	110	90	1696	2873	1516	4073	1732	2479	1701	456	4096	2315	3637	1473	905	2347	3908	1582	3667	4025	2434	2169	1897	2592	3580	90	90	3628	2173	2659	1055	3476	4083	1547
4031	2552	814	3820	228	1715	3128	961	2431	3216	157	2070	90	3256	346	295	2519	402	3651	3132	2935	3309	2827	2959	3002	3150	597	2980	3260	416	1523	3992	2180	523	2802	412	3136	2284	1974	1074	3719	1663	204	887	2711	2303	2053	521	3189	1529	3102	667	283	2132	602	547	2256	857	1262	1967	2505	1662	1521	2008	2578	592	3250	2315	4096	144	2583	2973	2326	3534	107	2388	2206	2535	115	2451	439	4010	3826	1947	3548	2428	1426	3244	615	3096	1571
781	929	2320	824	253	3925	430	1509	493	2774	2482	2539	1537	2283	2212	3973	2264	2503	90	841	2279	3241	425	184	1048	252	454	1794	2281	2625	1233	1777	3082	2081	90	2556	1931	288	3289	1217	3761	1405	1214	4044	90	3765	3418	3896	3296	753	408	161	1540	2277	1236	3239	2937	620	2215	682	2345	3855	501	3171	3776	3227	418	3637	144	4096	1464	1642	825	873	3474	2342	90	2989	1886	207	2951	199	1029	1650	965	3790	1015	2818	3007	1918	3900
2115	90	1284	892	1384	2712	3248	3264	2493	859	2003	983	1479	2829	414	869	1730	2421	759	940	1453	3038	969	1955	1859	1723	1548	3438	2840	2116	1201	90	3174	512	3070	542	2412	1757	1288	4089	3744	90	1073	771	303	1411	2931	2841	428	821	1637	3590	820	2432	307	1803	881	2301	2872	90	299	3806	2324	694	251	674	891	1473	2583	1464	4096	2868	1876	1956	583	3225	1432	3517	1347	2796	1101	1366	379	3503	2125	1880	3482	2461	2052	359	2895
849	3268	2824	3829	933	745	357	1939	2833	662	1507	496	2866	1856	2221	3481	2709	3675	2859	3824	3337	3557	2494	1032	3454	1750	3971	1800	2621	3788	3058	3571	833	1562	2543	2642	2662	2195	1786	665	2158	677	1177	890	3986	3803	1393	2560	2719	557	3867	2784	2307	1314	3641	2605	3338	4060	3000	393	3668	2734	1340	339	3450	369	90	905	2973	1642	2868	4096	1051	1276	1996	1991	2450	598	1167	1021	2992	1428	1914	2566	1389	3833	3687	335	1209	3921	332
1552	1358	4009	1143	3582	1024	2270	1629	3475	314	1829	264	136	2805	3527	1631	218	233	1368	1549	465	2097	1104	842	1349	4043	145	944	2170	4092	1122	3980	3491	1937	1917	1505	1949	90	704	901	1669	1553	3629	1771	3073	2230	1328	2954	3272	2142	2055	2733	685	1128	2793	2789	3645	3445	1213	2946	2483	2366	3804	3468	2961	1679	3782	2347	2326	825	1876	1051	4096	3387	3932	3881	3146	2413	1488	2979	415	2858	3149	3811	1813	1115	3374	3927	3868	734	3930
2670	3515	1528	2987	3479	3911	3452	3402	4002	3511	727	1121	796	527	353	1709	2186	2248	2641	3126	2438	2831	1317	101	1647	1009	2737	176	2394	1585	3766	3496	573	3630	3791	322	3219	3202	1126	2067	3492	1438	3218	2114	1457	2558	3001	1279	3575	625	2127	90	1964	3781	1333	3261	3795	2677	2068	668	2798	3137	90	1710	2445	1791	1873	3908	3534	873	1956	1276	3387	4096	1976	2676	106	3012	822	2075	539	2651	2947	3006	3487	2403	3960	1200	472	1748	3563
1293	90	1815	3649	964	2035	1736	1761	664	950	1611	1607	1695	533	1271	1932	4014	1256	1156	763	934	3953	405	3008	2376	3755	990	2830	3578	4027	1346	1660	1992	1504	3665	2395	3368	499	2800	3151	1544	1491	1534	3089	688	3505	3669	2004	3662	510	3285	2731	3657	2156	3607	1963	3396	3181	766	3993	2770	2726	812	1461	3698	263	810	1582	107	3474	583	1996	3932	1976	4096	1887	3232	698	3619	804	3316	2604	2282	2580	1846	1019	4053	3878	2506	3040	90
3267	275	1587	388	3410	2628	2544	189	554	338	2678	3018	2928	3133	724	1527	2785	1057	3532	1680	3311	768	1620	99	711	1752	1790	3643	2688	645	2581	1993	999	2147	1726	3207	2312	829	1770	3490	729	755	1244	361	2855	1136	3660	3165	2099	903	366	2139	1774	1374	404	2508	3351	2839	2742	2046	2837	90	3972	482	1439	2804	3334	3667	2388	2342	3225	1991	3881	2676	1887	4096	2696	732	2905	1139	666	937	3356	1248	1381	138	3191	1202	2844	1364	91
163	1390	2646	1252	1740	395	3648	3200	2631	2091	2044	1574	1546	938	2850	3520	212	3891	2151	1204	3072	1295	487	2456	3318	1903	3801	3283	1717	1934	1164	3291	1604	257	3670	3122	2727	2229	3573	1184	3372	1230	1409	1421	3538	1907	1481	280	618	2232	2730	646	2754	364	476	1268	578	2498	2756	3135	1713	601	2333	1651	572	90	3398	4025	2206	90	1432	2450	3146	106	3232	2696	4096	2504	513	274	3611	1506	217	895	3350	1568	931	105	3545	1609	2336
860	1799	2509	1313	2077	910	3706	3194	4026	2921	3672	1469	3716	2306	2939	3542	3119	4028	362	1270	708	2098	3023	1852	90	3129	1782	1161	90	2289	1100	2209	2039	3243	3688	3139	205	4008	3483	1077	1302	904	3928	1095	3469	2423	1827	2788	382	3271	3810	3422	948	2619	1365	3742	3090	1114	2422	1953	95	3370	2407	2579	1266	765	3366	2434	2535	2989	3517	598	2413	3012	698	732	2504	4096	3844	952	3009	224	3961	90	2835	3056	3609	140	3507	504	3936
3552	2339	1443	3199	693	249	801	3230	1913	3190	649	2389	1253	1541	3554	3439	858	2513	866	3015	2760	90	4015	90	3113	672	1622	166	3989	3935	1154	3095	3987	716	3442	1041	2716	1183	1554	433	3713	2984	986	194	629	2656	2597	294	595	2871	699	2681	2934	1538	1883	707	3314	3425	142	3161	1863	1078	328	1854	3252	1729	958	2169	115	1886	1347	1167	1488	822	3619	2905	513	3844	4096	1927	3259	874	865	2832	3674	908	2023	208	1278	811	2988
132	3317	1888	3750	919	90	2113	2278	1872	2302	3493	2480	2049	3931	3051	1595	1006	1731	4066	3701	2048	1868	178	1145	1445	2596	658	2265	488	2795	1707	853	1512	230	3655	2571	2525	683	310	2103	580	1659	385	2634	2897	1705	650	443	3622	3889	4012	2826	1225	3890	2258	2079	800	973	721	3121	2883	2010	1840	2183	918	3141	930	1897	2451	207	2796	1021	2979	2075	804	1139	274	952	1927	4096	1034	2090	3513	334	481	90	992	409	2616	3166	3589
375	2588	663	1814	2362	1739	2978	4030	3508	2462	984	90	399	3428	3749	3539	4038	4035	98	846	947	3536	4094	3201	2374	137	1804	1833	2976	2639	3737	245	3969	1624	2233	1857	90	3028	1408	3273	604	302	2828	1001	3462	211	3004	1303	921	3327	3395	2117	3537	329	3838	3726	2852	507	3846	90	979	4075	3342	1700	377	260	1561	2592	439	2951	1101	2992	415	539	3316	666	3611	3009	3259	1034	4096	1470	1580	3678	3164	1911	988	2323	998	2635	419
1648	2449	1403	438	3391	1684	2064	2943	2561	90	2331	2291	3978	2290	2812	993	1942	1477	490	2847	4024	2126	170	862	3282	2357	1033	819	421	1616	1968	2792	3301	2586	1675	3738	2104	2344	3901	347	1444	3020	2658	530	828	2632	2819	2356	1355	2963	3767	1406	2204	90	3360	3898	90	855	2358	749	3860	2953	1490	1724	827	1692	151	3580	4010	199	1366	1428	2858	2651	2604	937	1506	224	874	2090	1470	4096	2626	767	475	4013	3369	3447	2782	2491	2061
1821	3320	442	1801	561	1982	2638	2446	1083	3510	1807	3068	1940	2877	2914	4086	3529	861	1367	2982	844	2501	2063	2247	610	2981	1223	2691	2570	397	2298	2813	3348	3362	3155	1478	401	1688	308	1094	2927	2133	3187	3853	1172	1787	238	3329	1784	3088	2825	2803	1395	1545	1215	655	700	386	494	3229	1037	2150	3615	309	141	3780	2752	90	3826	1029	379	1914	3149	2947	2282	3356	217	3961	865	3513	1580	2626	4096	2295	4070	981	2034	1338	3021	3030	1132
1149	337	3143	2702	1896	3616	214	1638	1941	3756	3939	2377	1075	2011	2396	2528	3792	1973	2271	1606	1542	2444	2671	2603	4087	3034	4093	195	2918	2736	2541	1591	2267	793	210	2526	3233	172	3858	2246	2908	954	2499	3408	856	1519	187	1382	2341	3592	2991	2476	3404	878	2213	2557	3544	3522	3970	1472	1251	3597	1097	1641	290	311	219	90	1947	1650	3503	2566	3811	3006	2580	1248	895	90	2832	334	3678	767	2295	4096	606	2748	2031	3540	90	3064	2058
2738	146	200	3740	2775	3315	159	90	1719	917	3525	4085	1685	875	152	1645	468	423	1879	3208	1699	1238	2263	1404	3892	1708	2898	3114	2699	1463	1289	3465	1590	2643	1380	1007	1300	2037	2758	2490	113	1159	321	3834	3919	784	90	2452	3383	1394	3433	1442	2454	486	2907	336	1860	196	1706	3561	2994	2227	1484	381	3276	1425	2618	3628	3548	965	2125	1389	1813	3487	1846	1381	3350	2835	3674	481	3164	475	4070	606	4096	342	3807	1760	893	2112	1797
3711	1103	90	90	3863	242	1636	2945	4007	3570	3983	186	3215	2371	90	3809	236	1845	2720	3278	3175	3974	2235	740	995	3303	2663	2332	340	2084	802	3204	562	2218	815	3819	3480	871	3837	2225	3691	2915	4076	907	2071	3407	4023	3747	3730	1765	737	3060	90	1891	3041	2609	2879	1306	2882	406	3376	3904	3414	2806	3274	2821	2162	2173	2428	3790	1880	3833	1115	2403	1019	138	1568	3056	908	90	1911	4013	981	2748	342	4096	495	3940	266	3131	1241
2069	2863	3957	2145	2697	90	2808	2679	2442	3159	3902	2242	2041	2834	241	3746	3509	706	2340	3217	3185	756	1416	2054	3258	2178	223	1105	1921	436	3024	568	2741	3639	351	613	1016	1965	3078	2244	3172	3371	1318	277	3022	3677	1023	1866	3077	1902	2787	2901	1119	1810	2165	1357	2419	582	3043	864	1275	968	2816	1326	2606	1820	1853	2659	1426	1015	3482	3687	3374	3960	4053	3191	931	3609	2023	992	988	3369	2034	2031	3807	495	4096	3179	2864	1310	1989
3848	1530	2391	1495	1031	3394	3297	2275	1792	383	879	2932	2274	2154	3599	2189	3789	886	1004	3751	435	1788	3850	1703	957	2304	2971	248	2820	2703	3421	392	3377	2121	100	90	1948	593	1210	1474	126	2269	1226	90	3533	2527	1160	789	642	552	90	3019	2228	2555	3748	1235	448	185	888	3335	3994	3638	2507	90	971	899	3546	1055	3244	2818	2461	335	3927	1200	3878	1202	105	140	208	409	2323	3447	1338	3540	1760	3940	3179	4096	3471	182	703
1163	1962	850	3699	3107	2050	300	1681	1652	1379	1851	1387	2119	3140	2018	3353	2118	4082	943	384	1356	270	2674	2174	279	594	640	3495	459	3386	1261	1653	1909	953	2257	2524	3862	2073	2899	2093	515	4017	797	4069	2652	480	3288	2095	506	1460	1586	1222	188	2620	1319	1353	2562	818	2894	2120	183	4090	1578	243	2319	3785	4065	3476	615	3007	2052	1209	3868	472	2506	2844	3545	3507	1278	2616	998	2782	3021	90	893	266	2864	3471	4096	560	155
1735	1751	1834	1186	3555	292	3069	1672	845	2749	2911	2177	4046	680	1109	4071	1415	1129	2309	1870	3234	3196	417	3568	1584	626	2216	2970	3530	4078	2316	2082	2865	3857	206	2903	4016	1929	3956	3572	2949	3962	3047	2167	130	3093	936	235	1532	2457	1246	255	2107	1959	2164	333	2780	2220	1841	173	3477	305	90	2530	2057	3586	1745	4083	3096	1918	359	3921	734	1748	3040	1364	1609	504	811	3166	2635	2491	3030	3064	2112	3131	1310	182	560	4096	3745
997	3265	2208	2239	3671	690	1437	2694	434	2203	2459	1282	90	285	628	3709	3029	1118	2288	1566	739	2574	1433	3729	3676	3304	3531	3062	286	1138	3550	1892	1144	2334	90	2740	103	673	1906	1776	407	1052	3950	2415	3739	4003	3786	2017	570	3636	2032	3419	1843	3924	3625	3604	2185	2601	1802	2299	599	2512	2214	2311	805	2842	1838	1547	1571	3900	2895	332	3930	3563	90	91	2336	3936	2988	3589	419	2061	1132	2058	1797	1241	1989	703	155	3745	4096
