3241	589	2696	80	2907	2741	2365	1511	1963	84	2379	2022	1075	1134	400	2997	680	423	80	2380	1476	2045	1956	1260	2634	949	2078	1500	691	1383	1265	303	3119	618	2453	2459	2649	3099	1062	1506	2655	80	1779	2957	1722	2530	2399	2270	972	2256	355	2504	1733	1169	843	1617	2507	2673	332	2604	80	2355	2510	3160	2867	603	263	2197	2947	307	1576	1637	3118	1874	1032	1953	818	1341	1753	230	2062
589	3241	2742	202	2740	389	2394	366	2258	1909	1046	2645	2522	814	2710	580	1938	2000	853	2324	2315	2760	2557	1813	2053	1464	1457	2658	2363	637	2958	2140	334	2027	2155	2413	862	80	2146	1361	2513	80	1088	1613	2084	3072	421	3084	1721	2265	1671	563	1636	378	872	768	1340	1992	2098	1730	1763	2514	2219	3033	1528	804	558	2924	296	324	1503	1568	1624	852	80	2626	2489	1771	2814	652	1937
2696	2742	3241	2643	581	1942	2021	2757	1416	85	2460	1164	758	642	1003	781	1601	1424	1189	525	1861	506	2511	2938	1428	697	110	2077	2142	483	612	3109	1283	97	541	2656	2815	206	729	1663	1027	1115	337	80	327	1978	2463	1557	2490	2714	438	1069	1767	1162	1622	2280	785	276	2739	897	1132	2106	734	1728	1884	948	1562	1782	2914	698	2254	1286	2516	704	1883	1514	2609	783	2776	1759	1369
80	202	2643	3241	584	1048	2970	2936	713	2072	2011	1252	1389	993	2988	306	2602	1862	3173	2334	1943	1854	1267	648	561	80	1583	2488	2922	157	2819	2165	1292	1397	1908	244	1175	1980	80	1894	1065	2115	2049	1693	2700	1433	489	1350	3139	3034	801	2486	2974	819	2654	2800	1840	1817	2451	2126	2784	208	1390	180	1051	969	387	2452	2239	2147	1695	2109	2310	2013	2042	1126	798	341	1130	390	2840
2907	2740	581	584	3241	1971	3204	2169	532	1280	1458	2886	3003	1885	614	566	2060	2150	2521	3079	2834	1444	1355	108	1905	504	470	2737	3236	1527	1994	234	2050	2983	1222	1060	2018	1960	693	727	1534	2462	1723	1618	1873	579	3114	1053	840	1587	1998	2289	609	2865	1125	314	1967	3067	1947	2353	878	1936	1117	80	1593	935	1531	160	789	1609	2855	2415	1786	349	1026	542	1600	524	3057	484	2786
2741	389	1942	1048	1971	3241	80	441	112	838	3087	396	151	2613	827	527	815	1659	2314	444	3035	2003	1322	3137	1818	2804	988	2679	1366	3129	2620	2113	679	364	2637	664	3073	2369	80	212	1910	2144	547	224	439	899	883	80	1166	3014	1073	1487	80	699	186	1236	490	521	309	1460	834	1426	2092	1253	2381	2994	760	2979	1827	2711	250	2933	1530	1769	2359	2763	3131	2732	2752	1025	3155
2365	2394	2021	2970	3204	80	3241	398	607	458	1615	2040	1349	216	749	1787	1079	1993	914	2749	1832	2245	3078	2145	2916	343	582	620	1841	2642	997	183	1295	352	1437	3202	2893	3096	1074	2308	627	1515	313	3182	134	1276	3218	2208	3102	1184	1752	3020	1793	888	1367	1801	272	1627	2190	1973	551	1320	1979	2636	3132	91	119	1157	2392	2640	835	1258	2859	2139	3171	2076	2101	2211	1303	2416	2086
1511	366	2757	2936	2169	441	398	3241	2017	2704	786	1034	759	726	807	2102	1649	2525	2603	672	2515	1867	1836	2383	1017	270	539	3077	2196	2665	3069	1010	1001	1400	1737	2881	80	2862	3195	2238	1519	885	2156	2728	502	1054	920	528	2388	559	619	744	2364	229	795	1987	3068	2173	535	1139	2344	3198	1182	1964	639	126	2201	2249	1492	392	979	286	295	965	236	437	1141	1916	724	2943	649
1963	2258	1416	713	532	112	607	2017	3241	95	1957	1207	890	1163	1676	1551	80	2302	271	2427	1159	443	2806	2294	1972	1194	3085	2828	2407	2791	1098	2670	1822	3105	553	944	436	903	806	3228	3120	2789	1232	2950	1770	1015	2068	645	140	3175	358	3143	2795	3180	1507	3094	283	2538	2680	80	1954	1775	1532	1364	2751	3062	556	1647	2128	2877	1535	2151	1921	1160	408	1743	1850	2731	1246	1991	1533
84	1909	85	2072	1280	838	458	2704	95	3241	448	348	710	1768	1296	879	1544	312	1777	1961	1195	1086	1173	2129	203	1788	660	1896	454	1176	1621	1578	1929	2090	950	3190	1337	102	2180	451	2455	1520	2441	2896	2805	989	3133	1149	2299	1012	1152	2908	588	3130	3019	2340	2523	2235	184	821	628	359	153	2890	2944	2579	1024	519	2911	2471	796	1870	2998	1459	2533	2366	80	118	80	2374	1429
2379	1046	2460	2011	1458	3087	1615	786	1957	448	3241	1687	1425	2524	3017	2543	3083	1628	2008	931	1807	455	1050	685	740	197	3076	2596	3092	113	1631	2610	1619	578	756	2856	3141	3066	2411	80	2051	640	788	676	2166	2726	1172	1467	2124	2616	1273	1760	1703	80	2744	2905	220	1124	523	2615	967	1570	2232	2860	1244	2931	1699	2787	3225	1391	1692	951	2221	1376	3058	1103	2685	3150	1983	479	2015
2022	2645	1164	1252	2886	396	2040	1034	1207	348	1687	3241	319	2676	1831	135	1789	2721	1144	1778	386	569	568	1913	284	2697	2401	1902	741	1064	2693	2014	1726	933	1298	3179	3097	2869	2627	1140	2575	2250	2790	1754	836	731	3194	2605	1052	1039	630	1561	308	3144	3136	708	404	869	1417	2801	1101	80	1811	143	608	2261	3027	2508	114	1673	1794	2695	1614	3235	450	632	1465	984	3116	80	1263
1075	2522	758	1389	3003	151	1349	759	890	710	1425	319	3241	2750	1006	2480	1013	763	2071	80	907	2134	1089	422	2713	2797	1313	945	616	1899	1240	260	2183	2322	1643	653	2069	288	2946	235	1016	757	633	739	1030	1035	596	1508	2565	2120	909	887	2517	728	2820	593	2339	657	1301	1018	2227	2625	2661	1892	1757	1362	1215	207	3199	590	2343	3065	80	2185	673	1537	2175	2240	2277	3015	2861
1134	814	642	993	1885	2613	216	726	1163	1768	2524	2676	2750	3241	1974	3047	1889	2474	2537	513	1174	430	960	3030	1880	1308	1697	544	881	3089	1865	318	80	752	2475	1691	2457	2095	1548	867	2191	809	3126	1848	2170	512	2880	3201	2978	1432	188	1577	1981	509	2141	3125	2723	2091	3203	2048	2434	3053	3159	3148	1654	651	886	2872	2429	1709	1377	953	420	634	1735	2119	340	1300	282	377	169
400	2710	1003	2988	614	827	749	807	1676	1296	3017	1831	1006	1974	3241	2318	1653	912	3106	1110	452	1917	2237	2996	570	2468	769	2687	322	1486	2445	991	1497	1939	2965	3049	2659	1959	2382	1986	2987	1851	259	1882	144	2767	2632	1480	193	2370	1773	2854	1579	247	1033	3128	2738	3166	132	1109	1847	966	748	2898	476	2316	2748	3101	1675	2913	1249	874	3189	2764	606	1901	80	351	629	765	2817
2997	580	781	306	566	527	1787	2102	1551	879	2543	135	2480	3047	2318	3241	2409	2263	384	304	1234	1586	345	686	1875	1374	281	658	2803	530	1040	2498	3239	219	1202	1285	1668	974	1681	449	346	2915	2906	2712	243	1800	152	80	926	347	2393	898	1536	326	1969	860	474	621	80	137	2198	3210	1066	478	128	80	431	1414	1434	766	723	624	2743	717	492	117	2623	1835	3037	1741	1655
680	1938	1601	2602	2060	815	1079	1649	80	1544	3083	1789	1013	1889	1653	2409	3241	2674	2560	217	488	611	1356	339	2127	597	3123	2573	1887	849	158	1595	2966	3138	80	592	531	557	2009	1678	1254	2883	1644	2424	1395	3029	613	311	1685	465	80	831	380	548	2002	1872	1501	1946	501	2857	662	1869	3145	371	3111	3095	1170	2030	463	211	1319	2707	460	1274	743	2729	917	925	805	179	610
423	2000	1424	1862	2150	1659	1993	2525	2302	312	1628	2721	763	2474	912	2263	2674	3241	2349	1716	829	1200	3186	1058	2927	80	2442	3022	1455	2722	1842	1630	782	859	1346	1307	1547	1762	2666	279	2456	2274	2491	1251	2010	2559	2715	1097	1815	80	2377	3215	1087	1504	1011	1185	242	1099	799	124	668	2889	2532	1512	2298	149	1351	1606	1471	2542	200	130	1108	447	1178	2035	3154	1382	142	738	1837
80	853	1189	3173	2521	2314	914	2603	271	1777	2008	1144	2071	2537	3106	384	2560	2349	3241	2390	3169	2662	1009	1339	1952	1648	2611	1293	1834	1112	350	2563	1674	1920	3104	264	774	3050	1147	2825	703	2853	644	2850	1911	2433	493	2043	2296	1749	2932	1379	1720	922	2612	3004	1958	1966	2813	870	2594	3024	2589	3214	3191	808	2920	3040	2028	191	1439	2678	2137	1694	2371	565	2205	165	2895	1696	1665
2380	2324	525	2334	3079	444	2749	672	2427	1961	931	1778	80	513	1110	304	217	1716	2390	3241	2417	1866	1635	1372	3016	2956	2158	1143	1352	1325	3059	2902	3000	866	549	1616	1187	1658	2439	315	850	2497	2226	2058	399	1452	2218	1388	2664	2980	1493	1212	2143	893	299	2437	1785	3193	2969	1113	409	719	721	2472	1839	1412	1056	1129	335	424	1399	733	2133	2356	882	1780	495	1450	2295	1523	990
1476	2315	1861	1943	2834	3035	1832	2515	1159	1195	1807	386	907	1174	452	1234	488	829	3169	2417	3241	1529	1422	104	80	1410	1589	262	201	178	1712	491	1688	2699	2586	2745	1585	646	2528	1111	122	3107	3233	2716	80	80	1381	2539	848	939	1950	1041	1398	1104	496	2823	1633	1607	936	1705	1135	1363	2631	1949	2425	1302	1891	1977	2104	2403	3167	2055	2422	1357	1239	1281	227	1640	2194	1435	3036
2045	2760	506	1854	1444	2003	2245	1867	443	1086	455	569	2134	430	1917	1586	611	1200	2662	1866	1529	3241	2660	1670	92	2885	2547	1930	1385	2309	1713	3220	80	275	1799	690	1123	136	2088	258	1443	2904	2007	711	1810	1591	1304	2500	3026	1156	2421	1826	2346	2375	928	3208	2574	538	747	915	3124	2376	737	623	2368	595	2362	2550	3011	842	2555	2036	2600	2317	1305	2178	86	601	2930	2641	696
1956	2557	2511	1267	1355	1322	3078	1836	2806	1173	1050	568	1089	960	2237	345	1356	3186	1009	1635	1422	2660	3241	2531	1989	2217	367	1945	171	123	735	3174	2495	2720	80	1518	2639	2004	3234	3231	2285	2066	2177	3110	1022	3184	1466	1479	2681	344	767	1657	2089	1893	1004	905	1934	1477	1878	2955	1646	2438	2692	1951	1641	2262	1036	2135	778	2350	2067	2735	889	401	667	1165	947	552	2082	2529	2838
1260	1813	2938	648	108	3137	2145	2383	2294	2129	685	1913	422	3030	2996	686	339	1058	1339	1372	104	1670	2531	3241	1329	2269	80	1106	1751	1645	1521	884	1137	459	1806	1242	2391	968	2408	1449	1121	1772	1229	3192	1642	508	868	1393	80	643	2535	369	1502	1373	2494	2545	3185	959	223	1907	1859	1118	3230	2251	2849	80	971	2168	3157	1774	2423	1005	964	2312	983	80	1344	1744	2778	514	2888
2634	2053	1428	561	1905	1818	2916	1017	1972	203	740	284	2713	1880	570	1875	2127	2927	1952	3016	80	92	1989	1329	3241	1000	1168	961	1897	310	2470	1574	904	1664	1727	1220	900	2617	3071	625	2167	1984	1406	1970	987	379	636	1602	2638	2892	1821	80	1791	2894	3117	2876	407	2651	1995	1554	2430	605	1864	94	1447	1564	2812	2793	604	1542	2759	187	80	2595	1217	1331	323	3010	1612	294	1188
949	1464	697	80	504	2804	343	270	1194	1788	197	2697	2797	1308	2468	1374	597	80	1648	2956	1410	2885	2217	2269	1000	3241	1560	1208	1250	837	1332	1107	2247	1080	1420	3042	2449	622	2405	2827	1597	90	494	3162	1456	585	537	461	545	1509	500	1478	812	2858	3222	80	2939	2385	1710	2241	1852	2518	1707	1049	784	3229	828	3045	800	245	2266	1652	411	80	1474	2059	626	1221	522	2331	1384
2078	1457	110	1583	470	988	582	539	3085	660	3076	2401	1313	1697	769	281	3123	2442	2611	2158	1589	2547	367	80	1168	1560	3241	1845	678	823	1555	2809	2428	3063	2653	228	1146	946	159	755	1489	1750	2244	1037	147	647	1116	1059	2253	2706	2937	1886	1077	196	1287	846	954	2025	873	362	1247	2186	587	2006	2148	81	2481	1411	1365	1105	902	2879	2554	2592	746	1072	2162	555	1608	2899	287
1500	2658	2077	2488	2737	2679	620	3077	2828	1896	2596	1902	945	544	2687	658	2573	3022	1293	1143	262	1930	1945	1106	961	1208	1845	3241	2159	2395	365	80	2192	2499	1856	1210	1516	2807	2271	2220	2467	2572	3217	1343	2544	3081	99	3103	833	1682	2222	2768	1216	1881	1580	2719	2213	2418	226	1318	1819	1380	3147	100	2210	1469	80	475	1463	251	2633	2329	1453	1499	2601	2875	2372	233	1719	1690	1213
691	2363	2142	2922	3236	1366	1841	2196	2407	454	3092	741	616	881	322	2803	1887	1455	1834	1352	201	1385	171	1751	1897	1250	678	2159	3241	1599	103	1996	1604	826	2281	956	942	1014	2677	3216	1522	3093	2959	982	1431	3163	992	338	1912	2527	2747	702	2667	2984	2562	586	2551	278	88	301	1524	2564	1539	1243	125	2766	3153	1475	3023	715	115	714	2552	1214	2473	2671	80	2477	820	2833	154
1383	637	483	157	1527	3129	2642	2665	2791	1176	113	1064	1899	3089	1486	530	849	2722	1112	1325	178	2309	123	1645	310	837	823	2395	1599	3241	1725	1186	2992	659	265	1853	80	2975	1266	181	3112	2918	1257	2153	1481	963	3041	357	2278	1748	2209	554	754	2419	402	141	669	716	2057	2199	2870	3213	2771	1918	289	1545	2733	2990	2231	231	958	3221	1517	1988	505	1814	462	167	176	2435	510
1265	2958	612	2819	1994	2620	997	3069	1098	1621	1631	2693	1240	1865	2445	1040	158	1842	350	3059	1712	1713	735	1521	2470	1332	1555	365	103	1725	3241	995	1342	105	2912	383	2755	2260	1461	1068	3134	794	1472	80	2826	2758	1081	1556	471	1651	2686	689	3156	2648	2725	930	2973	80	2386	955	2313	2188	2447	3122	1224	218	2414	393	921	1279	2243	706	793	249	1438	2843	155	1321	80	1271	2618
303	2140	3109	2165	234	2113	183	1010	2670	1578	2610	2014	260	318	991	2498	1595	1630	2563	2902	491	3220	3174	884	1574	1107	2809	80	1996	1186	995	3241	1462	1808	198	1294	1133	175	1784	1558	1903	2874	518	222	2132	1445	2056	150	650	1976	929	2951	529	2440	2464	405	1498	2125	3200	2047	1746	654	3074	2214	2412	2734	1289	943	1745	2215	2993	2157	2367	1747	1563	1314	166	1326	2986	1419	1677
3119	334	1283	1292	2050	679	1295	1001	1822	1929	1619	1726	2183	80	1497	3239	2966	782	1674	3000	1688	80	2495	1137	904	2247	2428	2192	1604	2992	1342	1462	3241	1816	1830	172	293	1193	3183	1119	356	2176	1656	2561	3100	2799	2566	80	2187	2583	1549	464	1272	1802	839	2085	93	2864	817	1371	2404	2647	2708	822	594	2163	2236	2282	2465	1660	80	210	80	857	2962	3091	239	1962	1968	2081	2347
618	2027	97	1397	2983	364	352	1400	3105	2090	578	933	2322	752	1939	219	3138	859	1920	866	2699	275	2720	459	1664	1080	3063	2499	826	659	105	1808	1816	3241	1262	3060	2964	2410	564	871	1829	2065	2044	3211	2152	1820	638	80	1226	880	3108	1043	1021	976	1044	2402	1306	2556	1338	536	770	1985	1442	1218	2103	602	3012	373	1204	2284	388	1955	2727	2234	2333	1541	854	333	1639	683	1256
2453	2155	541	1908	1222	2637	1437	1737	553	950	756	1298	1643	2475	2965	1202	80	1346	3104	549	2586	1799	80	1806	1727	1420	2653	1856	2281	265	2912	198	1830	1262	3241	2398	1925	2836	1738	2466	2099	2866	80	2599	2087	2272	2607	101	2754	1550	1415	3039	2580	635	981	1114	712	1781	2540	1632	832	2114	973	941	1264	1559	2160	2229	1689	2960	1797	3168	2202	1683	2585	414	745	2358	2761	2822	773
2459	2413	2656	244	1060	664	3202	2881	944	3190	2856	3179	653	1691	3049	1285	592	1307	264	1616	2745	690	1518	1242	1220	3042	228	1210	956	1853	383	1294	172	3060	2398	3241	277	2046	138	2548	1315	375	847	994	641	2337	1919	291	1430	2837	2304	1083	2769	1219	2753	762	2172	2779	2267	1255	3052	80	2608	316	3164	2203	1268	2842	2765	2534	2783	2971	2773	456	1638	918	957	1686	1330	674	368
2649	862	2815	1175	2018	3073	2893	80	436	1337	3141	3097	2069	2457	2659	1668	531	1547	774	1187	1585	1123	2639	2391	900	2449	1146	1516	942	80	2755	1133	293	2964	1925	277	3241	261	865	1790	266	2193	998	1334	2016	999	911	1809	1792	182	331	2884	2526	2621	2503	482	80	2019	1237	599	996	1145	1347	2123	1888	3177	2683	2311	2730	1626	298	481	656	695	2352	1076	111	677	1890	2691	466
3099	80	206	1980	1960	2369	3096	2862	903	102	3066	2869	288	2095	1959	974	557	1762	3050	1658	646	136	2004	968	2617	622	946	2807	1014	2975	2260	175	1193	2410	2836	2046	261	3241	844	598	707	1148	1698	1270	3055	2264	342	1540	432	1454	1914	3226	215	127	2206	381	1804	2131	1451	540	2431	675	980	2919	2096	480	2991	2972	3206	426	1328	1154	2061	2384	2798	753	1269	700	1795	736	2354
1062	2146	729	80	693	80	1074	3195	806	2180	2411	2627	2946	1548	2382	1681	2009	2666	1147	2439	2528	2088	3234	2408	3071	2405	159	2271	2677	1266	1461	1784	3183	564	1738	138	865	844	3241	572	80	515	499	3161	2397	1063	924	2179	3240	730	916	2228	684	363	2989	1404	2780	1446	2999	2689	1858	1485	2479	2268	3238	1085	2882	2357	1100	237	225	1915	1275	816	372	321	2138	750	2038	3013	1230
1506	1361	1663	1894	727	212	2308	2238	3228	451	80	1140	235	867	1986	449	1678	279	2825	315	1111	258	3231	1449	625	2827	755	2220	3216	181	1068	1558	1119	871	2466	2548	1790	598	572	3241	2259	615	2945	1227	1470	1095	3031	2792	2483	1729	863	1629	2112	3170	1724	1611	507	1526	1136	3212	3140	2782	3223	80	1704	2020	855	940	329	2432	120	1605	1898	89	1002	1803	3187	2290	1153	2644	792
2655	2513	1027	1065	1534	1910	627	1519	3120	2455	2051	2575	1016	2191	2987	346	1254	2456	703	850	122	1443	2285	1121	2167	1597	1489	2467	1522	3112	3134	1903	356	1829	2099	1315	266	707	80	2259	3241	3038	2824	2690	3075	1610	2794	3090	516	705	1171	2328	2389	2306	2917	274	174	1096	2286	3158	374	486	2863	1931	2273	254	2171	139	292	2549	300	2546	1923	2925	1999	190	3064	497	791	2591	851
80	80	1115	2115	2462	2144	1515	885	2789	1520	640	2250	757	809	1851	2915	2883	2274	2853	2497	3107	2904	2066	1772	1984	90	1750	2572	3093	2918	794	2874	2176	2065	2866	375	2193	1148	515	615	3038	3241	2841	1223	2584	185	2052	1409	1944	938	3219	1997	1592	2075	701	2242	1008	1418	908	1844	1284	2657	952	336	1191	2255	257	666	573	2900	1090	1510	2024	1833	3207	1196	2967	2558	2698	2736	2195
1779	1088	337	2049	1723	547	313	2156	1232	2441	788	2790	633	3126	259	2906	1644	2491	644	2226	3233	2007	2177	1229	1406	494	2244	3217	2959	1257	1472	518	1656	2044	80	847	998	1698	499	2945	2824	2841	3241	1359	2154	876	1387	2446	80	1120	2105	435	2300	2443	80	2675	2293	2688	253	913	2948	1155	3152	937	2940	2248	2436	1312	2387	2830	1375	418	2506	2995	2026	2257	3178	1876	2982	412	2703
2957	1613	80	1693	1618	224	3182	2728	2950	2896	676	1754	739	1848	1882	2712	2424	1251	2850	2058	2716	711	3110	3192	1970	3162	1037	1343	982	2153	80	222	2561	3211	2599	994	1334	1270	3161	1227	2690	1223	1359	3241	503	631	1879	1661	1623	2444	2233	2149	2847	1360	2541	1241	824	2012	2590	2326	80	520	2568	80	80	2577	2569	1183	2578	2921	2291	687	1620	1877	1179	2901	1572	1427	82	2509	1581
1722	2084	327	2700	1873	439	134	502	1770	2805	2166	836	1030	2170	144	243	1395	2010	1911	399	80	1810	1022	1642	987	1456	147	2544	1431	1481	2826	2132	3100	2152	2087	641	2016	3055	2397	1470	3075	2584	2154	503	3241	2478	2492	709	892	2810	1783	2070	2031	3018	2802	2117	2341	1525	1317	2335	777	1055	1151	427	2788	2080	170	3044	80	3054	1297	1421	2668	2846	3021	577	3142	665	1828	1354	194
2530	3072	1978	1433	579	899	1276	1054	1015	989	2726	731	1035	512	2767	1800	3029	2559	2433	1452	80	1591	3184	508	379	585	647	3081	3163	963	2758	1445	2799	1820	2272	2337	999	2264	1063	1095	1610	185	876	631	2478	3241	2200	446	1739	906	2570	3115	2777	3046	1201	2871	2816	2097	305	2829	841	2852	442	3080	803	1199	543	2796	533	1023	2303	2378	361	2111	353	1565	1667	3086	2054	1940	1102
2399	421	2463	489	3114	883	3218	920	2068	3133	1172	3194	596	2880	2632	152	613	2715	493	2218	1381	1304	1466	868	636	537	1116	99	992	3041	1081	2056	2566	638	2607	1919	911	342	924	3031	2794	2052	1387	1879	2492	2200	3241	2063	1933	3188	3007	354	161	742	280	1423	325	2868	1323	80	214	670	1679	1181	1590	2323	1490	3098	617	3001	571	1552	2873	370	440	2122	2952	2762	692	567	910
2270	3084	1557	1350	1053	80	2208	528	645	1149	1467	2605	1508	3201	1480	80	311	1097	2043	1388	2539	2500	1479	1393	1602	461	1059	3103	338	357	1556	150	80	80	101	291	1809	1540	2179	2792	3090	1409	2446	1661	709	446	2063	3241	2493	1348	1868	192	3028	1324	875	1203	1386	1567	397	2073	2835	385	895	694	2961	2709	962	268	2630	1248	1731	1975	2934	1812	1823	3165	1584	2848	2461	2505	2576
972	1721	2490	3139	840	1166	3102	2388	140	2299	2124	1052	2565	2978	193	926	1685	1815	2296	2664	848	3026	2681	80	2638	545	2253	833	1912	2278	471	650	2187	1226	2754	1430	1792	432	3240	2483	516	1944	80	1623	892	1739	1933	2493	3241	1278	2553	273	1650	1717	986	1180	1483	2593	1714	2928	2037	1982	2083	116	1598	2501	1310	87	975	856	413	2033	1513	1413	2276	2897	1211	1488	1553	1761	600
2256	2265	2714	3034	1587	3014	1184	559	3175	1012	2616	1039	2120	1432	2370	347	465	80	1749	2980	939	1156	344	643	2892	1509	2706	1682	2527	1748	1651	1976	2583	880	1550	2837	182	1454	730	1729	705	938	1120	2444	2810	906	3188	1348	1278	3241	2225	246	2781	1082	1233	2107	1838	1860	1922	2224	164	550	1764	977	1494	2338	1067	3032	1734	1353	1259	2400	98	3149	1765	1935	1197	2288	2831	775	780
355	1671	438	801	1998	1073	1752	619	358	1152	1273	630	909	188	1773	2393	80	2377	2932	1493	1950	2421	767	2535	1821	500	2937	2222	2747	2209	2686	929	1549	3108	1415	2304	331	1914	916	863	1171	3219	2105	2233	1783	2570	3007	1868	2553	2225	3241	1078	1161	575	107	1708	932	1596	2292	1238	877	1192	3070	511	1047	732	771	1131	2635	1206	1394	433	106	896	382	1291	1071	2571	238	1588	2336
2504	563	1069	2486	2289	1487	3020	744	3143	2908	1760	1561	887	1577	2854	898	831	3215	1379	1212	1041	1826	1657	369	80	1478	1886	2768	702	554	689	2951	464	1043	3039	1083	2884	3226	2228	1629	2328	1997	435	2149	2070	3115	354	192	273	246	1078	3241	1358	2785	1436	395	2476	1482	2949	2746	1127	3227	1924	797	2396	2976	970	1177	810	2845	2174	2512	162	1928	1603	1666	1235	1700	1684	517	131
1733	1636	1767	2974	609	80	1793	2364	2795	588	1703	308	2517	1981	1579	1536	380	1087	1720	2143	1398	2346	2089	1502	1791	812	1077	1216	2667	754	3156	529	1272	1021	2580	2769	2526	215	684	2112	2389	1592	2300	2847	2031	2777	161	3028	1650	2781	1161	1358	3241	3135	3237	2684	415	2878	1441	1403	2650	1311	3051	199	2903	485	2954	2724	764	1904	1473	2100	2756	1091	3005	2619	2034	3196	267	2321	80
1169	378	1162	819	2865	699	888	229	3180	3130	80	3144	728	509	247	326	548	1504	922	893	1104	2375	1893	1373	2894	2858	196	1881	2984	2419	2648	2440	1802	976	635	1219	2621	127	363	3170	2306	2075	2443	1360	3018	3046	742	1324	1717	1082	575	2785	3135	3241	1209	403	1702	1662	252	1028	1932	3056	2454	1128	328	2361	813	1805	2968	671	1094	1718	240	2519	3172	825	1846	2581	2496	168	410
843	872	1622	2654	1125	186	1367	795	1507	3019	2744	3136	2820	2141	1033	1969	2002	1011	2612	299	496	928	1004	2494	3117	3222	1287	1580	2562	402	2725	2464	839	1044	981	2753	2503	2206	2989	1724	2917	701	80	2541	2802	1201	280	875	986	1233	107	1436	3237	1209	3241	1505	776	232	2926	1007	934	1543	1190	2079	919	2032	1228	655	2189	2909	317	2301	546	221	1336	1566	1327	1895	787	1396	1282
1617	768	2280	2800	314	1236	1801	1987	3094	2340	2905	708	593	3125	3128	860	1872	1185	3004	2437	2823	3208	905	2545	2876	80	846	2719	586	141	930	405	2085	2402	1114	762	482	381	1404	1611	274	2242	2675	1241	2117	2871	1423	1203	1180	2107	1708	395	2684	403	1505	3241	2342	213	2093	1309	290	2811	3113	978	2910	2598	2663	1634	864	2702	2887	3151	1538	2275	360	209	2039	2718	722	121	1758
2507	1340	785	1840	1967	490	272	3068	283	2523	220	404	2339	2723	2738	474	1501	242	1958	1785	1633	2574	1934	3185	407	2939	954	2213	2551	669	2973	1498	93	1306	712	2172	80	1804	2780	507	174	1008	2293	824	2341	2816	325	1386	1483	1838	932	2476	415	1702	776	2342	3241	1573	1045	3232	1941	2774	2923	80	1855	189	2164	1368	2325	725	682	2406	891	3009	1370	467	2929	146	1158	477	2682
2673	1992	276	1817	3067	521	1627	2173	2538	2235	1124	869	657	2091	3166	621	1946	1099	1966	3193	1607	538	1477	959	2651	2385	2025	2418	278	716	80	2125	2864	2556	1781	2779	2019	2131	1446	1526	1096	1418	2688	2012	1525	2097	2868	1567	2593	1860	1596	1482	2878	1662	232	213	1573	3241	1625	2487	2305	2818	2327	177	1990	3121	1569	1798	1092	2252	2351	2094	468	2458	526	269	1225	562	148	2770	2520
332	2098	2739	2451	1947	309	2190	535	2680	184	523	1417	1301	3203	132	80	501	799	2813	2969	936	747	1878	223	1995	1710	873	226	88	2057	2386	3200	817	1338	2540	2267	1237	1451	2999	1136	2286	908	253	2590	1317	305	1323	397	1714	1922	2292	2949	1441	252	2926	2093	1045	1625	3241	1863	2204	255	845	2622	751	534	145	3048	1378	2772	1491	2694	2181	1571	1965	2246	109	3205	2230	1594	1715
2604	1730	897	2126	2353	1460	1973	1139	80	821	2615	2801	1018	2048	1109	137	2857	124	870	1113	1705	915	2955	1907	1554	2241	362	1318	301	2199	955	2047	1371	536	1632	1255	599	540	2689	3212	3158	1844	913	2326	2335	2829	80	2073	2928	2224	1238	2746	1403	1028	1007	1309	3232	2487	1863	3241	163	2624	1756	2775	2839	858	2701	2287	811	3181	469	2536	1706	894	156	1495	3008	204	985	1742	425
80	1763	1132	2784	878	834	551	2344	1954	628	967	1101	2227	2434	1847	2198	662	668	2594	409	1135	3124	1646	1859	2430	1852	1247	1819	1524	2870	2313	1746	2404	770	832	3052	996	2431	1858	3140	374	1284	2948	80	777	841	214	2835	2037	164	877	1127	2650	1932	934	290	1941	2305	2204	163	3241	83	2184	2108	2669	2935	661	80	1871	1019	2041	1093	1701	1122	1333	2110	1405	1680	2001	2029	129
2355	2514	2106	208	1936	1426	1320	3198	1775	359	1570	80	2625	3053	966	3210	1869	2889	3024	719	1363	2376	2438	1118	605	2518	2186	1380	2564	3213	2188	654	2647	1985	2114	80	1145	675	1485	2782	486	2657	1155	520	1055	2852	670	385	1982	550	1192	3227	1311	3056	1543	2811	2774	2818	255	2624	83	3241	1927	2223	429	761	2985	2953	1042	241	1402	2448	2597	923	1672	2832	1906	2332	1392	2672	2851
2510	2219	734	1390	1117	2092	1979	1182	1532	153	2232	1811	2661	3159	748	1066	3145	2532	2589	721	2631	737	2692	3230	1864	1707	587	3147	1539	2771	2447	3074	2708	1442	973	2608	1347	980	2479	3223	2863	952	3152	2568	1151	442	1679	895	2083	1764	3070	1924	3051	2454	1190	3113	2923	2327	845	1756	2184	1927	3241	302	1857	779	1231	1407	453	1843	1277	416	1316	80	2216	2130	2891	1732	2942	1825	1345
3160	3033	1728	180	80	1253	2636	1964	1364	2890	2860	143	1892	3148	2898	478	371	1512	3214	2472	1949	623	1951	2251	94	1049	2006	100	1243	1918	3122	2214	822	1218	941	316	2123	2919	2268	80	1931	336	937	80	427	3080	1181	694	116	977	511	797	199	1128	2079	978	80	177	2622	2775	2108	2223	302	3241	1198	3002	720	2161	3209	3043	1150	1900	487	574	2420	2279	1736	80	285	2844	1138
2867	1528	1884	1051	1593	2381	3132	639	2751	2944	1244	608	1757	1654	476	128	3111	2298	3191	1839	2425	2368	1641	2849	1447	784	2148	2210	125	289	1224	2412	594	2103	1264	3164	1888	2096	3238	1704	2273	1191	2940	80	2788	803	1590	2961	1598	1494	1047	2396	2903	328	919	2910	1855	1990	751	2839	2669	429	1857	1198	3241	1299	2182	1290	133	80	2567	80	376	1440	1245	173	2963	1546	2502	2348	1766
603	804	948	969	935	2994	91	126	3062	2579	2931	2261	1362	651	2316	80	3095	149	808	1412	1302	595	2262	80	1564	3229	81	1469	2766	1545	218	2734	2163	602	1559	2203	3177	480	1085	2020	254	2255	2248	2577	2080	1199	2323	2709	2501	2338	732	2976	485	2361	2032	2598	189	3121	534	858	2935	761	779	3002	1299	3241	445	790	1824	1468	2207	2297	1401	320	2330	2118	2646	772	1205	2212	498
263	558	1562	387	1531	760	119	2201	556	1024	1699	3027	1215	886	2748	431	1170	1351	2920	1056	1891	2362	1036	971	2812	828	2481	80	3153	2733	2414	1289	2236	3012	2160	1268	2683	2991	2882	855	2171	257	2436	2569	170	543	1490	962	1310	1067	771	970	2954	813	1228	2663	2164	1569	145	2701	661	2985	1231	720	2182	445	3241	2614	2606	718	2941	1669	330	3006	2808	2074	2307	3061	80	391	1740
2197	2924	1782	2452	160	2979	1157	2249	1647	519	2787	2508	207	2872	3101	1414	2030	1606	3040	1129	1977	2550	2135	2168	2793	3045	1411	475	1475	2990	393	943	2282	373	2229	2842	2311	2972	2357	940	139	666	1312	1183	3044	2796	3098	268	87	3032	1131	1177	2724	1805	655	1634	1368	1798	3048	2287	80	2953	1407	2161	1290	790	2614	3241	3176	2484	1849	2981	2717	1448	2320	256	1061	457	3127	1031	2450
2947	296	2914	2239	789	1827	2392	1492	2128	2911	3225	114	3199	2429	1675	1434	463	1471	2028	335	2104	3011	778	3157	604	800	1365	1463	3023	2231	921	1745	2465	1204	1689	2765	2730	3206	1100	329	292	573	2387	2578	80	533	617	2630	975	1734	2635	810	764	2968	2189	864	2325	1092	1378	811	1871	1042	453	3209	133	1824	2606	3176	3241	2705	1926	1261	663	1484	2469	1142	2652	802	3146	248	901
307	324	698	2147	1609	2711	2640	392	2877	2471	1391	1673	590	1709	2913	766	211	2542	191	424	2403	842	2350	1774	1542	245	1105	251	715	231	1279	2215	1660	2284	2960	2534	1626	426	237	2432	2549	2900	2830	2921	3054	1023	3001	1248	856	1353	1206	2845	1904	671	2909	2702	725	2252	2772	3181	1019	241	1843	3043	80	1468	718	2484	2705	3241	2121	2628	1020	3224	861	2588	195	1167	3082	205	688
1576	1503	2254	1695	2855	250	835	979	1535	796	1692	1794	2343	1377	1249	723	1319	200	1439	1399	3167	2555	2067	2423	2759	2266	902	2633	115	958	2243	2993	80	388	1797	2783	298	1328	225	120	300	1090	1375	2291	1297	2303	571	1731	413	1259	1394	2174	1473	1094	317	2887	682	2351	1491	469	2041	1402	1277	1150	2567	2207	2941	1849	1926	2121	3241	583	96	927	1496	428	1057	473	2116	3088	1948
1637	1568	1286	2109	2415	2933	1258	286	2151	1870	951	2695	3065	953	874	624	2707	130	2678	733	2055	2036	2735	1005	187	1652	2879	2329	714	3221	706	2157	210	1955	3168	2971	481	1154	1915	1605	2546	1510	418	687	1421	2378	1552	1975	2033	2400	433	2512	2100	1718	2301	3151	2406	2094	2694	2536	1093	2448	416	1900	80	2297	1669	2981	1261	2628	583	3241	2426	2005	2587	297	1029	1408	2373	1755	394
3118	1624	2516	2310	1786	1530	2859	295	1921	2998	2221	1614	80	420	3189	2743	460	1108	2137	2133	2422	2600	889	964	80	411	2554	1453	2552	1517	793	2367	80	2727	2202	2773	656	2061	1275	1898	1923	2024	2506	1620	2668	361	2873	2934	1513	98	106	162	2756	240	546	1538	891	468	2181	1706	1701	2597	1316	487	376	1401	330	2717	663	1020	96	2426	3241	2136	1070	2482	560	419	1575	2360	2582
1874	852	704	2013	349	1769	2139	965	1160	1459	1376	3235	2185	634	2764	717	1274	447	1694	2356	1357	2317	401	2312	2595	80	2592	1499	1214	1988	249	1747	857	2234	1683	456	695	2384	816	89	2925	1833	2995	1877	2846	2111	370	1812	1413	3149	896	1928	1091	2519	221	2275	3009	2458	1571	894	1122	923	80	574	1440	320	3006	1448	1484	3224	927	2005	2136	3241	830	472	3197	1335	1582	2064	1084
1032	80	1883	2042	1026	2359	3171	236	408	2533	3058	450	673	1735	606	492	743	1178	2371	882	1239	1305	667	983	1217	1474	746	2601	2473	505	1438	1563	2962	2333	2585	1638	2352	2798	372	1002	1999	3207	2026	1179	3021	353	440	1823	2276	1765	382	1603	3005	3172	1336	360	1370	526	1965	156	1333	1672	2216	2420	1245	2330	2808	2320	2469	861	1496	2587	1070	830	3241	591	2485	3025	1776	2319	2283
1953	2626	1514	1126	542	2763	2076	437	1743	2366	1103	632	1537	2119	1901	117	2729	2035	565	1780	1281	2178	1165	80	1331	2059	1072	2875	2671	1814	2843	1314	3091	1541	414	918	1076	753	321	1803	190	1196	2257	2901	577	1565	2122	3165	2897	1935	1291	1666	2619	825	1566	209	467	269	2246	1495	2110	2832	2130	2279	173	2118	2074	256	1142	2588	428	297	2482	472	591	3241	2821	2977	2629	1796	576
818	2489	2609	798	1600	3131	2101	1141	1850	80	2685	1465	2175	340	80	2623	917	3154	2205	495	227	86	947	1344	323	626	2162	2372	80	462	155	166	239	854	745	957	111	1269	2138	3187	3064	2967	3178	1572	3142	1667	2952	1584	1211	1197	1071	1235	2034	1846	1327	2039	2929	1225	109	3008	1405	1906	2891	1736	2963	2646	2307	1061	2652	195	1057	1029	560	3197	2485	2821	3241	1711	434	80	681
1341	1771	783	341	524	2732	2211	1916	2731	118	3150	984	2240	1300	351	1835	925	1382	165	1450	1640	601	552	1744	3010	1221	555	233	2477	167	1321	1326	1962	333	2358	1686	677	700	750	2290	497	2558	1876	1427	665	3086	2762	2848	1488	2288	2571	1700	3196	2581	1895	2718	146	562	3205	204	1680	2332	1732	80	1546	772	3061	457	802	1167	473	1408	419	1335	3025	2977	1711	3241	417	406	2023
1753	2814	2776	1130	3057	2752	1303	724	1246	80	1983	3116	2277	282	629	3037	805	142	2895	2295	2194	2930	2082	2778	1612	522	1608	1719	820	176	80	2986	1968	1639	2761	1330	1890	1795	2038	1153	791	2698	2982	82	1828	2054	692	2461	1553	2831	238	1684	267	2496	787	722	1158	148	2230	985	2001	1392	2942	285	2502	1205	80	3127	3146	3082	2116	2373	1575	1582	1776	2629	434	417	3241	2345	1288
230	652	1759	390	484	1025	2416	2943	1991	2374	479	80	3015	377	765	1741	179	738	1696	1523	1435	2641	2529	514	294	2331	2899	1690	2833	2435	1271	1419	2081	683	2822	674	2691	736	3013	2644	2591	2736	412	2509	1354	1940	567	2505	1761	775	1588	517	2321	168	1396	121	477	2770	1594	1742	2029	2672	1825	2844	2348	2212	391	1031	248	205	3088	1755	2360	2064	2319	1796	80	406	2345	3241	1038
2062	1937	1369	2840	2786	3155	2086	649	1533	1429	2015	1263	2861	169	2817	1655	610	1837	1665	990	3036	696	2838	2888	1188	1384	287	1213	154	510	2618	1677	2347	1256	773	368	466	2354	1230	792	851	2195	2703	1581	194	1102	910	2576	600	780	2336	131	80	410	1282	1758	2682	2520	1715	425	129	2851	1345	1138	1766	498	1740	2450	901	688	1948	394	2582	1084	2283	576	681	2023	1288	1038	3241
