56	46	54	10	38	10	48	28	31	10	30
46	56	16	10	34	41	37	12	22	49	29
54	16	56	26	44	52	36	10	19	17	10
10	10	26	56	25	47	40	35	24	18	14
38	34	44	25	56	13	50	20	53	10	45
10	41	52	47	13	56	27	55	51	23	15
48	37	36	40	50	27	56	39	42	10	21
28	12	10	35	20	55	39	56	10	32	11
31	22	19	24	53	51	42	10	56	10	33
10	49	17	18	10	23	10	32	10	56	43
30	29	10	14	45	15	21	11	33	43	56
