4096	2434	679	1661	2077	298	1841	1837	3407	3918	1062	3548	2498	2752	1590	1603	280	1199	1895	925	558	3021	1867	249	496	2162	1437	90	4016	3765	1562	435	2062	2422	199	3825	1200	3461	1849	4067	2967	3328	3711	3580	2876	90	2641	3596	425	2251	2079	1104	3028	3525	2071	942	960	2317	1938	1283	282	3873	2020	1855	3232	234	2533	1256	2108	90	2588	2545	3562	278	2989	2786	116	3574	254	1118	687	414	1658	105	3599	1272	1624	3960	2391	2585	843
2434	4096	2408	1674	2843	3962	3920	3329	3692	2018	383	398	1686	665	3147	777	1353	213	1547	2092	210	243	324	3045	3095	3634	3186	1505	950	2717	3381	1355	3954	2947	955	3792	774	1294	2754	726	2215	1535	1059	1135	1074	1330	3990	3102	1102	643	1928	1391	3561	2053	3376	449	2663	930	3108	908	3048	3024	2819	1878	977	2551	3251	302	247	3735	3870	3635	1230	1617	2474	3588	1509	1820	692	578	4055	2784	2644	90	2782	716	3742	1801	1834	2753	3912
679	2408	4096	2361	2662	4071	2884	2813	976	2823	432	1271	3754	1958	617	1601	1845	1707	2747	416	3301	2369	1456	417	3143	286	2616	2007	2968	3810	1429	2953	1869	4018	2158	1716	1996	1574	3826	3047	3672	1150	2885	747	527	2193	2058	2995	1665	2113	3290	3679	3111	1668	1394	3718	1965	1923	2648	778	2820	3777	3871	3144	3430	1076	861	1446	2631	2802	3780	2955	3767	1385	93	1486	2209	3523	3052	1117	3475	3086	2793	90	2929	796	356	418	3584	3343	3200
1661	1674	2361	4096	754	1663	2586	2500	1052	2452	675	3559	2221	4008	2111	1211	1945	2613	1176	2841	1094	2764	3425	3509	232	2431	506	489	640	129	3361	2652	1657	2207	1136	3670	1795	894	3275	2714	3463	3772	1526	4088	797	923	2928	3710	1954	3341	2138	3472	3490	2100	1461	2220	1749	3056	812	135	1132	1080	889	1361	1570	969	1881	3453	3372	2567	1247	409	2315	413	1106	2920	90	3250	388	1305	2040	997	1734	2258	1023	2347	1007	3684	919	1431	2132
2077	2843	2662	754	4096	937	3171	825	2067	2059	3310	2136	3151	2403	1521	508	539	2287	238	3644	2475	192	2608	2912	3114	3415	2856	2942	3575	1786	3180	3530	90	718	3117	3502	3311	4045	2788	920	3013	3758	3784	2809	181	3220	1133	3359	467	2671	933	1830	1597	2937	2183	1197	3438	1366	1231	2766	3727	3409	880	2816	1969	2558	729	3294	3869	2260	2017	681	2463	3292	385	3412	874	3956	1302	2769	706	276	963	1412	167	2382	3498	2598	3215	525	3060
298	3962	4071	1663	937	4096	3188	1381	2896	2293	4084	3591	3627	3609	1579	2540	3976	1659	231	3560	2609	3932	3318	143	4058	1479	1065	127	1408	2316	2229	3222	2510	3681	2023	571	1069	1420	419	3462	3907	1472	1319	477	3157	3862	1119	1905	1494	90	402	3504	1033	546	2969	1296	1980	160	3274	3233	785	939	1340	2189	927	400	1625	3545	1049	896	3716	118	869	1787	1573	269	1141	849	1010	3831	3231	2844	814	169	428	1984	703	1595	684	493	1560
1841	3920	2884	2586	3171	3188	4096	1145	1020	501	1097	2143	2981	1900	2779	3150	1267	3066	860	2835	1817	694	1536	1241	2451	654	1034	3901	1288	262	993	3131	2052	2235	775	3967	2643	3206	2772	1717	3170	3883	2564	1477	3806	1055	346	749	1713	3388	2154	875	1568	3235	816	3697	186	3861	410	486	2228	90	756	198	1011	757	620	3134	2529	2667	4047	2420	2646	1594	2801	1876	412	3493	1189	3457	2975	2656	671	1963	1815	495	3997	510	3012	1739	3626
1837	3329	2813	2500	825	1381	1145	4096	90	408	2148	803	1028	2032	3863	2704	1712	2587	1822	1440	2570	3299	2085	223	1742	2578	3121	1520	2237	1983	1531	1756	615	2664	2502	1275	4081	101	872	2790	3802	407	583	1290	310	712	2049	3491	999	2534	2523	3051	2469	3648	2188	3600	313	1947	715	1403	380	92	659	1252	3349	3814	2936	588	2027	220	146	2383	2097	1649	3797	271	1235	2409	3364	265	895	730	682	791	1973	4063	868	442	3748	2706	2236
3407	3692	976	1052	2067	2896	1020	90	4096	2751	3018	4065	745	90	3804	2830	3743	124	532	790	2274	1812	1753	3938	579	3284	331	2741	1827	2284	1063	1504	401	971	300	2886	1151	2657	2359	2489	3447	2487	513	3995	1693	4077	3698	1488	2091	3776	2938	1621	2999	741	2846	90	163	3666	2128	119	3705	3382	2261	2768	1572	2199	3939	316	1321	367	948	4023	1245	4001	1040	1999	2661	2213	2484	3619	1191	1329	2880	2964	3905	3393	1744	3587	2152	1039	1880
3918	2018	2823	2452	2059	2293	501	408	2751	4096	2320	465	3913	2517	1179	3396	3242	1426	2285	1083	2184	2068	90	4062	1609	149	1708	4014	1067	1728	3465	4037	3061	360	3601	2914	2971	2364	253	3458	956	1435	688	784	1286	994	1044	1318	3903	2392	3020	4040	2019	1913	2654	2748	166	1432	3514	3795	394	3138	2043	2536	90	2057	1260	3657	3271	2014	1990	2294	3398	273	1423	1229	1921	676	466	3211	2082	1148	1897	727	605	621	4069	147	801	3394	3539
1062	383	432	675	3310	4084	1097	2148	3018	2320	4096	1788	1159	2218	2707	1997	1755	2265	771	867	3734	3153	1917	2503	1886	3000	1324	2615	2908	2742	766	205	2736	1380	2918	1269	2898	1501	132	2366	835	714	1952	3080	3638	3752	2263	3865	804	3663	1664	1629	1931	3702	820	2881	4030	3607	1727	455	2157	90	608	3732	2446	3224	2045	1911	2954	2926	1771	1476	3770	1481	1612	3166	2118	3136	1113	3725	3135	1655	2190	1525	2883	191	3652	3778	3011	625	2357
3548	398	1271	3559	2136	3591	2143	803	4065	465	1788	4096	2104	1794	2135	1364	1735	1042	2227	2645	3296	3779	2176	3069	2946	1857	3411	2944	2180	893	2435	1187	1692	2726	959	1534	708	1018	3713	1114	3306	3844	3148	3898	1153	1791	90	312	3612	1164	1503	2638	3198	1981	2591	2363	901	295	3340	3487	1515	2295	445	2709	2625	2355	1552	1743	2831	396	1523	2839	1129	3445	255	2352	2195	3673	1719	90	572	2342	2528	2640	3083	2542	1563	3087	3900	552	2804
2498	1686	3754	2221	3151	3627	2981	1028	745	3913	1159	2104	4096	3112	1721	1273	491	1808	864	2599	3801	1859	3957	1651	3350	559	2367	1096	3489	237	3201	544	421	2402	2635	1940	2181	3213	3377	1300	405	90	515	2467	3618	2770	90	2271	1100	2024	484	690	4004	652	863	1731	1093	482	3344	2076	2102	3949	3744	2618	1586	456	1125	1502	221	4086	1317	2659	2943	4020	3850	1916	3950	678	1414	3513	3608	3955	224	3426	2115	2581	3324	1226	978	2980	2016
2752	665	1958	4008	2403	3609	1900	2032	90	2517	2218	1794	3112	4096	2140	2225	1277	3161	838	4066	965	2174	241	3480	2302	1926	2481	2590	3258	2956	3807	244	1622	469	384	3486	789	2743	3238	2310	607	2008	1142	2416	3383	1470	3953	3098	2460	1705	3534	2322	1507	2413	1779	4035	623	3468	318	3286	109	3168	773	968	2465	2773	1637	3966	870	2064	1382	2672	2723	3817	1828	3214	381	1985	2757	1800	1516	1032	3895	90	1014	3473	2230	377	2037	2697	125
1590	3147	617	2111	1521	1579	2779	3863	3804	1179	2707	2135	1721	2140	4096	3845	2208	113	2013	3677	4017	3428	3499	3470	2746	1545	973	90	185	1571	590	450	3738	1513	3985	3565	2987	2141	909	1885	1799	1224	2514	3518	2166	4015	285	3790	256	834	3297	711	3741	2600	2334	3510	2595	788	1026	3675	1553	3038	2309	1405	2504	695	3488	2610	429	1225	1468	2705	3947	3064	1208	2226	433	1725	3029	2838	2805	343	3208	2036	2624	2901	2415	986	1410	2440	3914
1603	777	1601	1211	508	2540	3150	2704	2830	3396	1997	1364	1273	2225	3845	4096	2101	2340	4080	1265	2165	3037	1511	3576	3726	3687	924	3809	2922	1914	3983	2418	2122	2173	3234	90	1156	3249	1448	1566	885	440	1206	2750	622	2216	563	2986	3841	1540	3264	376	90	2785	601	2328	2686	721	910	611	551	1253	2050	2549	2436	3682	1863	3524	90	3174	1436	2822	2232	3385	140	4052	2878	3836	786	505	3419	2566	2194	1251	3293	3864	1101	451	1824	1126	952
280	1353	1845	1945	539	3976	1267	1712	3743	3242	1755	1735	491	1277	2208	2101	4096	1304	2473	1498	701	3544	1025	2606	3512	264	90	710	4083	884	3434	2270	2371	3483	1128	2259	1761	3827	829	1333	2198	657	3934	2107	2496	2192	2932	2492	661	437	2560	183	3583	2393	618	3196	1254	175	1036	635	3001	3662	1840	3537	1550	2873	3145	2073	613	547	485	564	1219	555	1608	365	3868	2191	3981	780	2611	246	2847	2356	2280	1196	916	1409	2099	494	1370
1199	213	1707	2613	2287	1659	3066	2587	124	1426	2265	1042	1808	3161	113	2340	1304	4096	3572	1680	1082	1144	2532	1971	3124	172	1950	2458	3072	2557	1268	776	2088	1248	2972	1362	636	452	1092	3629	2093	3355	3642	1819	4091	827	327	2612	653	4043	338	390	2552	2344	90	2200	2313	112	2675	2095	1037	3847	321	1896	235	228	1316	3236	1343	540	90	1259	1745	3946	2002	2692	1264	3308	2163	4056	3280	1924	2950	173	1578	2864	333	97	772	3256	2026
1895	1547	2747	1176	238	231	860	1822	532	2285	771	2227	864	838	2013	4080	2473	3572	4096	1162	1416	1111	3531	2935	90	90	3374	2472	992	2725	988	3610	4094	1518	1628	2466	1257	2903	529	1363	2406	176	168	627	2509	3203	3796	1121	2150	3852	1650	3460	1447	2642	1035	1991	556	3740	90	962	2867	3769	2425	2674	2539	2153	1836	1527	3331	284	1485	90	3283	722	1670	3872	2417	90	2396	1279	3009	2910	915	3260	3664	1689	1641	1184	3586	2314	1899
925	2092	416	2841	3644	3560	2835	1440	790	1083	867	2645	2599	4066	3677	1265	1498	1680	1162	4096	2000	3543	523	90	436	2729	2904	1873	3478	3167	972	1395	1285	334	1217	2307	3288	471	2636	3239	4060	1577	3119	1877	3137	1769	3680	1046	1871	2678	499	357	3410	2791	3963	430	1045	2917	664	389	2737	565	397	4064	926	393	3162	886	1818	1683	3194	931	2627	2279	3791	1464	3068	1376	912	2249	474	2421	3714	3270	2376	2907	1396	1122	633	3674	4009
558	210	3301	1094	2475	2609	1817	2570	2274	2184	3734	3296	3801	965	4017	2165	701	1082	1416	2000	4096	352	90	1699	639	3641	3127	126	1951	1803	2574	1344	3839	798	2291	1576	342	1311	1850	944	1752	2264	1099	1960	769	3577	1774	305	1473	3103	2499	2569	252	2348	3110	2245	3659	3481	934	1762	996	953	90	3204	3178	3240	2562	3152	1709	2490	979	201	3113	1374	4053	3246	2131	2234	1630	1334	1236	3479	2866	3403	2607	2424	3420	2437	1816	1551	707
3021	243	2369	2764	192	3932	694	3299	1812	2068	3153	3779	1859	2174	3428	3037	3544	1144	1111	3543	352	4096	3025	165	3745	1490	364	533	1203	980	502	2669	1413	2732	2653	3605	2211	3834	1152	2650	2628	1460	406	1214	1892	3477	2507	332	2982	809	2414	2395	2524	2441	693	1450	1902	792	1234	3368	2961	560	1548	1017	2666	3526	446	3975	3785	3848	1793	2527	584	645	1978	2127	90	3671	3319	483	306	1582	3081	3676	3860	958	841	1205	134	182	2335
1867	324	1456	3425	2608	3318	1536	2085	1753	90	1917	2176	3957	241	3499	1511	1025	2532	3531	523	90	3025	4096	2889	1496	1519	1058	1903	2447	3437	2134	3365	1874	490	3799	748	3617	2187	2197	541	153	1537	1452	1210	2323	1030	2330	557	158	2240	4054	1975	121	1851	3023	2924	2124	3695	2571	936	3655	3088	3815	1757	3507	2290	3793	2201	3992	1976	2080	3322	672	1002	1956	2594	3395	1643	702	824	2373	2217	3557	941	2120	2683	1694	3226	1802	2488	1161
249	3045	417	3509	2912	143	1241	223	3938	4062	2503	3069	1651	3480	3470	3576	2606	1971	2935	90	1699	165	2889	4096	1433	629	2776	154	1754	3840	1005	2760	2668	296	1357	1785	1003	2887	742	350	2012	3857	1140	216	1580	2031	370	1982	2712	940	3370	2572	3746	472	2231	674	3555	3132	2299	666	1328	1765	1798	1013	548	3006	2749	2711	1250	1906	4041	2292	3691	3030	142	763	1736	2849	90	292	3625	1632	4025	315	2381	3755	3163	3156	1987	1177	609
496	3095	3143	232	3114	4058	2451	1742	579	1609	1886	2946	3350	2302	2746	3726	3512	3124	90	436	639	3745	1496	1433	4096	1831	1569	842	137	819	2959	3101	1722	90	1638	2081	3908	2333	1636	260	2223	395	108	3399	752	3569	2921	3091	3228	2267	3128	3400	1741	1188	3762	1006	4087	3980	3442	596	207	159	355	3005	3787	3367	2419	3728	1948	336	3536	1835	345	1493	3298	1441	399	2855	2909	2637	897	3508	1861	3972	3700	438	4042	2840	3621	985	2282
2162	3634	286	2431	3415	1479	654	2578	3284	149	3000	1857	559	1926	1545	3687	264	172	90	2729	3641	1490	1519	629	1831	4096	1180	3756	2720	2125	3448	865	3757	2379	3190	117	164	3828	2721	592	2110	3076	1434	100	2070	2457	161	90	4095	2061	1700	3443	1081	1499	329	103	2892	2882	2538	2619	3485	828	1497	576	2630	2863	3558	1266	637	136	339	2196	1237	570	3993	3177	1021	1282	363	1696	1421	3225	2818	2891	3838	2206	2098	1407	1194	3392	1623
1437	3186	2616	506	2856	1065	1034	3121	331	1708	1324	3411	2367	2481	973	924	90	1950	3374	2904	3127	364	1058	2776	1569	1180	4096	517	3521	1399	1444	3973	1137	2021	2103	1415	1634	2394	2778	378	2006	1792	2518	1714	2787	3248	1215	2512	3014	3896	1393	3401	735	2719	1605	171	2834	2513	267	3678	1342	281	2794	922	90	2468	670	808	162	3337	424	3380	3866	4034	3074	1181	3723	1620	3073	274	3568	2337	443	3273	2491	102	3668	1729	733	3049	240
90	1505	2007	489	2942	127	3901	1520	2741	4014	2615	2944	1096	2590	90	3809	710	2458	2472	1873	126	533	1903	154	842	3756	517	4096	2848	704	478	463	3305	3984	1682	2832	2370	595	3440	767	2105	2497	2311	1598	1934	1098	1386	3775	2151	3941	3482	3573	614	2756	2160	1546	641	206	1474	3387	779	1970	2622	3647	3818	2670	2087	1323	3615	3348	1783	90	2965	2857	1992	3192	90	1146	1207	1626	3046	1768	3592	705	1998	2803	4012	1314	3053	2305	2380
4016	950	2968	640	3575	1408	1288	2237	1827	1067	2908	2180	3489	3258	185	2922	4083	3072	992	3478	1951	1203	2447	1754	137	2720	3521	2848	4096	2303	90	3533	2275	1893	587	2090	2477	3476	760	1675	2054	1737	2949	3974	2116	3979	2853	3179	574	2349	1726	2065	537	2072	3643	2658	697	3926	2506	2771	1730	157	717	945	2531	90	487	519	1073	2815	279	522	3391	211	2800	970	2634	3506	195	2114	753	3899	1810	3996	2485	90	3176	719	427	1375	3822
3765	2717	3810	129	1786	2316	262	1983	2284	1728	2742	893	237	2956	1571	1914	884	2557	2725	3167	1803	980	3437	3840	819	2125	1399	704	2303	4096	2233	2015	2250	2377	554	1178	90	1606	4021	3291	3116	245	2034	1777	1512	606	2041	1315	4019	2239	3604	3181	1671	320	2550	3323	2368	2423	750	3205	2559	1270	2276	2273	3805	3309	3059	1404	3837	1760	4003	3277	374	1720	1123	851	3854	805	3154	2541	3546	2561	799	3354	1904	1797	616	2117	353	1124	382
1562	3381	1429	3361	3180	2229	993	1531	1063	3465	766	2435	3201	3807	590	3983	3434	1268	988	972	2574	502	2134	1005	2959	3448	1444	478	90	2233	4096	3067	2998	3456	2202	2808	94	3191	1157	200	1004	3335	3924	2084	3547	2521	3878	905	1303	1766	2777	989	817	90	1826	1071	2795	4048	549	1377	1619	2133	3097	586	2155	1289	770	3106	524	3589	4075	1724	1458	562	3570	2596	1654	1723	2651	473	949	488	2179	3371	3474	2455	2244	2894	3078	2814	233
435	1355	2953	2652	3530	3222	3131	1756	1504	4037	205	1187	544	244	450	2418	2270	776	3610	1395	1344	2669	3365	2760	3101	865	3973	463	3533	2015	3067	4096	3916	1337	155	2870	2479	2449	2296	91	96	3406	479	90	1704	810	2123	846	2186	3159	3613	2301	3578	1591	631	2121	2142	642	1995	2169	1406	2762	3931	2171	2297	3690	288	1875	890	3469	3511	543	1957	811	1387	3096	2476	2428	1919	3339	3803	1155	561	1202	3763	1884	1517	3783	2178	2579	3582
2062	3954	1869	1657	90	2510	2052	615	401	3061	2736	1692	421	1622	3738	2122	2371	2088	4094	1285	3839	1413	1874	2668	1722	3757	1137	3305	2275	2250	2998	3916	4096	604	2398	2774	4005	3082	783	3094	1738	1439	3142	1088	1747	2810	2728	1293	4024	3961	272	1781	3585	1758	3879	138	99	250	1346	3026	3044	1246	1588	2945	3302	1313	1937	504	1673	1301	2069	3070	1585	1331	307	3390	3004	1677	1953	2930	3653	3989	644	90	251	2047	599	1425	2710	2952	461
2422	2947	4018	2207	718	3681	2235	2664	971	360	1380	2726	2402	469	1513	2173	3483	1248	1518	334	798	2732	490	296	90	2379	2021	3984	1893	2377	3456	1337	604	4096	1383	1056	1368	1915	3897	603	4026	1773	1308	3919	1796	2139	1701	3057	297	4036	3564	3651	3876	468	1022	673	3703	3036	391	4006	2796	509	981	2852	2960	594	3173	2677	503	911	3603	2005	3041	755	2075	3466	2573	696	3494	3882	2905	3890	2048	1127	3229	3369	2708	3313	1190	3593	1154
199	955	2158	1136	3117	2023	775	2502	300	3601	2918	959	2635	384	3985	3234	1128	2972	1628	1217	2291	2653	3799	1357	1638	3190	2103	1682	587	554	2202	155	2398	1383	4096	2963	2767	883	1607	3455	3760	2210	3100	1166	1029	189	3964	2680	2112	3917	2913	328	4057	526	1596	90	1614	4044	1821	2923	268	929	1912	3563	3062	3040	2063	2797	2329	3039	3189	3889	3658	2985	3936	1109	3450	3084	1500	1993	4013	3798	3986	404	184	1143	800	3089	2324	1711	3516
3825	3792	1716	3670	3502	571	3967	1275	2886	2914	1269	1534	1940	3486	3565	90	2259	1362	2466	2307	1576	3605	748	1785	2081	117	1415	2832	2090	1178	2808	2870	2774	1056	2963	4096	2387	3699	700	3910	1894	3333	188	90	668	1354	1075	1909	177	2865	591	1684	270	3253	1864	2977	1776	1865	1326	229	1091	1936	4090	3542	2679	650	2126	1860	892	373	732	1008	379	2824	3527	2033	3495	1544	3515	2365	2647	3813	3397	1077	2253	2836	3212	1561	669	3366	3015
1200	774	1996	1795	3311	1069	2643	4081	1151	2971	2898	708	2181	789	2987	1156	1761	636	1257	3288	342	2211	3617	1003	3908	164	1634	2370	2477	90	94	2479	4005	1368	2767	2387	4096	1054	287	1759	1280	475	1842	470	3183	3820	683	686	691	1087	148	1060	2869	731	2799	3216	1529	947	1811	2983	90	2895	1484	738	2833	3254	1428	1772	1110	1417	2604	3982	2745	928	3721	2470	2362	1221	1974	1706	1051	347	1291	1697	3187	2262	2086	3624	230	3556	3120
3461	1294	1574	894	4045	1420	3206	101	2657	2364	1501	1018	3213	2743	2141	3249	3827	452	2903	471	1311	3834	2187	2887	2333	3828	2394	595	3476	1606	3191	2449	3082	1915	883	3699	1054	4096	913	1078	3342	3846	178	2205	3353	3129	3535	2919	3737	3766	982	1454	1942	2738	2783	3055	3141	3002	3130	259	728	258	3312	1198	90	1351	1740	768	1491	1292	2695	3693	111	737	1567	677	90	3581	1372	1369	1889	3484	1388	1528	626	638	3008	1320	476	2617	1645
1849	2754	3826	3275	2788	419	2772	872	2359	253	132	3713	3377	3238	909	1448	829	1092	529	2636	1850	1152	2197	742	1636	2721	2778	3440	760	4021	1157	2296	783	3897	1607	700	287	913	4096	1422	2170	822	1778	3027	1471	130	3441	847	1695	90	685	3360	3330	3317	193	1139	2682	90	1532	3650	507	1384	536	107	2939	888	1932	3184	1295	1487	2255	3631	2327	1352	3125	3833	3856	1967	2879	3832	764	3175	2501	1593	1746	1307	2426	90	1679	3970	2109
4067	726	3047	2714	920	3462	1717	2790	2489	3458	2366	1114	1300	2310	1885	1566	1333	3629	1363	3239	944	2650	541	350	260	592	378	767	1675	3291	200	91	3094	603	3455	3910	1759	1078	1422	4096	2584	1854	2119	1209	1667	3090	3421	3622	462	3694	3126	2861	3003	839	131	856	1656	634	90	534	152	3640	3602	3182	3948	2214	2718	862	1543	836	2399	2454	2486	758	4033	1666	1790	454	2693	3774	2405	1681	3032	115	3085	1862	3471	1690	197	2427	1555
2967	2215	3672	3463	3013	3907	3170	3802	3447	956	835	3306	405	607	1799	885	2198	2093	2406	4060	1752	2628	153	2012	2223	2110	2006	2105	2054	3116	1004	96	1738	4026	3760	1894	1280	3342	2170	2584	4096	2482	180	2443	337	3451	2555	3050	3704	736	301	1994	1966	990	90	1539	667	2673	2565	3237	90	261	3389	1604	1549	3416	90	3252	2691	2156	3075	2614	415	3761	3033	1220	648	1278	3010	1702	2568	2681	632	1872	3639	2266	2360	1581	1920	1438	585
3328	1535	1150	3772	3758	1472	3883	407	2487	1435	714	3844	90	2008	1224	440	657	3355	176	1577	2264	1460	1537	3857	395	3076	1792	2497	1737	245	3335	3406	1439	1773	2210	3333	475	3846	822	1854	2482	4096	3849	1644	3146	1401	3566	3835	1057	3532	3528	371	514	2238	2827	2826	2915	3405	3375	1358	2078	2515	3945	3922	2755	3894	348	2592	3115	4007	1451	2094	299	2389	1024	3689	891	1244	1908	2817	1653	2144	2543	2343	3058	4039	3278	2051	2875	2916	372
3711	1059	2885	1526	3784	1319	2564	583	513	688	1952	3148	515	1142	2514	1206	3934	3642	168	3119	1099	406	1452	1140	108	1434	2518	2311	2949	2034	3924	479	3142	1308	3100	188	1842	178	1778	2119	180	3849	4096	2689	2411	1843	3696	2038	2933	984	2339	2464	1883	3969	1147	1419	2537	4061	2241	2546	751	3436	3999	3927	3300	434	1172	1506	3417	1158	1782	1961	3169	3853	3347	826	1750	3295	90	3720	2203	1589	709	1533	2219	3768	807	2471	266	2456	2480
3580	1135	747	4088	2809	477	1477	1290	3995	784	3080	3898	2467	2416	3518	2750	2107	1819	627	1877	1960	1214	1210	216	3399	100	1714	1598	3974	1777	2084	90	1088	3919	1166	90	470	2205	3027	1209	2443	1644	2689	4096	1784	2893	1048	2522	3925	2589	351	2056	1378	2439	904	3433	569	309	322	1610	3202	3881	2828	2626	612	3079	900	1946	3255	2312	1979	2563	3358	3054	1160	830	1469	2288	3943	2009	1557	90	459	3538	2319	90	4089	2432	765	935	689
2876	1074	527	797	181	3157	3806	310	1693	1286	3638	1153	3618	3383	2166	622	2496	4091	2509	3137	769	1892	2323	1580	752	2070	2787	1934	2116	1512	3547	1704	1747	1796	1029	668	3183	3353	1471	1667	337	3146	2411	1784	4096	215	1306	1556	781	1813	725	3285	1662	1373	2397	1887	3906	3892	3656	815	480	2384	3614	3764	170	2378	1685	1483	914	3880	90	2256	761	2341	361	2390	1672	308	2462	1688	1149	2508	3408	1457	1648	2792	1222	1204	1258	1922	966
90	1330	2193	923	3220	3862	1055	712	4077	994	3752	1791	2770	1470	4015	2216	2192	827	3203	1769	3577	3477	1030	2031	3569	2457	3248	1098	3979	606	2521	810	2810	2139	189	1354	3820	3129	130	3090	3451	1401	1843	2893	215	4096	106	4038	3223	2318	3875	2902	720	553	1261	90	2283	174	964	335	619	90	1846	90	2649	1089	120	2988	3529	1249	2629	2811	1848	304	2145	2582	457	832	1336	2386	2137	1495	2222	1138	1660	3958	1602	2976	340	2724	431
2641	3990	2058	2928	1133	1119	346	2049	3698	1044	2263	90	90	3953	285	563	2932	327	3796	3680	1774	2507	2330	370	2921	161	1215	1386	2853	2041	3878	2123	2728	1701	3964	1075	683	3535	3441	3421	2555	3566	3696	1048	1306	106	4096	921	1263	4078	464	1175	3571	2621	1583	3077	713	1901	3218	1240	1599	90	3851	3645	1338	122	3800	3788	2727	2781	3812	1345	2685	3649	1691	3429	218	2346	2252	2511	660	600	2951	991	3667	593	3623	3830	1182	2979	2404
3596	3102	2995	3710	3359	1905	749	3491	1488	1318	3865	312	2271	3098	3790	2986	2492	2612	1121	1046	305	332	557	1982	3091	90	2512	3775	3179	1315	905	846	1293	3057	2680	1909	686	2919	847	3622	3050	3835	2038	2522	1556	4038	921	4096	1832	845	1541	3362	3452	294	3386	3327	3439	3636	2996	2429	3747	3259	1455	1639	2130	3332	3402	3281	387	3751	1041	2066	3923	995	3595	881	3243	2042	3859	2580	2696	1356	447	3552	1935	1538	2204	1228	3598	2958	1070
425	1102	1665	1954	467	1494	1713	999	2091	3903	804	3612	1100	2460	256	3841	661	653	2150	1871	1473	2982	158	2712	3228	4095	3014	2151	574	4019	1303	2186	4024	297	2112	177	691	3737	1695	462	3704	1057	2933	3925	781	3223	1263	1832	4096	3541	857	2030	1424	2829	2268	1652	2407	740	1522	128	3929	2224	2022	1335	1806	3660	90	1888	2798	3719	1019	1016	330	1844	2505	833	3597	818	293	1223	481	104	2974	3346	453	2358	3991	1086	1242	1584	2493
2251	643	2113	3341	2671	90	3388	2534	3776	2392	3663	1164	2024	1705	834	1540	437	4043	3852	2678	3103	809	2240	940	2267	2061	3896	3941	2349	2239	1766	3159	3961	4036	3917	2865	1087	3766	90	3694	736	3532	984	2589	1813	2318	4078	845	3541	4096	422	1616	151	411	1732	734	225	194	853	1131	1068	3379	3303	698	530	655	2149	3122	1031	2277	3759	3267	3065	2372	1646	90	2308	1868	3724	581	290	1964	263	1243	2577	448	724	2044	3628	2978	1514
2079	1928	3290	2138	933	402	2154	2523	2938	3020	1664	1503	484	3534	3297	3264	2560	338	1650	499	2499	2414	4054	3370	3128	1700	1393	3482	1726	3604	2777	3613	272	3564	2913	591	148	982	685	3126	301	3528	2339	351	725	3875	464	1541	857	422	4096	2246	1442	2526	2854	1676	2765	3334	2257	3244	1090	3736	2168	3492	535	3551	3935	2025	1510	2212	2520	90	283	3594	917	602	1012	2806	2780	1165	3217	647	326	899	3185	878	1929	2703	2553	1274	550
1104	1391	3679	3472	1830	3504	875	3051	1621	4040	1629	2638	690	2322	711	376	183	390	3460	357	2569	2395	1975	2572	3400	3443	3401	3573	2065	3181	989	2301	1781	3651	328	1684	1060	1454	3360	2861	1994	371	2464	2056	3285	2902	1175	3362	2030	1616	2246	4096	90	1367	1751	1134	3977	2759	658	1823	403	1105	1085	3104	3363	1095	2973	3781	1554	1350	3654	793	2701	2177	2525	844	3320	3685	1879	2147	4010	2825	2934	1359	2412	1962	3794	1764	2744	3063	3731
3028	3561	3111	3490	1597	1033	1568	2469	2999	2019	1931	3198	4004	1507	3741	90	3583	2552	1447	3410	252	2524	121	3746	1741	1081	735	614	537	1671	817	3578	3585	3876	4057	270	2869	1942	3330	3003	1966	514	1883	1378	1662	720	3571	3452	1424	151	1442	90	4096	3749	1858	1325	3464	4076	882	1600	1349	2331	2851	344	1618	1168	3193	739	2254	1360	2388	3093	951	392	1239	3282	954	3210	439	3921	212	1775	3517	1312	187	2289	967	2535	3221	1882	2385
3525	2053	1668	2100	2937	546	3235	3648	741	1913	3702	1981	652	2413	2600	2785	2393	2344	2642	2791	2348	2441	1851	472	1188	1499	2719	2756	2072	320	90	1591	1758	468	526	3253	731	2738	3317	839	990	2238	3969	2439	1373	553	2621	294	2829	411	2526	1367	3749	4096	1478	2899	90	2182	3016	898	3829	1402	4028	1944	1284	1339	3503	3099	3378	3035	2993	2161	903	3877	3707	3874	3071	2576	1463	3858	876	3688	90	3771	1748	2888	1530	2248	1216	3209	1715
2071	3376	1394	1461	2183	2969	816	2188	2846	2654	820	2591	863	1779	2334	601	618	90	1035	3963	3110	693	3023	2231	3762	329	1605	2160	3643	2550	1826	631	3879	1022	1596	1864	2799	2783	193	131	90	2827	1147	904	2397	1261	1583	3386	2268	1732	2854	1751	1858	1478	4096	1309	4051	1687	2516	257	2623	3988	1615	90	1986	458	2601	2763	538	3998	1103	3435	3207	145	3140	1009	4073	1910	3431	3454	3902	3321	1193	2185	3706	3540	2684	3842	2281	3459	3496
942	449	3718	2220	1197	1296	3697	3600	90	2748	2881	2363	1731	4035	3510	2328	3196	2200	1991	430	2245	1450	2924	674	1006	103	171	1546	2658	3323	1071	2121	138	673	90	2977	3216	3055	1139	856	1539	2826	1419	3433	1887	90	3077	3327	1652	734	1676	1134	1325	2899	1309	4096	1443	3823	3620	1445	3669	209	236	2444	2845	1170	3891	1587	2483	2821	2862	4027	1079	2146	2445	1027	2106	580	90	4079	802	3373	2167	3199	1814	1508	4029	3933	3289	2872	3965
960	2663	1965	1749	3438	1980	186	313	163	166	4030	901	1093	623	2595	2686	1254	2313	556	1045	3659	1902	2124	3555	4087	2892	2834	641	697	2368	2795	2142	99	3703	1614	1776	1529	3141	2682	1656	667	2915	2537	569	3906	2283	713	3439	2407	225	2765	3977	3464	90	4051	1443	4096	656	2159	386	1891	202	1287	1173	4031	855	3886	2338	341	3287	1107	2530	1061	1767	1053	813	289	1332	3019	1120	2868	511	795	866	957	744	1255	651	518	3505	1212
2317	930	1923	3056	1366	160	3861	1947	3666	1432	3607	295	482	3468	788	721	175	112	3740	2917	3481	792	3695	3132	3980	2882	2513	206	3926	2423	4048	642	250	3036	4044	1865	947	3002	90	634	2673	3405	4061	309	3892	174	1901	3636	740	194	3334	2759	4076	2182	1687	3823	656	4096	2620	831	1379	1968	242	1276	1789	3978	2837	2859	123	2970	3554	610	662	3158	2374	3165	3413	1565	291	426	2812	2713	4072	2807	2461	528	3034	1116	2632	3042	1918
1938	3108	2648	812	1231	3274	410	715	2128	3514	1727	3340	3344	318	1026	910	1036	2675	90	664	934	1234	2571	2299	3442	2538	267	1474	2506	750	549	1995	1346	391	1821	1326	1811	3130	1532	90	2565	3375	2241	322	3656	964	3218	2996	1522	853	2257	658	882	3016	2516	3620	2159	2620	4096	906	3197	95	4011	420	2375	871	3139	2702	2940	4049	850	2665	156	3356	1809	2350	646	1829	3928	877	368	3325	3265	1015	90	1232	423	4082	3616	1564	1475
1283	908	778	135	2766	3233	486	1403	119	3795	455	3487	2076	3286	3675	611	635	2095	962	389	1762	3368	936	666	596	2619	3678	3387	2771	3205	1377	2169	3026	4006	2923	229	2983	259	3650	534	3237	1358	2546	1610	815	335	1240	2429	128	1131	3244	1823	1600	898	257	1445	386	831	906	4096	1678	902	1174	3911	628	3709	1392	974	2519	1430	3118	2060	1001	2345	932	1575	1163	2547	90	2544	3520	349	1218	3338	1310	1710	3786	3266	3241	859	1989
282	3048	2820	1132	3727	785	2228	380	3705	394	2157	1515	2102	109	1553	551	3001	1037	2867	2737	996	2961	3655	1328	207	3485	1342	779	1730	2559	1619	1406	3044	2796	268	1091	90	728	507	152	90	2078	751	3202	480	619	1599	3747	3929	1068	1090	403	1349	3829	2623	3669	1891	1379	3197	1678	4096	2039	582	1642	1870	2298	3245	2096	3316	879	1000	325	1427	3942	2733	1825	1227	2603	1201	2789	566	854	4032	1866	1988	2906	2890	1943	1907	3630	2676
3873	3024	3777	1080	3409	939	90	92	3382	3138	90	2295	3949	3168	3038	1253	3662	3847	3769	565	953	560	3088	1765	159	828	281	1970	157	1270	2133	2762	1246	509	929	1936	2895	258	1384	3640	261	2515	3436	3881	2384	90	90	3259	2224	3379	3736	1105	2331	1402	3988	209	202	1968	95	902	2039	4096	2354	3567	98	1466	575	1299	1833	848	314	1718	2400	1398	150	497	1804	2900	323	1195	3261	133	567	3637	1390	3164	1459	2011	1467	723	2897
2020	2819	3871	889	880	1340	756	659	2261	2043	608	445	3744	773	2309	2050	1840	321	2425	397	90	1548	3815	1798	355	1497	2794	2622	717	2276	3097	3931	1588	981	1912	4090	1484	3312	536	3602	3389	3945	3999	2828	3614	1846	3851	1455	2022	3303	2168	1085	2851	4028	1615	236	1287	242	4011	1174	582	2354	4096	3501	3722	3633	1130	2688	2495	3263	3987	943	2326	1669	3773	1890	762	2605	1371	2957	1492	2860	573	1640	2966	520	2575	3315	1558	2633	542
1855	1878	3144	1361	2816	2189	198	1252	2768	2536	3732	2709	2618	968	1405	2549	3537	1896	2674	4064	3204	1017	1757	1013	3005	576	922	3647	945	2273	586	2171	2945	2852	3563	3542	738	1198	107	3182	1604	3922	3927	2626	3764	90	3645	1639	1335	698	3492	3104	344	1944	90	2444	1173	1276	420	3911	1642	3567	3501	4096	277	858	441	1977	358	2850	1238	460	3031	1262	2925	2739	3262	2593	2730	3357	680	3500	1838	2438	1972	3351	3219	1365	918	110	3855
3232	977	3430	1570	1969	927	1011	3349	1572	90	2446	2625	1586	2465	2504	2436	1550	235	2539	926	3178	2666	3507	548	3787	2630	90	3818	2531	3805	2155	2297	3302	2960	3062	2679	2833	90	2939	3948	1549	2755	3300	612	170	2649	1338	2130	1806	530	535	3363	1618	1284	1986	2845	4031	1789	2375	628	1870	98	3722	277	4096	3683	375	2694	3606	219	3449	2450	1064	743	2300	938	3247	179	4002	1167	1038	1400	2554	203	887	3105	366	3414	3272	2286	2332
234	2551	1076	969	2558	400	757	3814	2199	2057	3224	2355	456	2773	695	3682	2873	228	2153	393	3240	3526	2290	3006	3367	2863	2468	2670	90	3309	1289	3690	1313	594	3040	650	3254	1351	888	2214	3416	3894	434	3079	2378	1089	122	3332	3660	655	3551	1095	1168	1339	458	1170	855	3978	871	3709	2298	1466	3633	858	3683	4096	3352	3195	2353	275	2602	2001	3753	2740	4093	500	1847	214	1939	2927	1933	2089	3843	1169	4074	2997	90	3821	3133	3307	3384
2533	3251	861	1881	729	1625	620	2936	3939	1260	2045	1552	1125	1637	3488	1863	3145	1316	1836	3162	2562	446	3793	2749	2419	3558	670	2087	487	3059	770	288	1937	3173	2063	2126	1428	1740	1932	2718	90	348	1172	900	1685	120	3800	3402	90	2149	3935	2973	3193	3503	2601	3891	3886	2837	3139	1392	3245	575	1130	441	375	3352	4096	1084	3712	2325	3665	239	3632	1389	516	3519	3968	2911	1449	1347	1322	3172	4070	1397	2278	2035	1482	3022	2129	2962	1233
1256	302	1446	3453	3294	3545	3134	588	316	3657	1911	1743	1502	3966	2610	3524	2073	3236	1527	886	3152	3975	2201	2711	3728	1266	808	1323	519	1404	3106	1875	504	2677	2797	1860	1772	768	3184	862	3252	2592	1506	1946	1483	2988	3788	3281	1888	3122	2025	3781	739	3099	2763	1587	2338	2859	2702	974	2096	1299	2688	1977	2694	3195	1084	4096	3550	3579	1925	90	2004	3404	2842	492	3904	2164	649	1898	2699	3686	2010	1192	3227	2548	2775	2453	1807	823	3915
2108	247	2631	3372	3869	1049	2529	2027	1321	3271	2954	2831	221	870	429	90	613	1343	3331	1818	1709	3785	3992	1250	1948	637	162	3615	1073	3837	524	890	1673	503	2329	892	1110	1491	1295	1543	2691	3115	3417	3255	914	3529	2727	387	2798	1031	1510	1554	2254	3378	538	2483	341	123	2940	2519	3316	1833	2495	358	3606	2353	3712	3550	4096	3446	3951	1542	3867	3444	3304	3423	3160	1805	369	2459	3733	1185	2734	1780	2175	3994	1297	2028	1043	3739	3553
90	3735	2802	2567	2260	896	2667	220	367	2014	2926	396	4086	2064	1225	3174	547	540	284	1683	2490	3848	1976	1906	336	136	3337	3348	2815	1760	3589	3469	1301	911	3039	373	1417	1292	1487	836	2156	4007	1158	2312	3880	1249	2781	3751	3719	2277	2212	1350	1360	3035	3998	2821	3287	2970	4049	1430	879	848	3263	2850	219	275	2325	3579	3446	4096	217	3893	3885	2690	3701	1770	2994	1489	3109	1072	1298	226	2715	782	998	545	1635	4050	946	3424	3811
2588	3870	3780	1247	2017	3716	4047	146	948	1990	1771	1523	1317	1382	1468	1436	485	90	1485	3194	979	1793	2080	4041	3536	339	424	1783	279	4003	4075	3511	2069	3603	3189	732	2604	2695	2255	2399	3075	1451	1782	1979	90	2629	3812	1041	1019	3759	2520	3654	2388	2993	1103	2862	1107	3554	850	3118	1000	314	3987	1238	3449	2602	3665	1925	3951	217	4096	1348	2698	3708	2029	139	319	2433	248	2948	3043	3326	1698	3937	1524	3467	699	3816	2758	1341	2991
2545	3635	2955	409	681	118	2420	2383	4023	2294	1476	2839	2659	2672	2705	2822	564	1259	90	931	201	2527	3322	2292	1835	2196	3380	90	522	3277	1724	543	3070	2005	3889	1008	3982	3693	3631	2454	2614	2094	1961	2563	2256	2811	1345	2066	1016	3267	90	793	3093	2161	3435	4027	2530	610	2665	2060	325	1718	943	460	2450	2001	239	90	1542	3893	1348	4096	90	3279	204	1631	1115	3888	2247	2003	3824	2639	1763	1066	362	1627	4000	2992	4022	90	90
3562	1230	3767	2315	2463	869	2646	2097	1245	3398	3770	1129	2943	2723	3947	2232	1219	1745	3283	2627	3113	584	672	3691	345	1237	3866	2965	3391	374	1458	1957	1585	3041	3658	379	2745	111	2327	2486	415	299	3169	3358	761	1848	2685	3923	330	3065	283	2701	951	903	3207	1079	1061	662	156	1001	1427	2400	2326	3031	1064	3753	3632	2004	3867	3885	2698	90	4096	3782	1930	907	444	1955	2871	3887	1418	3345	794	1465	597	3646	1927	90	1281	3522	1853
278	1617	1385	413	3292	1787	1594	1649	4001	273	1481	3445	4020	3817	3064	3385	555	3946	722	2279	1374	645	1002	3030	1493	570	4034	2857	211	1720	562	811	1331	755	2985	2824	928	737	1352	758	3761	2389	3853	3054	2341	304	3649	995	1844	2372	3594	2177	392	3877	145	2146	1767	3158	3356	2345	3942	1398	1669	1262	743	2740	1389	3404	3444	2690	3708	3279	3782	4096	2858	498	144	3107	3661	3819	222	4085	1213	2941	3432	3230	2430	2583	90	2321	1108
2989	2474	93	1106	385	1573	2801	3797	1040	1423	1612	255	3850	1828	1208	140	1608	2002	1670	3791	4053	1978	1956	142	3298	3993	3074	1992	2800	1123	3570	1387	307	2075	3936	3527	3721	1567	3125	4033	3033	1024	3347	1160	361	2145	1691	3595	2505	1646	917	2525	1239	3707	3140	2445	1053	2374	1809	932	2733	150	3773	2925	2300	4093	516	2842	3304	3701	2029	204	1930	2858	4096	3257	90	3884	227	3092	873	2660	1112	759	624	354	2874	2306	2401	1327	3418
2786	3588	1486	2920	3412	269	1876	271	1999	1229	3166	2352	1916	3214	2226	4052	365	2692	3872	1464	3246	2127	2594	763	1441	3177	1181	3192	970	851	2596	3096	3390	3466	1109	2033	2470	677	3833	1666	1220	3689	826	830	2390	2582	3429	881	833	90	602	844	3282	3874	1009	1027	813	3165	2350	1575	1825	497	1890	2739	938	500	3519	492	3423	1770	139	1631	907	498	3257	4096	1852	3590	2984	2410	589	2351	531	1633	4068	746	3715	3952	3427	2046	2448
116	1509	2209	90	874	1141	412	1235	2661	1921	2118	2195	3950	381	433	2878	3868	1264	2417	3068	2131	90	3395	1736	399	1021	3723	90	2634	3854	1654	2476	3004	2573	3450	3495	2362	90	3856	1790	648	891	1750	1469	1672	457	218	3243	3597	2308	1012	3320	954	3071	4073	2106	289	3413	646	1163	1227	1804	762	3262	3247	1847	3968	3904	3160	2994	319	1115	444	144	90	1852	4096	1703	3017	512	1613	3611	190	598	987	1462	2731	3276	3750	840	806
3574	1820	3523	3250	3956	849	3493	2409	2213	676	3136	3673	678	1985	1725	3836	2191	3308	90	1376	2234	3671	1643	2849	2855	1282	1620	1146	3506	805	1723	2428	1677	696	3084	1544	1221	3581	1967	454	1278	1244	3295	2288	308	832	2346	2042	818	1868	2806	3685	3210	2576	1910	580	1332	1565	1829	2547	2603	2900	2605	2593	179	214	2911	2164	1805	1489	2433	3888	1955	3107	3884	3590	1703	4096	3336	208	303	3314	3497	2761	2687	196	1839	1411	90	2478	3155
254	692	3052	388	1302	1010	1189	3364	2484	466	1113	1719	1414	2757	3029	786	3981	2163	2396	912	1630	3319	702	90	2909	363	3073	1207	195	3154	2651	1919	1953	3494	1500	3515	1974	1372	2879	2693	3010	1908	90	3943	2462	1336	2252	3859	293	3724	2780	1879	439	1463	3431	90	3019	291	3928	90	1201	323	1371	2730	4002	1939	1449	649	369	3109	248	2247	2871	3661	227	2984	3017	3336	4096	1183	90	787	2735	4059	1453	2716	630	1647	663	1559	3940
1118	578	1117	1305	2769	3831	3457	265	3619	3211	3725	90	3513	1800	2838	505	780	4056	1279	2249	1334	483	824	292	2637	1696	274	1626	2114	2541	473	3339	2930	3882	1993	2365	1706	1369	3832	3774	1702	2817	3720	2009	1688	2386	2511	2580	1223	581	1165	2147	3921	3858	3454	4079	1120	426	877	2544	2789	1195	2957	3357	1167	2927	1347	1898	2459	1072	2948	2003	3887	3819	3092	2410	512	208	1183	4096	3944	2242	521	3971	2990	1171	1856	975	3269	1949	983
687	4055	3475	2040	706	3231	2975	895	1191	2082	3135	572	3608	1516	2805	3419	2611	3280	3009	474	1236	306	2373	3625	897	1421	3568	3046	753	3546	949	3803	3653	2905	4013	2647	1051	1889	764	2405	2568	1653	2203	1557	1149	2137	660	2696	481	290	3217	4010	212	876	3902	802	2868	2812	368	3520	566	3261	1492	680	1038	1933	1322	2699	3733	1298	3043	3824	1418	222	873	589	1613	303	90	3944	4096	3729	2272	961	2931	3959	2597	141	2336	4046	1611
414	2784	3086	997	276	2844	2656	730	1329	1148	1655	2342	3955	1032	343	2566	246	1924	2910	2421	3479	1582	2217	1632	3508	3225	2337	1768	3899	2561	488	1155	3989	3890	3798	3813	347	3484	3175	1681	2681	2144	1589	90	2508	1495	600	1356	104	1964	647	2825	1775	3688	3321	3373	511	2713	3325	349	854	133	2860	3500	1400	2089	3172	3686	1185	226	3326	2639	3345	4085	2660	2351	3611	3314	787	2242	3729	4096	2243	3808	2700	2442	2304	2494	3930	1186	90
1658	2644	2793	1734	963	814	671	682	2880	1897	2190	2528	224	3895	3208	2194	2847	2950	915	3714	2866	3081	3557	4025	1861	2818	443	3592	1810	799	2179	561	644	2048	3986	3397	1291	1388	2501	3032	632	2543	709	459	3408	2222	2951	447	2974	263	326	2934	3517	90	1193	2167	795	4072	3265	1218	4032	567	573	1838	2554	3843	4070	2010	2734	2715	1698	1763	794	1213	1112	531	190	3497	2735	521	2272	2243	4096	1592	568	2269	1050	2074	852	1733	2556
105	90	90	2258	1412	169	1963	791	2964	727	1525	2640	3426	90	2036	1251	2356	173	3260	3270	3403	3676	941	315	3972	2891	3273	705	3996	3354	3371	1202	90	1127	404	1077	1697	1528	1593	115	1872	2343	1533	3538	1457	1138	991	3552	3346	1243	899	1359	1312	3771	2185	3199	866	2807	1015	3338	1866	3637	1640	2438	203	1169	1397	1192	1780	782	3937	1066	1465	2941	759	1633	598	2761	4059	3971	961	3808	1592	4096	114	317	3549	3422	2877	2172	2083
3599	2782	2929	1023	167	428	1815	1973	3905	605	2883	3083	2115	1014	2624	3293	2280	1578	3664	2376	2607	3860	2120	2381	3700	3838	2491	1998	2485	1904	3474	3763	251	3229	184	2253	3187	626	1746	3085	3639	3058	2219	2319	1648	1660	3667	1935	453	2577	3185	2412	187	1748	3706	1814	957	2461	90	1310	1988	1390	2966	1972	887	4074	2278	3227	2175	998	1524	362	597	3432	624	4068	987	2687	1453	2990	2931	2700	568	114	4096	1959	4092	3909	837	577	2722
1272	716	796	2347	2382	1984	495	4063	3393	621	191	2542	2581	3473	2901	3864	1196	2864	1689	2907	2424	958	2683	3755	438	2206	102	2803	90	1797	2455	1884	2047	3369	1143	2836	2262	638	1307	1862	2266	4039	3768	90	2792	3958	593	1538	2358	448	878	1962	2289	2888	3540	1508	744	528	1232	1710	2906	3164	520	3351	3105	2997	2035	2548	3994	545	3467	1627	3646	3230	354	746	1462	196	2716	1171	3959	2442	2269	317	1959	4096	3149	821	1047	359	3123
1624	3742	356	1007	3498	703	3997	868	1744	4069	3652	1563	3324	2230	2415	1101	916	333	1641	1396	3420	841	1694	3163	4042	2098	3668	4012	3176	616	2244	1517	599	2708	800	3212	2086	3008	2426	3471	2360	3278	807	4089	1222	1602	3623	2204	3991	724	1929	3794	967	1530	2684	4029	1255	3034	423	3786	2890	1459	2575	3219	366	90	1482	2775	1297	1635	699	4000	1927	2430	2874	3715	2731	1839	630	1856	2597	2304	1050	3549	4092	3149	4096	3730	3007	3717	3268
3960	1801	418	3684	2598	1595	510	442	3587	147	3778	3087	1226	377	986	451	1409	97	1184	1122	2437	1205	3226	3156	2840	1407	1729	1314	719	2117	2894	3783	1425	3313	3089	1561	3624	1320	90	1690	1581	2051	2471	2432	1204	2976	3830	1228	1086	2044	2703	1764	2535	2248	3842	3933	651	1116	4082	3266	1943	2011	3315	1365	3414	3821	3022	2453	2028	4050	3816	2992	90	2583	2306	3952	3276	1411	1647	975	141	2494	2074	3422	3909	821	3730	4096	2655	1941	3789
2391	1834	3584	919	3215	684	3012	3748	2152	801	3011	3900	978	2037	1410	1824	2099	772	3586	633	1816	134	1802	1987	3621	1194	733	3053	427	353	3078	2178	2710	1190	2324	669	230	476	1679	197	1920	2875	266	765	1258	340	1182	3598	1242	3628	2553	2744	3221	1216	2281	3289	518	2632	3616	3241	1907	1467	1558	918	3272	3133	2129	1807	1043	946	2758	4022	1281	90	2401	3427	3750	90	663	3269	2336	3930	852	2877	837	1047	3007	2655	4096	311	2055
2585	2753	3343	1431	525	493	1739	2706	1039	3394	625	552	2980	2697	2440	1126	494	3256	2314	3674	1551	182	2488	1177	985	3392	3049	2305	1375	1124	2814	2579	2952	3593	1711	3366	3556	2617	3970	2427	1438	2916	2456	935	1922	2724	2979	2958	1584	2978	1274	3063	1882	3209	3459	2872	3505	3042	1564	859	3630	723	2633	110	2286	3307	2962	823	3739	3424	1341	90	3522	2321	1327	2046	840	2478	1559	1949	4046	1186	1733	2172	577	359	3717	1941	311	4096	1480
843	3912	3200	2132	3060	1560	3626	2236	1880	3539	2357	2804	2016	125	3914	952	1370	2026	1899	4009	707	2335	1161	609	2282	1623	240	2380	3822	382	233	3582	461	1154	3516	3015	3120	1645	2109	1555	585	372	2480	689	966	431	2404	1070	2493	1514	550	3731	2385	1715	3496	3965	1212	1918	1475	1989	2676	2897	542	3855	2332	3384	1233	3915	3553	3811	2991	90	1853	1108	3418	2448	806	3155	3940	983	1611	90	2556	2083	2722	3123	3268	3789	2055	1480	4096
