4096	2739	550	939	438	2029	2180	1385	1743	3500	305	2866	1955	591	2253	1864	3819	204	3805	1352	2086	1968	3076	3369	973	816	3887	107	2596	3489	3343	1632	549	3572	1467	3661	2916	502	1690	2660	782	3320	2605	273	90	2825	3934	966	3340	507	3651	454	1260	648	3267	701	2873	4000	3113	3600	2459	2589	2522	3555	3814	90	542	1845	2268	2491	2337	1744	4017	2997	2506	809	408	2721	2758	1687	443	3797	3503	2693	2112	788	555	3157	1469	2619	1552
2739	4096	878	309	3525	3752	195	3618	1330	2603	90	635	1737	2165	90	1596	3627	2579	1886	626	2450	3054	1681	3962	3527	1082	3323	2196	2954	2756	1177	2959	3767	812	1481	3380	1298	3605	3850	1985	1755	2251	3917	3338	1947	1630	2017	3714	1648	1715	1714	1428	4026	90	2684	3702	2655	2642	2783	3669	90	186	1683	3107	1196	1908	3945	2452	394	2767	3261	858	3071	2750	3311	293	1667	2258	3678	1974	3791	2280	1199	1209	3082	3636	1581	1526	2948	264	1826
550	878	4096	1733	699	1948	3719	4061	586	3335	2772	250	601	2829	2016	1679	4055	3283	1035	3929	766	1125	1265	3272	115	2489	3178	1329	2345	1219	3778	1030	257	476	249	3665	1204	90	3961	3936	977	3181	1090	2747	3057	301	1508	742	1665	3190	246	2611	2658	3234	2269	398	2488	2341	2515	3075	1967	1166	1436	872	306	3017	2461	1144	1051	3537	2002	2530	1460	90	3043	723	1618	3094	2207	957	2598	1039	2181	3102	3529	3884	943	3630	3312	90	2560
939	309	1733	4096	2926	1844	1224	2325	1108	2912	2415	3513	2474	2083	505	4008	1188	3937	2770	2204	3989	2971	1011	807	3586	1560	2413	278	103	1443	3860	797	1943	840	256	90	1027	628	3801	3115	286	692	2101	1708	2519	201	328	625	3685	341	391	1244	2757	2613	3584	1670	1339	1788	1303	2751	3534	3410	2950	3432	272	3713	1940	3974	2818	1859	750	2434	2901	3802	1245	181	90	711	2606	2141	3319	2236	4038	2056	3848	484	3994	90	220	2235	713
438	3525	699	2926	4096	1465	3176	3308	3242	1684	90	2753	2516	2765	94	331	1846	2634	533	952	2256	3508	990	1705	1211	3511	944	128	1043	899	3699	3574	3416	819	2849	1456	1830	1573	978	728	208	2905	4079	1619	339	1312	1704	1566	3720	2713	1970	775	981	3445	1181	3682	90	3134	1749	3560	563	3517	2111	1198	740	3305	3977	808	2836	2166	3342	2802	2752	2044	465	1267	106	3540	3506	849	1373	1492	2469	1977	1399	698	1288	2556	95	2145	621
2029	3752	1948	1844	1465	4096	653	1553	1815	554	452	2198	167	2094	2999	2091	573	370	393	2128	2784	3213	3684	1338	3029	2059	3591	2889	1251	1682	2719	90	2178	2939	2210	3192	1048	1140	1014	1083	3775	469	90	1387	3081	3980	736	2451	399	2533	1982	1689	90	1439	3985	126	2680	2143	294	2485	3837	108	1855	1531	1046	1569	2906	2144	1654	3243	3601	2641	619	3711	998	500	651	2108	1005	506	3698	1976	3773	1996	1895	258	3979	2071	1325	2933	2938
2180	195	3719	1224	3176	653	4096	482	90	404	2731	1650	2271	1420	217	426	1099	1367	3799	815	970	2427	1057	3310	1403	1025	1056	1391	1656	838	4023	4001	2785	2804	2262	1317	2173	1130	3696	1002	387	4090	508	1397	2908	1833	801	446	3925	2880	1664	2428	1565	3394	3368	1268	418	4006	114	3257	284	2205	931	358	90	2676	470	3202	255	1100	1821	3949	376	2648	1530	1741	1180	2355	753	1409	2486	3199	2445	3077	4052	3090	2659	2715	1222	3770	2148
1385	3618	4061	2325	3308	1553	482	4096	312	1158	2585	1474	1765	3478	895	2882	2663	366	3021	2685	627	1760	127	841	1417	3855	3303	2574	2877	1869	2412	3491	3749	2520	90	2404	292	1466	743	905	296	2119	2910	3861	1464	3521	3450	1891	2942	3881	738	606	3518	483	3074	466	865	1033	2936	3451	2780	1408	2390	2599	2981	545	1570	90	3841	422	3496	915	2814	2834	1646	1602	2791	1172	480	857	1918	600	1137	2969	1840	1568	2475	1480	3997	765	4032
1743	1330	586	1108	3242	1815	90	312	4096	1445	2160	852	1732	1212	329	2915	861	2011	3469	2032	3379	3689	1894	1252	1916	2406	121	1276	3346	474	1192	1549	556	90	1939	1230	954	1433	3625	307	2975	1337	569	2679	212	3853	881	1528	2808	1925	2616	1107	930	405	2194	3597	523	4064	1411	1586	1800	1538	3347	3231	2238	3561	514	2923	2650	2689	2500	2050	1112	3509	2501	913	1139	2612	1571	2274	1072	2380	1150	2514	1513	2458	1504	3037	1896	3744	3297
3500	2603	3335	2912	1684	554	404	1158	1445	4096	3709	2745	1021	90	641	1603	1776	3196	3444	910	615	188	1950	3623	822	2832	2957	1346	576	2103	2060	603	1356	1096	2927	1170	141	2561	777	2799	3795	260	3111	3755	2879	2298	1381	1605	2305	3462	3734	3822	2871	779	1394	168	511	270	1666	3588	3266	1479	2328	3189	1142	2000	2883	3233	4025	445	3835	2615	3642	3245	2875	672	1133	658	3920	90	590	1556	1148	2544	1774	2248	2130	1520	3701	3823	759
305	90	2772	2415	90	452	2731	2585	2160	3709	4096	3296	1407	3229	135	459	842	2296	3641	3939	553	3276	2576	3715	1819	3363	3550	2323	1092	820	2492	1753	183	3069	696	988	1523	1120	138	3911	1871	1532	1350	340	3973	3498	2743	2424	2801	980	2110	1013	1372	1953	1589	2364	3675	236	3285	3592	1319	2820	1816	1497	3067	754	2156	2601	1262	2782	378	517	2571	733	206	3549	3123	478	3940	2979	1217	923	179	4007	2179	1702	2157	1081	3098	3763	1932
2866	635	250	3513	2753	2198	1650	1474	852	2745	3296	4096	2075	739	2183	3105	90	3969	2152	1095	3301	365	494	464	3288	682	2175	1841	2805	1999	430	2483	4066	4054	1707	1590	156	3179	1779	90	2462	3620	3776	3727	1218	3015	409	1637	2027	3359	4049	794	4004	2295	2319	3938	185	400	1461	1930	3836	2702	503	3353	1768	1287	2381	3931	2001	3594	442	1698	3244	147	90	3236	1631	2151	2377	2398	413	1742	855	90	2389	1992	1190	3876	2353	498	3025
1955	1737	601	2474	2516	167	2271	1765	1732	1021	1407	2075	4096	2813	1326	2972	4083	2572	1905	1449	596	2507	1270	2012	3674	354	1143	3602	2864	90	3691	1468	3016	496	1437	2963	1119	1703	997	3125	90	1706	1873	1700	3144	1032	518	1539	2760	3460	1852	3673	2886	3428	3826	2281	1910	848	3655	2109	4069	3790	3960	1971	890	90	322	3668	2438	2419	1232	891	3085	757	2795	850	218	560	90	2420	2534	3604	1323	994	1332	3409	1527	3174	2768	3459	2203
591	2165	2829	2083	2765	2094	1420	3478	1212	90	3229	739	2813	4096	1804	1402	3053	1537	866	421	1723	803	2890	2851	2538	1926	2984	3378	748	2122	2317	3690	2872	1453	1716	3030	2066	3754	1962	1059	1606	2394	3666	1368	1639	347	1149	749	3449	2378	2400	362	3117	3523	244	1745	1592	3135	3694	1333	3635	211	3254	716	2068	1856	2913	1644	2523	1897	2422	2692	1236	177	1240	3944	1478	3226	1517	3427	2508	325	599	3963	2321	4059	1286	1434	2026	718	896
2253	90	2016	505	94	2999	217	895	329	641	135	2183	1326	1804	4096	3959	3228	2335	2966	1264	4033	3575	1758	2460	2270	2221	2558	3064	1006	2600	3948	1643	856	3670	2845	1243	2385	3541	3294	2580	3902	3452	2481	268	795	1615	2678	3874	90	530	2137	2340	642	946	2674	2388	3001	1545	175	1900	3078	1322	1220	3787	1360	1490	691	3820	2722	1493	3440	578	1827	1249	3260	1778	2291	1228	1934	3280	4089	2316	3482	660	252	1292	2844	3933	725	2699	2895
1864	1596	1679	4008	331	2091	426	2882	2915	1603	459	3105	2972	1402	3959	4096	4082	652	2636	3792	1263	2443	1726	675	1688	1442	3425	1782	2911	1454	2628	3882	1305	2237	3114	3852	2846	90	3761	1427	2266	2738	390	295	2357	1279	3481	3872	2376	582	2861	1731	3796	810	1936	3470	3695	2602	448	1763	1068	1486	2356	4005	2726	574	2664	277	1617	504	657	2763	1131	3415	1997	1293	3356	90	2584	1309	3693	4042	2707	3609	1448	3927	539	687	3916	374	3138
3819	3627	4055	1188	1846	573	1099	2663	861	1776	842	90	4083	3053	3228	4082	4096	1597	1499	1226	3031	1080	3112	2048	934	388	2209	105	2513	3847	2568	1575	609	1018	2774	3858	1818	925	1547	1008	1878	1972	1662	4086	920	1050	377	2047	90	3006	1944	3304	3330	3047	2479	3619	1595	3551	3751	3448	3255	2136	3903	2505	3987	926	2267	1413	146	2126	3131	2189	310	3804	3314	3387	1574	3429	744	510	605	2503	3499	3813	2146	1535	3441	2932	3042	813	3559
204	2579	3283	3937	2634	370	1367	366	2011	3196	2296	3969	2572	1537	2335	652	1597	4096	4047	1355	1003	3397	823	4073	1369	1966	3898	266	1060	1093	2065	3640	308	1419	412	4057	1075	4075	243	1838	1163	1658	1748	1561	1299	3251	3351	1425	397	1024	2497	2687	1598	428	1364	3607	2614	90	677	1780	2716	1629	375	3598	247	2857	1421	3581	4019	734	1938	3051	3738	1691	1017	2456	2762	1843	2545	2993	4070	4092	2287	758	2366	3895	90	3292	4029	2306	1161
3805	1886	1035	2770	533	393	3799	3021	3469	3444	3641	2152	1905	866	2966	2636	1499	4047	4096	2786	2004	3232	234	3424	3474	2129	2273	439	2945	1359	2234	1502	136	90	441	2297	402	821	2041	2069	2090	2630	2639	2490	1824	3935	958	3389	3205	3905	1174	2132	1594	1696	4034	2902	3615	1459	2958	1495	3188	873	1491	1685	3197	2433	1062	346	982	194	3654	288	3731	1922	210	705	1210	1009	1989	1963	2661	384	176	3264	3840	1257	2147	3298	2892	424	2878
1352	626	3929	2204	952	2128	815	2685	2032	910	3939	1095	1449	421	1264	3792	1226	1355	2786	4096	2392	3558	949	352	1282	1187	1223	2968	3908	1813	467	1805	2167	764	3100	2131	685	1038	786	2105	3041	3687	3634	364	3566	2039	3147	1785	1374	2329	2986	2967	490	1151	3286	3180	584	4014	2842	3348	1146	4018	3375	572	3088	2312	142	536	202	4039	291	1208	2592	4015	2120	3563	1709	3923	2211	2336	90	1430	3664	2244	2088	1091	2277	1638	1973	721	1031
2086	2450	766	3989	2256	2784	970	627	3379	615	553	3301	596	1723	4033	1263	3031	1003	2004	2392	4096	2728	945	2401	2375	524	3439	1254	3093	2403	1507	380	962	1796	2590	1432	3984	2072	2223	3173	1554	1371	1348	800	337	3612	3367	3336	3912	429	90	1098	242	1611	2322	1079	1384	1424	3622	1777	3889	2457	3169	2588	1729	971	1585	3809	1503	2553	2940	1423	2742	385	613	2582	2509	4044	1887	3514	1809	3110	2201	2347	3398	90	348	2644	2193	104	3653
1968	3054	1125	2971	3508	3213	2427	1760	3689	188	3276	365	2507	803	3575	2443	1080	3397	3232	3558	2728	4096	1484	1941	1747	935	557	90	3616	2219	2214	1277	425	1697	688	332	481	1671	2555	3239	1769	174	662	2014	3316	914	2540	3187	623	3370	193	2213	969	3614	368	488	2796	2917	1674	2830	3126	883	1167	3456	416	1641	2773	987	3595	3780	1378	1290	1242	471	1888	597	3155	976	90	1106	3915	3158	140	3657	1134	2623	3849	1954	1483	382	1551
3076	1681	1265	1011	990	3684	1057	127	1894	1950	2576	494	1270	2890	1758	1726	3112	823	234	949	945	1484	4096	3494	3219	215	2161	3774	389	880	552	90	1457	2870	3377	2718	4088	3671	1567	3154	120	2669	2447	2463	112	2797	2227	1858	447	2565	836	2865	3177	673	1259	383	2383	2252	1214	90	1160	228	2043	1019	4074	3970	2755	1987	678	2031	1280	2754	3183	3883	3334	2278	2379	2686	2057	3660	1152	1340	1386	2759	617	2230	1418	2535	461	2444	2055
3369	3962	3272	807	1705	1338	3310	841	1252	3623	3715	464	2012	2851	2460	675	2048	4073	3424	352	2401	1941	3494	4096	1157	4003	1512	956	4043	700	2320	2627	462	2228	299	3153	2472	1233	1651	3133	3145	1636	3442	3953	3504	90	1991	1310	3964	333	2231	1275	2891	1145	2725	3032	230	3981	2646	1751	1258	2036	2816	3413	90	2382	676	3680	165	2643	2282	3501	885	3942	2471	938	2202	1331	1937	2624	2371	2334	269	2547	113	3557	2900	2654	1645	1351	423
973	3527	115	3586	1211	3029	1403	1417	1916	822	1819	3288	3674	2538	2270	1688	934	1369	3474	1282	2375	1747	3219	1157	4096	3156	897	1890	825	169	846	1311	2854	1392	2867	2647	2263	1248	1272	1366	2288	1956	2359	2888	581	3800	3516	3079	2941	2868	2349	3395	863	3039	2988	2893	3277	2621	198	3750	2315	3223	222	419	3269	2843	90	3885	2197	806	2847	798	3200	2976	2496	3407	102	3136	1540	2766	3256	1489	1907	760	4040	3722	3986	1475	1759	93	996
816	1082	2489	1560	3511	2059	1025	3855	2406	2832	3363	682	354	1926	2221	1442	388	1966	2129	1187	524	935	215	4003	3156	4096	3376	3632	4048	3361	1097	837	1063	1710	1623	2811	1803	565	2798	3617	3052	1533	2840	2023	1738	2164	499	1380	2290	2662	2425	4063	3426	2789	2771	318	4080	729	3830	2567	1764	1377	1020	3274	231	2361	2961	2632	90	2498	2887	411	558	2586	3434	90	197	178	1515	2874	3400	3431	1847	1739	719	817	4093	3611	351	3571	587
3887	3323	3178	2413	944	3591	1056	3303	121	2957	3550	2175	1143	2984	2558	3425	2209	3898	2273	1223	3439	557	2161	1512	897	3376	4096	3983	1981	1116	1761	2436	1071	200	2437	2858	1138	90	1471	867	1699	1472	785	1382	2748	3299	2310	2764	336	3457	3386	1435	240	745	2552	2344	1919	1722	3781	1118	3019	3324	3643	1289	221	3089	163	2610	1831	2626	3249	2727	3446	1863	1102	964	1406	2330	4053	830	2303	908	2510	2208	3845	704	190	2240	1342	3268	2035
107	2196	1329	278	128	2889	1391	2574	1276	1346	2323	1841	3602	3378	3064	1782	105	266	439	2968	1254	90	3774	956	1890	3632	3983	4096	1069	2454	381	335	3467	3218	90	327	3062	2694	3455	3326	616	802	3146	538	832	3453	435	401	972	2448	3827	122	2229	3677	4021	1084	3914	512	1587	1470	2087	1321	2468	1724	1627	3210	3587	999	2346	261	3951	2294	1600	2777	4067	780	3864	3565	3839	666	1175	566	1324	3710	125	2025	3227	3965	1516	92	3430
2596	2954	2345	103	1043	1251	1656	2877	3346	576	1092	2805	2864	748	1006	2911	2513	1060	2945	3908	3093	3616	389	4043	825	4048	1981	1069	4096	2994	3644	3816	902	667	450	3562	3070	911	1849	223	922	2465	3436	3703	3932	2652	1550	2749	2841	3545	3568	2956	437	2177	3919	1393	1920	453	3753	3742	3603	3608	180	3026	1810	303	1791	2597	2153	1786	3888	1229	2033	2528	1798	1673	2042	3140	1958	1577	2944	3066	1065	1104	1111	90	1041	1296	3468	2399	3447
3489	2756	1219	1443	899	1682	838	1869	474	2103	820	1999	90	2122	2600	1454	3847	1093	1359	1813	2403	2219	880	700	169	3361	1116	2454	2994	4096	1121	3556	3221	2187	2987	451	784	2285	3484	2546	2931	577	1677	434	3789	2953	2924	355	158	3022	3122	2093	1548	1961	3662	2124	1273	1836	3332	2511	2418	1141	2216	1241	3589	2982	3038	2833	763	2453	2493	475	2313	90	636	2537	1986	3580	1200	90	116	2828	3631	1109	3982	2964	1799	3150	253	3865	3055
3343	1177	3778	3860	3699	2719	4023	2412	1192	2060	2492	430	3691	2317	3948	2628	2568	2065	2234	467	1507	2214	552	2320	846	1097	1761	381	3644	1121	4096	3128	90	143	98	3289	2440	274	3148	1136	3950	2666	833	2302	2416	918	316	2121	3807	3479	3465	955	2815	4087	2904	271	1880	2835	457	3645	3103	3533	4076	561	90	2673	551	3141	1879	319	2850	900	4060	2089	746	845	968	3725	4002	90	2593	3203	152	1921	2821	2983	519	614	2114	241	2170
1632	2959	1030	797	3574	90	4001	3491	1549	603	1753	2483	1468	3690	1643	3882	1575	3640	1502	1805	380	1277	90	2627	1311	837	2436	335	3816	3556	3128	4096	3726	3420	3497	1802	1518	2190	3530	3733	2526	2062	2672	1694	3207	737	1914	3928	90	671	889	2578	796	3259	90	117	414	1473	90	2826	668	153	2778	3766	2100	1405	1283	1191	1476	1189	2369	1854	933	3812	3952	768	2787	1016	1341	2064	207	4051	907	2045	1315	3817	3567	936	3569	4009	298
549	3767	257	1943	3416	2178	2785	3749	556	1356	183	4066	3016	2872	856	1305	609	308	136	2167	962	425	1457	462	2854	1063	1071	3467	902	3221	90	3726	4096	2117	3869	1085	2365	1789	1345	2046	1375	2176	184	3300	3737	2625	708	993	1455	3036	245	769	2018	2839	3728	1207	3886	1316	2876	3306	1045	3406	1159	770	145	2397	1482	304	2332	3435	1438	1203	1234	1713	3697	950	579	1053	2733	2307	3163	843	2058	90	3130	3746	2863	2037	649	1719	3414
3572	812	476	840	819	2939	2804	2520	90	1096	3069	4054	496	1453	3670	2237	1018	1419	90	764	1796	1697	2870	2228	1392	1710	200	3218	667	2187	143	3420	2117	4096	3803	1103	927	1398	2077	2387	2919	3344	3732	2249	1906	3721	1911	407	3399	1215	3068	1883	2897	3339	3049	937	3284	3808	724	406	3995	1182	1542	1201	2824	3988	497	3930	1634	870	1850	2487	2417	2113	3475	3355	214	844	2541	2504	3788	2254	3396	859	3700	2405	3023	3327	2134	1770	2502
1467	1481	249	256	2849	2210	2262	90	1939	2927	696	1707	1437	1716	2845	3114	2774	412	441	3100	2590	688	3377	299	2867	1623	2437	90	450	2987	98	3497	3869	3803	4096	118	410	1557	741	664	3013	1238	2657	3461	2185	1927	3613	3175	2133	1052	3237	237	3000	3282	1178	1521	1837	1949	173	1893	683	90	2008	1094	835	2067	948	3922	433	3890	594	928	2729	1640	1848	3009	90	839	2080	110	427	2118	2079	1877	1010	3034	3502	747	96	1797	2480
3661	3380	3665	90	1456	3192	1317	2404	1230	1170	988	1590	2963	3030	1243	3852	3858	4057	2297	2131	1432	332	2718	3153	2647	2811	2858	327	3562	451	3289	1802	1085	1103	118	4096	3769	2051	953	2920	2681	1915	1042	3493	1823	238	2095	2220	1357	3186	3384	1271	2831	1511	3918	3579	2076	793	3782	1860	4022	1828	3170	1396	280	3045	2827	2407	265	3050	2411	2289	546	2909	3871	3926	1510	3204	1995	3519	1064	650	1362	2260	3411	3086	4091	1410	1058	1959	2351
2916	1298	1204	1027	1830	1048	2173	292	954	141	1523	156	1119	2066	2385	2846	1818	1075	402	685	3984	481	4088	2472	2263	1803	1138	3062	3070	784	2440	1518	2365	927	410	3769	4096	1756	1110	1239	3663	3258	2700	1624	1388	90	2736	1853	166	3104	4036	90	1612	290	3590	3955	2990	1055	2414	3907	164	2061	1086	359	3967	2200	3331	1676	3033	1114	3832	1889	2038	3293	3405	3012	3829	1274	2024	534	772	3548	1501	1945	2408	4094	3028	1661	3739	1931	2006
502	3605	90	628	1573	1140	1130	1466	1433	2561	1120	3179	1703	3754	3541	90	925	4075	821	1038	2072	1671	3671	1233	1248	565	90	2694	911	2285	274	2190	1789	1398	1557	2051	1756	4096	1825	634	3275	571	3904	157	1909	669	2577	3740	959	529	2683	3784	1946	3291	647	2360	2054	2740	2423	2384	527	3606	2710	2005	1647	2299	592	2182	3127	762	3044	1358	611	1951	3759	2053	3708	2934	3119	315	735	1179	2860	3419	432	3610	2645	631	1076	2233	90
1690	3850	3961	3801	978	1014	3696	743	3625	777	138	1779	997	1962	3294	3761	1547	243	2041	786	2223	2555	1567	1651	1272	2798	1471	3455	1849	3484	3148	3530	1345	2077	741	953	1110	1825	4096	2284	2853	2581	983	2247	1572	2246	3578	4020	2467	2020	4011	281	2339	991	1132	3921	1247	854	3124	3745	892	472	2542	947	395	1601	1750	2257	363	1488	90	100	989	139	3646	90	2543	313	1811	2115	224	2063	1235	2308	2929	1416	1868	1988	792	3993	3810
2660	1985	3936	3115	728	1083	1002	905	307	2799	3911	90	3125	1059	2580	1427	1008	1838	2069	2105	3173	3239	3154	3133	1366	3617	867	3326	223	2546	1136	3733	2046	2387	664	2920	1239	634	2284	4096	2015	2775	773	90	3273	3998	334	2226	189	1599	3143	1626	1246	2587	396	4085	717	1124	320	2914	314	1806	2781	2396	2097	2714	1964	1663	2395	2670	702	2446	532	2096	960	449	275	3433	1984	515	4013	2591	752	1347	1901	851	1370	3421	324	1817	639
782	1755	977	286	208	3775	387	296	2975	3795	1871	2462	90	1606	3902	2266	1878	1163	2090	3041	1554	1769	120	3145	2288	3052	1699	616	922	2931	3950	2526	1375	2919	3013	2681	3663	3275	2853	2015	4096	170	2638	3522	1487	767	1505	3422	2225	3946	3515	537	2712	751	3538	2049	1184	2536	3056	1546	2704	695	2499	1266	2441	781	357	709	3216	2527	2698	2595	2730	521	1225	2034	509	3392	2255	887	1328	485	828	1718	3941	516	1269	633	2823	1327	3167
3320	2251	3181	692	2905	469	4090	2119	1337	260	1532	3620	1706	2394	3452	2738	1972	1658	2630	3687	1371	174	2669	1636	1956	1533	1472	802	2465	577	2666	2062	2176	3344	1238	1915	3258	571	2581	2775	170	4096	444	1123	2951	1379	853	1942	2286	2484	1525	4046	2930	254	1294	4065	3507	285	2583	1652	3101	3599	3892	2633	3553	799	3337	1808	123	2261	1168	1426	2466	2432	2007	1712	1073	1917	3250	1001	1746	3650	1061	1202	1452	755	3729	1101	90	3843	829
2605	3917	1090	2101	4079	90	508	2910	569	3111	1350	3776	1873	3666	2481	390	1662	1748	2639	3634	1348	662	2447	3442	2359	2840	785	3146	3436	1677	833	2672	184	3732	2657	1042	2700	3904	983	773	2638	444	4096	535	689	3659	3956	1933	974	283	154	661	1176	297	2283	1231	2737	2856	3091	3061	564	2123	367	869	203	1498	1903	1000	2343	2667	1857	2649	90	831	2393	2800	209	101	3208	99	3844	3991	2354	263	679	3828	4072	1354	1067	1672	2478
273	3338	2747	1708	1619	1387	1397	3861	2679	3755	340	3727	1700	1368	268	295	4086	1561	2490	364	800	2014	2463	3953	2888	2023	1382	538	3703	434	2302	1694	3300	2249	3461	3493	1624	157	2247	90	3522	1123	535	4096	2370	3863	259	805	2806	2495	562	130	906	129	2352	1668	477	342	1902	2084	2807	3958	2524	3730	3582	282	1446	2812	862	2554	1015	665	3756	1975	2158	2998	3825	2275	3004	1912	1227	1593	2139	602	3831	3764	216	3464	3290	1450	1807
90	1947	3057	2519	339	3081	2908	1464	212	2879	3973	1218	3144	1639	795	2357	920	1299	1824	3566	337	3316	112	3504	581	1738	2748	832	3932	3789	2416	3207	3737	1906	2185	1823	1388	1909	1572	3273	1487	2951	689	2370	4096	1555	229	3108	2082	2081	1128	1563	567	3059	1049	1620	2899	3132	1923	3099	2960	893	643	3060	3978	2517	888	1074	3798	3535	3681	1801	3683	2300	3544	3901	4031	3423	2629	2293	1389	3072	3412	3087	90	1584	2391	3270	151	1414	1040
2825	1630	301	201	1312	3980	1833	3521	3853	2298	3498	3015	1032	347	1615	1279	1050	3251	3935	2039	3612	914	2797	90	3800	2164	3299	3453	2652	2953	918	737	2625	3721	1927	238	90	669	2246	3998	767	1379	3659	3863	1555	4096	3313	1023	2191	783	2735	289	3027	2386	4028	344	3512	2402	1820	2779	1077	1147	2557	703	3381	2435	3536	2309	1794	1173	1983	3401	2896	2695	1870	686	1320	1088	1899	356	235	2163	1162	2810	3862	3870	2276	827	3633	1007	4010
3934	2017	1508	328	1704	736	801	3450	881	1381	2743	409	518	1149	2678	3481	377	3351	958	3147	3367	2540	2227	1991	3516	499	2310	435	1550	2924	316	1914	708	1911	3613	2095	2736	2577	3578	334	1505	853	3956	259	229	3313	4096	2732	2192	630	1866	2092	3490	3083	2965	877	818	1793	159	3252	1787	2635	172	2243	693	3224	3972	4024	1736	3458	455	90	790	1686	2688	3573	3542	776	2925	2848	2409	2028	1591	2010	3295	2637	1044	1122	3321	3092	1186
966	3714	742	625	1566	2451	446	1891	1528	1605	2424	1637	1539	749	3874	3872	2047	1425	3389	1785	3336	3187	1858	1310	3079	1380	2764	401	2749	355	2121	3928	993	407	3175	2220	1853	3740	4020	2226	3422	1942	1933	805	3108	1023	2732	4096	3811	1494	3543	3704	1004	2563	1781	1164	2030	3667	2426	2618	3868	3137	674	3171	2107	90	1036	898	205	2575	3206	2116	3975	1541	847	3058	2168	1117	1404	2040	148	2521	3214	1924	727	580	1194	1998	171	3211	440
3340	1648	1665	3685	3720	399	3925	2942	2808	2305	2801	2027	2760	3449	90	2376	90	397	3205	1374	3912	623	447	3964	2941	2290	336	972	2841	158	3807	90	1455	3399	2133	1357	166	959	2467	189	2225	2286	974	2806	2082	2191	2192	3811	4096	90	3309	3120	3532	330	2631	300	1829	155	2788	2073	2955	2009	3992	3505	874	3160	1135	1775	1070	2019	2838	3652	2996	1105	1237	1344	491	2350	3526	2697	2449	3403	1558	431	2894	2604	2746	610	3821	1155	1376
507	1715	3190	341	2713	2533	2880	3881	1925	3462	980	3359	3460	2378	530	582	3006	1024	3905	2329	429	3370	2565	333	2868	2662	3457	2448	3545	3022	3479	671	3036	1215	1052	3186	3104	529	2020	1599	3946	2484	283	2495	2081	783	630	1494	90	4096	2962	3806	487	1205	655	1412	961	1980	91	1193	2250	3818	1529	612	501	2232	1609	1334	2186	884	4050	2943	543	1649	1037	3649	3193	1154	2494	458	3976	3318	2314	3741	131	3109	3794	3035	3149	2985	1451
3651	1714	246	391	1970	1982	1664	738	2616	3734	2110	4049	1852	2400	2137	2861	1944	2497	1174	2986	90	193	836	2231	2349	2425	3386	3827	3568	3122	3465	889	245	3068	3237	3384	4036	2683	4011	3143	3515	1525	154	562	1128	2735	1866	3543	3309	2962	4096	3480	656	3246	3596	3576	3971	2172	3209	3621	690	2184	663	239	3705	1261	1583	1861	1054	3366	2995	1960	568	2368	3263	2949	1047	1633	3097	2922	694	1559	1835	3215	894	1898	3717	3360	2348	2106	912
454	1428	2611	1244	775	1689	2428	606	1107	3822	1013	794	3673	362	2340	1731	3304	2687	2132	2967	1098	2213	2865	1275	3395	4063	1435	122	2956	2093	955	2578	769	1883	237	1271	90	3784	281	1626	537	4046	661	130	1563	289	2092	3704	3120	3806	3480	4096	520	2150	2793	4030	789	3947	1969	3485	620	2903	3846	2074	3333	3539	2333	3182	2362	489	3570	1842	2003	420	3723	3520	3116	213	379	3854	3676	2188	1253	1692	1291	3152	707	979	1635	321	219
1260	4026	2658	2757	981	90	1565	3518	930	2871	1372	4004	2886	3117	642	3796	3330	1598	1594	490	242	969	3177	2891	863	3426	240	2229	437	1548	2815	796	2018	2897	3000	2831	1612	1946	2339	1246	2712	2930	1176	906	567	3027	3490	1004	3532	487	656	520	4096	2701	919	1717	1564	3943	3159	1680	1875	1582	2162	1935	1169	2761	3483	1485	1621	860	3238	3564	604	3165	624	2928	984	2711	4016	4041	2135	2744	3924	1156	1993	3834	2551	3374	124	3875	3438
648	90	3234	2613	3445	1439	3394	483	405	779	1953	2295	3428	3523	946	810	3047	428	1696	1151	1611	3614	673	1145	3039	2789	745	3677	2177	1961	4087	3259	2839	3339	3282	1511	290	3291	991	2587	751	254	297	129	3059	2386	3083	2563	330	1205	3246	2150	2701	4096	710	3762	3777	1795	526	1832	3492	2525	1660	2709	3552	2970	1129	2792	317	2559	403	1711	1295	1728	1301	1822	1610	3402	3279	1730	3757	248	90	3172	2617	967	593	2918	2973	1727	1929
3267	2684	2269	3584	1181	3985	3368	3074	2194	1394	1589	2319	3826	244	2674	1936	2479	1364	4034	3286	2322	368	1259	2725	2988	2771	2552	4021	3919	3662	2904	90	3728	3049	1178	3918	3590	647	1132	396	3538	1294	2283	2352	1049	4028	2965	1781	2631	655	3596	2793	919	710	4096	3510	2837	986	3471	3624	2430	2338	3383	1078	3002	2512	3879	2301	2855	3317	1522	2326	3577	3893	540	1608	3472	392	640	468	1613	1314	3362	3688	3546	3466	1562	3365	732	589	871
701	3702	398	1670	3682	126	1268	466	3597	168	2364	3938	2281	1745	2388	3470	3619	3607	2902	3180	1079	488	383	3032	2893	318	2344	1084	1393	2124	271	117	1207	937	1521	3579	3955	2360	3921	4085	2049	4065	1231	1668	1620	344	877	1164	300	1412	3576	4030	1717	3762	3510	4096	90	3771	345	1867	251	995	3220	1221	2898	882	544	3278	522	1720	226	2070	3166	2991	150	3382	684	1655	3198	3129	3724	2372	921	3648	2476	90	3265	262	3437	4037	2155
2873	2655	2488	1339	90	2680	418	865	523	511	3675	185	1910	1592	3001	3695	1595	2614	3615	584	1384	2796	2383	230	3277	4080	1919	3914	1920	1273	1880	414	3886	3284	1837	2076	2990	2054	1247	717	1184	3507	2737	477	2899	3512	818	2030	1829	961	3971	789	1564	3777	2837	90	4096	3528	2992	3235	1578	1834	2318	2410	2706	3253	3168	1431	3765	3393	3856	2947	2794	2218	864	3139	2311	3262	3463	1524	2279	3891	2358	4027	137	3487	598	2078	929	3524	1519
4000	2642	2341	1788	3134	2143	4006	1033	4064	270	236	400	848	3135	1545	2602	3551	90	1459	4014	1424	2917	2252	3981	2621	729	1722	512	453	1836	2835	1473	1316	3808	1949	793	1055	2740	854	1124	2536	285	2856	342	3132	2402	1793	3667	155	1980	2172	3947	3943	1795	986	3771	3528	4096	1441	2206	1183	3315	787	90	3322	618	2174	1913	2367	3990	1642	2562	2439	3065	1784	3354	2140	3328	493	1336	1216	2817	2052	133	2822	1536	3417	3824	1772	1363	3418
3113	2783	2515	1303	1749	294	114	2936	1411	1666	3285	1461	3655	3694	175	448	3751	677	2958	2842	3622	1674	1214	2646	198	3830	3781	1587	3753	3332	457	90	2876	724	173	3782	2414	2423	3124	320	3056	2583	3091	1902	1923	1820	159	2426	2788	91	3209	1969	3159	526	3471	345	2992	1441	4096	3358	595	3020	3857	3629	2682	654	2013	1872	681	3230	528	1395	2776	3341	1256	1735	3287	1400	3656	1754	2104	1965	1762	3352	1318	2885	3371	3024	1693	109	3454
3600	3669	3075	2751	3560	2485	3257	3451	1586	3588	3592	1930	2109	1333	1900	1763	3448	1780	1495	3348	1777	2830	90	1751	3750	2567	1118	1470	3742	2511	3645	2826	3306	406	1893	1860	3907	2384	3745	2914	1546	1652	3061	2084	3099	2779	3252	2618	2073	1193	3621	3485	1680	1832	3624	1867	3235	2206	3358	4096	2242	3968	1115	1851	1306	2980	2668	3999	1514	1509	1616	2741	1500	191	531	731	3345	3349	1628	1839	3531	2640	1625	3707	3495	3161	3095	1952	3672	951	3954
2459	90	1967	3534	563	3837	284	2780	1800	3266	1319	3836	4069	3635	3078	1068	3255	2716	3188	1146	3889	3126	1160	1258	2315	1764	3019	2087	3603	2418	3103	668	1045	3995	683	4022	164	527	892	314	2704	3101	564	2807	2960	1077	1787	3868	2955	2250	690	620	1875	3492	2430	251	1578	1183	595	2242	4096	942	629	3225	1994	3325	3896	4035	4071	2374	3772	2921	1285	473	2529	134	3639	3391	1884	2790	2809	90	992	1790	3164	2671	2470	386	875	353	2946
2589	186	1166	3410	3517	108	2205	1408	1538	1479	2820	2702	3790	211	1322	1486	2136	1629	873	4018	2457	883	228	2036	3223	1377	3324	1321	3608	1141	3533	153	3406	1182	90	1828	2061	3606	472	1806	695	3599	2123	3958	893	1147	2635	3137	2009	3818	2184	2903	1582	2525	2338	995	1834	3315	3020	3968	942	4096	1300	1066	3878	2169	3735	492	1197	3350	2570	2622	826	1721	3063	3679	1579	361	111	4095	706	2653	3080	3785	2869	2723	3302	456	3718	4077	1957
2522	1683	1436	2950	2111	1855	931	2390	3347	2328	1816	503	3960	3254	1220	2356	3903	375	1491	3375	3169	1167	2043	2816	222	1020	3643	2468	180	2216	4076	2778	1159	1542	2008	3170	1086	2710	2542	2781	2499	3892	367	2524	643	2557	172	674	3992	1529	663	3846	2162	1660	3383	3220	2318	787	3857	1115	629	1300	4096	1365	1250	778	3706	3554	3647	3873	2594	1607	3838	637	1165	371	4058	585	3247	1675	287	3191	3084	1659	2549	2531	479	90	2085	1812	2518
3555	3107	872	3432	1198	1531	358	2599	3231	3189	1497	3353	1971	716	3787	4005	2505	3598	1685	572	2588	3456	1019	3413	419	3274	1289	1724	3026	1241	561	3766	770	1201	1094	1396	359	2005	947	2396	1266	2633	869	3730	3060	703	2243	3171	3505	612	239	2074	1935	2709	1078	1221	2410	90	3629	1851	3225	1066	1365	4096	3476	1534	1814	415	1752	2569	1308	3388	659	644	1876	2974	3477	2304	3686	3894	1113	2264	1740	3760	4068	2691	1028	638	513	2859	2907
3814	1196	306	272	740	1046	90	2981	2238	1142	3067	1768	890	2068	1360	2726	3987	247	3197	3088	1729	416	4074	90	3269	231	221	1627	1810	3589	90	2100	145	2824	835	280	3967	1647	395	2097	2441	3553	203	3582	3978	3381	693	2107	874	501	3705	3333	1169	3552	3002	2898	2706	3322	2682	1306	1994	3878	1250	3476	4096	3786	90	2608	868	3003	3390	3096	162	1383	985	1506	311	2482	965	834	3357	3909	2259	4045	2884	495	1783	302	730	1087	1928
90	1908	3017	3713	3305	1569	2676	545	3561	2000	754	1287	90	1856	1490	574	926	2857	2433	2312	971	1641	3970	2382	2843	2361	3089	3210	303	2982	2673	1405	2397	3988	2067	3045	2200	2299	1601	2714	781	799	1498	282	2517	2435	3224	90	3160	2232	1261	3539	2761	2970	2512	882	3253	618	654	2980	3325	2169	778	1534	3786	4096	3329	2324	3593	2656	722	3628	814	541	2099	2539	1669	3486	2245	360	3373	1302	1297	4062	2977	2429	2239	2609	3583	1213	774
542	3945	2461	1940	3977	2906	470	1570	514	2883	2156	2381	322	2913	691	2664	2267	1421	1062	142	1585	2773	2755	676	90	2961	163	3587	1791	3038	551	1283	1482	497	948	2827	3331	592	1750	1964	357	3337	1903	1446	888	3536	3972	1036	1135	1609	1583	2333	3483	1129	3879	544	3168	2174	2013	2668	3896	3735	3706	1814	90	3329	4096	1206	3626	2550	697	2127	2717	1444	1792	2171	3638	3585	3008	2327	1422	2720	761	1862	225	1588	2952	1678	2978	2620	144
1845	2452	1144	3974	808	2144	3202	90	2923	3233	2601	3931	3668	1644	3820	277	1413	3581	346	536	3809	987	1987	3680	3885	2632	2610	999	2597	2833	3141	1191	304	3930	3922	2407	1676	2182	2257	1663	709	1808	1000	2812	1074	2309	4024	898	1775	1334	1861	3182	1485	2792	2301	3278	1431	1913	1872	3999	4035	492	3554	415	2608	2324	1206	4096	2665	940	1390	771	227	3151	2292	1349	1622	2224	607	1766	575	1604	876	3162	1335	932	2473	3913	3248	2442	712
2268	394	1051	2818	2836	1654	255	3841	2650	4025	1262	2001	2438	2523	2722	1617	146	4019	982	202	1503	3595	678	165	2197	90	1831	2346	2153	763	1879	1476	2332	1634	433	265	3033	3127	363	2395	3216	123	2343	862	3798	1794	1736	205	1070	2186	1054	2362	1621	317	2855	522	3765	2367	681	1514	4071	1197	3647	1752	868	3593	3626	2665	4096	232	824	3783	1281	1544	2212	2431	3867	3842	1401	903	622	3271	3851	963	233	3201	2342	608	916	2477	3910
2491	2767	3537	1859	2166	3243	1100	422	2689	445	2782	3594	2419	1897	1493	504	2126	734	194	4039	2553	3780	2031	2643	806	2498	2626	261	1786	2453	319	1189	3435	870	3890	3050	1114	762	1488	2670	2527	2261	2667	2554	3535	1173	3458	2575	2019	884	3366	489	860	2559	3317	1720	3393	3990	3230	1509	2374	3350	3873	2569	3003	2656	2550	940	232	4096	1343	90	1767	90	670	3364	2696	3793	3011	3758	3833	463	343	715	2675	1892	279	182	3866	1361	3692
2337	3261	2002	750	3342	3601	1821	3496	2500	3835	378	442	1232	2422	3440	657	3131	1938	3654	291	2940	1378	1280	2282	2847	2887	3249	3951	3888	2493	2850	2369	1438	1850	594	2411	3832	3044	90	702	2698	1168	1857	1015	3681	1983	455	3206	2838	4050	2995	3570	3238	403	1522	226	3856	1642	528	1616	3772	2570	2594	1308	3390	722	697	1390	824	1343	4096	1771	3217	1440	2022	3194	2734	417	1034	4081	904	1185	1580	3010	570	3996	525	3712	338	2195	3779
1744	858	2530	2434	2802	2641	3949	915	2050	2615	517	1698	891	2692	578	2763	2189	3051	288	1208	1423	1290	2754	3501	798	411	2727	2294	1229	475	900	1854	1203	2487	928	2289	1889	1358	100	2446	2595	1426	2649	665	1801	3401	90	2116	3652	2943	1960	1842	3564	1711	2326	2070	2947	2562	1395	2741	2921	2622	1607	3388	3096	3628	2127	771	3783	90	1771	4096	3880	2125	1458	1127	3859	2677	3747	1153	267	4078	192	941	3966	2373	1725	2690	3241	1429	486
4017	3071	1460	2901	2752	619	376	2814	1112	3642	2571	3244	3085	1236	1827	1131	310	3738	3731	2592	2742	1242	3183	885	3200	558	3446	1600	2033	2313	4060	933	1234	2417	2729	546	2038	611	989	532	2730	2466	90	3756	3683	2896	790	3975	2996	543	568	2003	604	1295	3577	3166	2794	2439	2776	1500	1285	826	3838	659	162	814	2717	227	1281	1767	3217	3880	4096	2149	756	1307	1278	3736	4012	1496	3046	1653	1029	2548	879	1313	1089	1012	2862	349	811
2997	2750	90	3802	2044	3711	2648	2834	3509	3245	733	147	757	177	1249	3415	3804	1691	1922	4015	385	471	3883	3942	2976	2586	1863	2777	2528	90	2089	3812	1713	2113	1640	2909	3293	1951	139	2096	521	2432	831	1975	2300	2695	1686	1541	1105	1649	2368	420	3165	1728	3893	2991	2218	3065	3341	191	473	1721	637	644	1383	541	1444	3151	1544	90	1440	2125	2149	4096	1255	3307	548	196	119	3900	2154	161	1885	2989	2199	2651	2265	3743	3877	924	901
2506	3311	3043	1245	465	998	1530	1646	2501	2875	206	90	2795	1240	3260	1997	3314	1017	210	2120	613	1888	3334	2471	2496	3434	1102	4067	1798	636	746	3952	3697	3475	1848	3871	3405	3759	3646	960	1225	2007	2393	2158	3544	1870	2688	847	1237	1037	3263	3723	624	1301	540	150	864	1784	1256	531	2529	3063	1165	1876	985	2099	1792	2292	2212	670	2022	1458	756	1255	4096	160	2573	3222	1657	917	3906	1171	3637	3658	1882	1022	2363	1284	886	2102	3404
809	293	723	181	1267	500	1741	1602	913	672	3549	3236	850	3944	1778	1293	3387	2456	705	3563	2582	597	2278	938	3407	90	964	780	1673	2537	845	768	950	3355	3009	3926	3012	2053	90	449	2034	1712	2800	2998	3901	686	3573	3058	1344	3649	2949	3520	2928	1822	1608	3382	3139	3354	1735	731	134	3679	371	2974	1506	2539	2171	1349	2431	3364	3194	1127	1307	3307	160	4096	2217	3195	436	90	975	1881	3957	1026	3281	350	1195	373	3473	2142	646
408	1667	1618	90	106	651	1180	2791	1139	1133	3123	1631	218	1478	2291	3356	1574	2762	1210	1709	2509	3155	2379	2202	102	197	1406	3864	2042	1986	968	2787	579	214	90	1510	3829	3708	2543	275	509	1073	209	3825	4031	1320	3542	2168	491	3193	1047	3116	984	1610	3472	684	2311	2140	3287	3345	3639	1579	4058	3477	311	1669	3638	1622	3867	2696	2734	3859	1278	548	2573	2217	4096	3118	1695	1462	3142	909	583	1979	714	3007	1415	1757	90	97	3185
2721	2258	3094	711	3540	2108	2355	1172	2612	658	478	2151	560	3226	1228	90	3429	1843	1009	3923	4044	976	2686	1331	3136	178	2330	3565	3140	3580	3725	1016	1053	844	839	3204	1274	2934	313	3433	3392	1917	101	2275	3423	1088	776	1117	2350	1154	1633	213	2711	3402	392	1655	3262	3328	1400	3349	3391	361	585	2304	2482	3486	3585	2224	3842	3793	417	2677	3736	196	3222	3195	3118	4096	3547	680	726	3212	326	3073	1126	791	2769	2421	1614	3768	1701
2758	3678	2207	2606	3506	1005	753	480	1571	3920	3940	2377	90	1517	1934	2584	744	2545	1989	2211	1887	90	2057	1937	1540	1515	4053	3839	1958	1200	4002	1341	2733	2541	2080	1995	2024	3119	1811	1984	2255	3250	3208	3004	2629	1899	2925	1404	3526	2494	3097	379	4016	3279	640	3198	3463	493	3656	1628	1884	111	3247	3686	965	2245	3008	607	1401	3011	1034	3747	4012	119	1657	436	1695	3547	4096	1477	2852	3815	2819	1865	3716	3372	3018	2705	3385	2021	588
1687	1974	957	2141	849	506	1409	857	2274	90	2979	2398	2420	3427	3280	1309	510	2993	1963	2336	3514	1106	3660	2624	2766	2874	830	666	1577	90	90	2064	2307	2504	110	3519	534	315	2115	515	887	1001	99	1912	2293	356	2848	2040	2697	458	2922	3854	4041	1730	468	3129	1524	1336	1754	1839	2790	4095	1675	3894	834	360	2327	1766	903	3758	4081	1153	1496	3900	917	90	1462	680	1477	4096	90	2241	3040	276	1734	3106	804	2703	149	3443	369
443	3791	2598	3319	1373	3698	2486	1918	1072	590	1217	413	2534	2508	4089	3693	605	4070	2661	90	1809	3915	1152	2371	3256	3400	2303	1175	2944	116	2593	207	3163	3788	427	1064	772	735	224	4013	1328	1746	3844	1227	1389	235	2409	148	2449	3976	694	3676	2135	3757	1613	3724	2279	1216	2104	3531	2809	706	287	1113	3357	3373	1422	575	622	3833	904	267	3046	2154	3906	975	3142	726	2852	90	4096	720	372	2272	3408	2215	2098	2532	1773	645	2159
3797	2280	1039	2236	1492	1976	3199	600	2380	1556	923	1742	3604	325	2316	4042	2503	4092	384	1430	3110	3158	1340	2334	1489	3431	908	566	3066	2828	3203	4051	843	2254	2118	650	3548	1179	2063	2591	485	3650	3991	1593	3072	2163	2028	2521	3403	3318	1559	2188	2744	248	1314	2372	3891	2817	1965	2640	90	2653	3191	2264	3909	1302	2720	1604	3271	463	1185	4078	1653	161	1171	1881	909	3212	3815	2241	720	4096	460	3005	2724	1353	1978	1990	2803	2464	3488
3503	1199	2181	4038	2469	3773	2445	1137	1150	1148	179	855	1323	599	3482	2707	3499	2287	176	3664	2201	140	1386	269	1907	1847	2510	1324	1065	3631	152	907	2058	3396	2079	1362	1501	2860	1235	752	828	1061	2354	2139	3412	1162	1591	3214	1558	2314	1835	1253	3924	90	3362	921	2358	2052	1762	1625	992	3080	3084	1740	2259	1297	761	876	3851	343	1580	192	1029	1885	3637	3957	583	326	2819	3040	372	460	4096	2881	3121	2331	1543	1304	3048	632	2138
2693	1209	3102	2056	1977	1996	3077	2969	2514	2544	4007	90	994	3963	660	3609	3813	758	3264	2244	2347	3657	2759	2547	760	1739	2208	3710	1104	1109	1921	2045	90	859	1877	2260	1945	3419	2308	1347	1718	1202	263	602	3087	2810	2010	1924	431	3741	3215	1692	1156	3172	3688	3648	4027	133	3352	3707	1790	3785	1659	3760	4045	4062	1862	3162	963	715	3010	941	2548	2989	3658	1026	1979	3073	1865	276	2272	3005	2881	4096	1576	4056	1874	3184	559	3899	1447
2112	3082	3529	3848	1399	1895	4052	1840	1513	1774	2179	2389	1332	2321	252	1448	2146	2366	3840	2088	3398	1134	617	113	4040	719	3845	125	1111	3982	2821	1315	3130	3700	1010	3411	2408	432	2929	1901	3941	1452	679	3831	90	3862	3295	727	2894	131	894	1291	1993	2617	3546	2476	137	2822	1318	3495	3164	2869	2549	4068	2884	2977	225	1335	233	2675	570	3966	879	2199	1882	3281	714	1126	3716	1734	3408	2724	3121	1576	4096	2222	4084	2607	2566	3748	2937
788	3636	3884	484	698	258	3090	1568	2458	2248	1702	1992	3409	4059	1292	3927	1535	3895	1257	1091	90	2623	2230	3557	3722	817	704	2025	90	2964	2983	3817	3746	2405	3034	3086	4094	3610	1416	851	516	755	3828	3764	1584	3870	2637	580	2604	3109	1898	3152	3834	967	3466	90	3487	1536	2885	3161	2671	2723	2531	2691	495	2429	1588	932	3201	1892	3996	2373	1313	2651	1022	350	3007	791	3372	3106	2215	1353	2331	4056	2222	4096	2708	2455	199	1463	2564
555	1581	943	3994	1288	3979	2659	2475	1504	2130	2157	1190	1527	1286	2844	539	3441	90	2147	2277	348	3849	1418	2900	3986	4093	190	3227	1041	1799	519	3567	2863	3023	3502	4091	3028	2645	1868	1370	1269	3729	4072	216	2391	2276	1044	1194	2746	3794	3717	707	2551	593	1562	3265	598	3417	3371	3095	2470	3302	479	1028	1783	2239	2952	2473	2342	279	525	1725	1089	2265	2363	1195	1415	2769	3018	804	2098	1978	1543	1874	4084	2708	4096	1904	90	547	2935
3157	1526	3630	90	2556	2071	2715	1480	3037	1520	1081	3876	3174	1434	3933	687	2932	3292	3298	1638	2644	1954	2535	2654	1475	3611	2240	3965	1296	3150	614	936	2037	3327	747	1410	1661	631	1988	3421	633	1101	1354	3464	3270	827	1122	1998	610	3035	3360	979	3374	2918	3365	262	2078	3824	3024	1952	386	456	90	638	302	2609	1678	3913	608	182	3712	2690	1012	3743	1284	373	1757	2421	2705	2703	2532	1990	1304	3184	2607	2455	1904	4096	132	3240	3014
1469	2948	3312	220	95	1325	1222	3997	1896	3701	3098	2353	2768	2026	725	3916	3042	4029	2892	1973	2193	1483	461	1645	1759	351	1342	1516	3468	253	2114	3569	649	2134	96	1058	3739	1076	792	324	2823	90	1067	3290	151	3633	3321	171	3821	3149	2348	1635	124	2973	732	3437	929	1772	1693	3672	875	3718	2085	513	730	3583	2978	3248	916	3866	338	3241	2862	3877	886	3473	90	1614	3385	149	1773	2803	3048	559	2566	199	90	132	4096	187	323
2619	264	90	2235	2145	2933	3770	765	3744	3823	3763	498	3459	718	2699	374	813	2306	424	721	104	382	2444	1351	93	3571	3268	92	2399	3865	241	4009	1719	1770	1797	1959	1931	2233	3993	1817	1327	3843	1672	1450	1414	1007	3092	3211	1155	2985	2106	321	3875	1727	589	4037	3524	1363	109	951	353	4077	1812	2859	1087	1213	2620	2442	2477	1361	2195	1429	349	924	2102	2142	97	3768	2021	3443	645	2464	632	3899	3748	1463	547	3240	187	4096	3897
1552	1826	2560	713	621	2938	2148	4032	3297	759	1932	3025	2203	896	2895	3138	3559	1161	2878	1031	3653	1551	2055	423	996	587	2035	3430	3447	3055	2170	298	3414	2502	2480	2351	2006	90	3810	639	3167	829	2478	1807	1040	4010	1186	440	1376	1451	912	219	3438	1929	871	2155	1519	3418	3454	3954	2946	1957	2518	2907	1928	774	144	712	3910	3692	3779	486	811	901	3404	646	3185	1701	588	369	2159	3488	2138	1447	2937	2564	2935	3014	323	3897	4096
