5051	3724	497	2968	3866	1141	3341	521	2448	4757	3362	2909	3744	2923	237	3406	3761	4661	4329	2973	787	891	5050	2964	1222	2832	403	594	4173	1784	3100	3259	100	100	100	4700	4313	2852	2313	4347	4847	4442	3616	540	2141	4074	5040	1086	2347	677	1555	4180	4561	2162	3786	4391	4542	493	4288	3852	3566	4410	3839	2765	338	2682	3279	4935	1867	3022	1839	3366	2461	3439	4613	4773	1772	364	3737	103	4378	1957	2377	4799	2734	3745	1296	3568	713	1384	589	2929	4884	561	100	2888	2800	477	3363	1764	4439
3724	5051	100	4020	2016	3963	4759	1087	2329	2104	2012	3598	4633	4966	3595	162	3435	1027	1090	1895	1311	1664	4324	1427	1452	997	4630	4611	587	3170	2895	4948	3113	2502	2720	4523	4140	4287	2927	5014	1734	3421	3470	875	114	639	3123	4465	859	2598	799	779	3048	4754	4033	2526	541	1788	4622	4634	4345	2440	4835	320	100	2737	4337	4123	3668	1801	4646	4525	2771	2601	1180	4854	3473	3889	1446	1231	4720	1223	3987	3383	4388	4516	1209	355	2902	3356	1529	3353	4713	723	1085	2709	290	4370	272	115	4076
497	100	5051	2464	1387	2834	4352	4395	3414	2170	1313	1080	1330	4431	1816	2183	2443	3193	2258	3030	2218	475	4165	2248	4724	3494	1375	305	4609	3901	3717	2683	5004	2588	2580	949	4885	1740	1107	3246	2662	855	3768	3348	2266	957	3496	4105	3769	3735	2748	2378	488	260	4402	3452	886	464	166	2137	4941	1950	1333	1542	4812	4961	3302	866	4701	2152	1400	4535	4698	1566	2974	1292	3955	2518	4367	3759	754	2057	3546	1524	941	2065	3909	3628	3135	369	1206	2655	1004	4918	168	1910	1829	4710	384	3196	778
2968	4020	2464	5051	2061	2300	887	2679	4066	3422	400	563	4451	3203	2175	3110	4761	3214	2976	870	100	4625	3608	1737	1475	1487	4939	4514	100	3391	339	986	1860	2547	1398	3141	4203	3380	2553	4085	1880	4476	316	2429	3921	219	4569	4000	3443	3875	4218	3226	3615	833	4133	1800	3796	1874	3924	2160	214	3481	3051	3199	233	4392	3535	2579	3884	1128	460	1828	1915	4692	3798	2563	204	2539	3517	1589	3457	496	1588	2586	4373	483	3357	4025	4166	4428	257	3069	2842	3423	3231	4262	524	1063	1115	836	190
3866	2016	1387	2061	5051	4644	3918	1614	1685	3824	2453	1492	3399	1031	4628	4270	1088	4292	2226	2424	3802	3753	603	202	1769	595	3797	3860	1169	2047	2394	247	2261	4693	100	2297	1000	3255	2287	4379	4560	275	4723	3585	1982	4135	1836	3015	3360	4536	4368	3027	2415	2987	1660	2284	3730	3475	1233	3559	3929	1237	4271	1890	4938	3186	4989	2868	2552	1618	2825	3418	1909	1692	1443	1837	954	825	2959	3062	1602	4141	3208	4285	3689	4585	1202	486	545	198	2690	1585	312	1923	3215	1974	2130	1061	3532	2906	4800
1141	3963	2834	2300	4644	5051	1070	2411	5031	4252	1228	2126	3028	1750	100	2508	1686	2015	1552	4385	4683	4144	1710	1077	1569	1711	1990	1688	517	3120	1723	2512	3368	2075	4780	1779	1965	4962	918	2042	3373	3576	4718	365	3916	2024	4944	551	1258	1059	2668	1357	1457	3636	4412	1283	2456	1201	461	1395	4859	3718	4242	851	328	4456	494	2615	2196	1714	2220	4770	591	2648	4049	4716	4323	385	1565	4731	4404	3525	4241	4194	2092	388	2903	3450	4336	3250	768	1105	3003	710	2885	3648	406	3939	2361	3858	2896
3341	4759	4352	887	3918	1070	5051	1073	4484	1410	481	3848	102	3869	2680	4273	4202	2150	4529	1553	2270	2652	1819	907	2537	4047	3276	553	4843	3286	4291	309	2373	4907	3047	1802	2736	4695	2139	1726	1321	2470	4457	100	4189	3179	185	3444	2886	1394	2833	3084	4565	3101	765	3049	4679	2357	3552	3777	2758	3093	2358	397	4083	4031	308	3016	4036	3438	2093	2675	528	100	4684	2069	4986	1803	2390	3670	4251	2872	858	3970	618	2074	837	2265	1862	1271	2298	482	3152	3413	2713	1629	3935	832	4223	4590	2468
521	1087	4395	2679	1614	2411	1073	5051	3572	3409	4922	1823	4154	2335	2404	4050	2155	2847	1130	3575	2401	445	1681	2707	4407	3873	1177	1491	2871	810	4113	701	221	3657	1481	536	1878	2645	815	4200	2704	1458	2257	2710	1036	3367	3355	100	4862	937	2426	4174	816	2425	1958	2484	1364	100	1092	4158	169	3491	1021	3257	2865	4267	4282	2845	2962	663	1470	1922	1214	4506	2941	4178	4921	3244	1345	4421	3424	2913	2239	2618	3910	3347	2843	1856	4642	4434	2773	1655	3105	100	3757	1834	1054	4399	1499	2592	2058
2448	2329	3414	4066	1685	5031	4484	3572	5051	4751	824	2514	980	4475	3643	2992	4851	4794	2665	4053	1136	2716	2622	2536	1157	1721	1679	674	4103	2917	4359	2397	2778	3713	3382	3907	606	1561	3740	952	1661	2438	4821	3908	1050	3451	2862	1414	4982	1326	735	2606	1404	1992	1747	3078	1267	872	734	2252	2237	531	1320	4328	100	2626	1148	5025	3065	3850	2951	1466	2100	4450	3684	2776	4228	262	644	1380	3864	4791	1015	367	2587	1527	783	4645	4666	4253	3385	3832	1738	2732	756	1853	2505	1438	419	3320	948
4757	2104	2170	3422	3824	4252	1410	3409	4751	5051	1971	4318	3675	2574	2756	4127	557	422	982	4783	3565	5016	1687	4711	235	804	2001	2201	1813	4678	3847	2595	1625	1798	874	2983	2054	4957	1335	2241	2575	1849	933	436	4005	2840	3813	579	1873	2719	2078	2533	360	3011	3142	1973	3519	3377	1035	3265	1626	2853	989	3119	759	4610	2920	100	1307	4269	2925	1751	2827	578	4652	2304	3781	3614	4171	583	2147	285	3809	1397	4636	4786	4311	3988	2325	3691	1263	1460	1643	2189	4643	3504	1979	4427	4898	2602	4366
3362	2012	1313	400	2453	1228	481	4922	824	1971	5051	4056	614	248	291	112	2768	443	4330	3178	4371	1707	1432	3114	4109	387	4216	2083	1179	685	100	4745	987	3831	4544	5032	1575	3417	812	3476	4398	1224	1068	3029	1528	3505	3999	201	2211	100	2932	621	2999	478	717	100	3344	2156	1789	3815	3225	2185	2180	2501	3314	499	781	4830	2619	3920	2091	224	2342	4950	3784	2759	2631	2589	2305	232	1908	1288	2228	5036	4669	3204	4593	474	4098	100	4688	5045	1882	187	1766	506	4493	830	2099	4594	739
2909	3598	1080	563	1492	2126	3848	1823	2514	4318	4056	5051	362	1680	1174	4621	2740	317	2684	4281	1791	2822	1624	930	558	1539	1346	1758	3658	3756	4618	3752	1074	322	1468	1055	3931	2285	3646	3762	4566	2605	5041	4494	3094	3533	2914	3296	865	3116	1270	4550	1352	802	368	4671	4886	4949	1869	4533	4519	1230	2466	1770	2749	757	4034	4737	1972	2283	1284	3008	3800	3092	394	3147	4841	100	2040	3589	4606	1596	240	4381	1029	2105	647	4657	2161	434	3171	4244	4342	1022	2500	2534	2613	2814	1371	4641	3019
3744	4633	1330	4451	3399	3028	102	4154	980	3675	614	362	5051	705	1406	3221	2172	1850	699	4110	4975	4787	4264	1881	3460	910	2611	5019	5029	4526	3294	1469	2498	4963	4469	3524	3309	3251	3280	2629	100	450	1619	2972	100	2439	1665	3545	2815	3318	2471	631	100	2551	1811	2122	3264	282	3842	4172	142	1354	1464	4792	4491	163	4096	2291	1067	1540	505	399	1787	4339	1700	1190	3493	4139	2413	4881	925	4579	4600	3977	3091	2334	3660	2567	4670	1030	2715	1301	2014	147	3070	1350	909	1978	3885	243	2694
2923	4966	4431	3203	1031	1750	3869	2335	4475	2574	248	1680	705	5051	3529	3087	2202	2637	5042	3352	228	2306	2967	4293	3613	1662	2217	4952	2198	4518	3714	4094	3892	398	2177	4497	2282	100	2978	1605	3527	1517	3985	410	3746	2418	2221	3330	2651	2416	2031	3345	4210	596	4930	1763	2088	1627	3940	4748	1695	3482	916	2685	1797	3252	2556	2899	999	1093	1391	296	1212	4876	998	4317	3516	3448	3816	511	1363	1218	2731	4795	3696	2118	979	1720	348	160	3005	2686	1583	1368	259	4477	2650	715	2591	4441	1277
237	3595	1816	2175	4628	100	2680	2404	3643	2756	291	1174	1406	3529	5051	4114	1632	1496	376	3570	1149	2628	4990	745	117	4703	2823	4145	401	771	3531	4229	4349	1280	2366	4289	513	1116	924	4296	4086	100	2249	1372	4853	4243	4188	4828	1365	1374	3961	4335	100	4448	4879	2699	4316	3827	3945	795	4104	612	4750	2133	402	4660	4746	4138	3563	3018	456	2214	4955	4604	3843	3124	803	2071	3522	2275	845	1696	2916	2086	2581	4993	2174	854	744	4254	1672	675	3009	100	3036	468	2187	5000	1848	4321	4082
3406	162	2183	3110	4270	2508	4273	4050	2992	4127	112	4621	3221	3087	4114	5051	4305	3046	1924	1314	3180	2643	2887	4062	4233	2851	3599	431	632	1150	2132	3405	2798	3086	503	421	2068	411	250	3328	100	617	726	1942	894	3043	3479	2559	4928	4205	1543	841	4247	4234	186	2336	1419	3562	839	4377	4265	100	2179	1129	1888	3138	2482	4601	3600	2981	1870	470	2998	2705	2038	1724	2797	1795	125	3669	2477	143	4589	2486	4272	2028	359	3954	3594	2693	3729	2557	1985	3468	1531	1715	3588	4508	4153	862	3150
3761	3435	2443	4761	1088	1686	4202	2155	4851	557	2768	2740	2172	2202	1632	4305	5051	375	4257	413	694	3518	2120	3557	3129	4219	3184	950	666	4401	3298	1383	1514	315	2785	1841	4151	4959	1704	660	4913	2004	3683	100	1349	796	2511	3228	3332	1183	2803	3604	1386	2933	1290	3906	1633	3387	1536	3750	4334	3806	349	566	1347	905	2515	4696	1946	2153	4012	1249	2811	4742	2761	3064	2262	897	3163	709	3534	1062	100	4346	2362	1344	991	3396	2783	3659	2403	769	814	3485	519	1847	3561	610	1640	570	1017
4661	1027	3193	3214	4292	2015	2150	2847	4794	422	443	317	1850	2637	1496	3046	375	5051	3778	3146	2101	4027	863	3983	2314	2774	4102	4978	1608	3591	1639	437	1855	4070	1369	629	4302	2674	4740	2801	3374	3024	489	287	430	1511	2654	1483	748	4827	3164	4797	2877	1894	1120	4419	1782	3057	1615	4637	750	4057	684	1042	4130	788	3773	4487	2135	3707	3458	969	2855	2020	4307	3765	722	3966	4120	1518	2029	4806	3195	313	100	4467	4563	2460	484	2382	890	732	1196	827	3673	3934	1675	2407	2412	4182	203
4329	1090	2258	2976	2226	1552	4529	1130	2665	982	4330	2684	699	5042	376	1924	4257	3778	5051	1590	3886	3026	3539	1557	1928	2149	100	1871	4926	3162	520	3612	391	791	2089	4112	688	2006	3260	1048	3411	390	2572	2191	370	3038	3682	192	4149	252	1166	3644	1911	1024	217	3823	3952	4121	2310	1921	435	4904	3915	386	1056	4587	4037	4838	3967	3903	1554	1577	1044	3002	940	1956	3403	4712	4988	1508	3190	4752	4809	4878	1336	418	4032	2546	4482	819	1198	609	3734	4541	2893	4719	4588	2821	3633	2949	1502
2973	1895	3030	870	2424	4385	1553	3575	4053	4783	3178	4281	4110	3352	3570	1314	413	3146	1590	5051	2766	2956	4387	4608	4394	100	3102	3004	184	649	3780	1291	2820	648	2445	1748	133	4815	4263	4735	1774	3073	4449	4534	4532	4848	2830	4925	100	2687	4142	3109	1559	790	3300	2809	4781	929	3428	3271	178	1194	600	2669	1846	3130	1376	2328	4810	2986	4864	1104	1571	698	4765	3492	1006	4597	100	2623	4908	502	2056	1418	3462	3339	5022	3553	1477	2517	1422	3014	100	4653	935	4175	885	3547	476	3828	2786
787	1311	2218	100	3802	4683	2270	2401	1136	3565	4371	1791	4975	228	1149	3180	694	2101	3886	2766	5051	2532	3958	4168	3986	2607	1236	1310	1945	2129	3412	623	3766	150	4369	1835	4655	3666	934	2476	3426	936	1935	2080	4160	2882	2561	3956	1645	2487	3140	2462	4521	4048	784	904	908	428	3807	3278	4301	2391	4906	2327	281	3763	2542	1426	2836	2604	4495	2142	1804	4239	1954	4408	3487	1560	3820	3415	1337	4571	304	4091	966	4159	100	3261	1295	4612	3131	2067	2931	1423	4856	597	245	1669	4894	4556	2168
891	1664	475	4625	3753	4144	2652	445	2716	5016	1707	2822	4787	2306	2628	2643	3518	4027	3026	2956	2532	5051	1591	3055	346	100	4833	3610	2295	3611	3235	1144	3063	2653	2365	2752	2938	226	3103	2489	2721	1865	2312	2052	1215	3082	2963	3671	244	3772	100	4539	4072	463	2267	164	2316	2209	4900	2633	3478	4771	3099	1239	2255	1833	3528	1663	1165	601	2861	2098	994	2762	4869	181	1140	2659	720	1852	2810	620	1573	4515	1843	1693	4069	3440	3118	2730	598	1304	2076	1893	1377	4663	1005	1931	4511	1993	3895
5050	4324	4165	3608	603	1710	1819	1681	2622	1687	1432	1624	4264	2967	4990	2887	2120	863	3539	4387	3958	1591	5051	2131	1353	3267	3582	4916	2219	100	2850	3722	4423	2475	3705	1500	498	4816	3154	1727	2326	1441	3305	2303	1047	3500	1408	641	1098	1889	1677	1360	577	2268	2519	3236	3638	3621	1402	4146	3785	173	4355	1739	2007	1131	4707	2157	1934	2324	1324	4403	4080	3365	2599	2593	1587	3508	2186	2934	4458	4186	231	4958	1244	4354	1932	4581	1493	1578	4801	3571	913	4929	2367	4741	978	4872	2779	1185	2271
2964	1427	2248	1737	202	1077	907	2707	2536	4711	3114	930	1881	4293	745	4062	3557	3983	1557	4608	4168	3055	2131	5051	527	2945	3706	2796	4592	2609	1084	1143	678	4026	533	3234	3586	3464	4985	2543	3106	1294	2831	898	2818	2376	572	3510	1229	4010	883	3837	5044	1884	2224	4246	4161	1300	3262	1305	673	1252	145	4857	1658	100	2750	806	2883	193	2867	3177	3288	3338	919	2930	4147	100	4214	3855	645	2612	321	996	4227	2008	1953	853	3227	3993	1186	985	707	2554	4284	2125	3323	4686	4991	1941	4101
1222	1452	4724	1475	1769	1569	2537	4407	1157	235	4109	558	3460	3613	117	4233	3129	2314	1928	4394	3986	346	1353	527	5051	4567	100	4312	4999	664	2019	131	3256	1646	4131	4019	4501	3564	1671	3698	3488	100	619	1989	3972	1486	100	1644	1125	3378	2203	3838	2738	415	968	1546	1325	3980	4447	2319	5008	3467	4861	2430	3270	1298	823	3726	2980	3253	906	2269	4527	3242	396	550	2216	3104	4084	4067	1904	5038	1572	3849	2230	3662	2782	1968	1532	2513	2942	2741	932	1445	602	4572	140	4763	2829	4424	1023
2832	997	3494	1487	595	1711	4047	3873	1721	804	387	1539	910	1662	4703	2851	4219	2774	2149	100	2607	100	3267	2945	4567	5051	3728	4029	3971	3379	509	213	4444	4945	2844	4887	491	3336	543	4923	4784	500	4157	1455	2642	3779	4167	3404	2492	3420	2134	944	3897	1095	4840	4117	1999	2688	1753	1204	424	1918	738	100	2254	2245	1191	743	5020	3661	116	624	3951	3678	3602	1463	4364	4473	4520	171	3665	539	3427	2955	4338	1358	4639	4734	1820	1574	1718	3207	4837	1261	4132	5011	2656	4726	4224	2398	2307
403	4630	1375	4939	3797	1990	3276	1177	1679	2001	4216	1346	2611	2217	2823	3599	3184	4102	100	3102	1236	4833	3582	3706	100	3728	5051	323	2565	1256	4842	4911	4129	175	4298	225	1220	548	4089	3301	1389	495	672	1340	4753	3732	2483	1814	2577	3655	336	1156	4690	1327	3137	4184	216	1840	3010	564	2915	682	1964	692	501	3192	3322	3376	584	1381	3453	1119	2421	2971	2356	4937	266	3511	4028	2733	1435	4499	4038	3469	3090	100	3623	4503	5021	1461	3833	3808	4259	2250	344	1137	3872	2898	255	2111	3165
594	4611	305	4514	3860	1688	553	1491	674	2201	2083	1758	5019	4952	4145	431	950	4978	1871	3004	1310	3610	4916	2796	4312	4029	323	5051	3327	4425	1099	3544	3541	1666	724	2953	2620	573	1891	249	4420	650	2103	4640	1768	3454	3649	4197	3817	426	1743	938	4063	4814	4627	2634	882	4767	1437	1103	2520	2646	3758	835	442	3145	4115	4629	1123	100	2769	4187	341	2722	592	1430	4675	4327	2975	1525	254	1913	927	1547	3390	294	2635	4570	3033	241	3605	4549	319	1728	691	4485	2371	1454	4462	1126	2764
4173	587	4609	100	1169	517	4843	2871	4103	1813	1179	3658	5029	2198	401	632	666	1608	4926	184	1945	2295	2219	4592	4999	3971	2565	3327	5051	4976	3249	2863	1523	405	1708	1919	3764	4667	2087	2206	2760	3489	448	2343	4901	2346	1827	4489	4899	1594	575	4075	2499	1318	2757	4429	366	4659	4177	246	161	1269	766	3021	1650	4764	2995	2742	1037	813	3992	3107	3211	2562	3157	3291	3167	4009	4087	3703	4290	2723	4022	1844	2856	5024	1533	3108	3888	2364	831	973	2881	2405	4614	2242	2396	3224	3569	4116	4362
1784	3170	3901	3391	2047	3120	3286	810	2917	4678	685	3756	4526	4518	771	1150	4401	3591	3162	649	2129	3611	100	2609	664	3379	1256	4425	4976	5051	2349	857	2146	3081	2907	3297	964	2858	4895	876	1701	4583	590	3284	2837	4137	761	847	4433	1187	2977	4361	1652	2692	100	1170	1407	2952	444	3402	3526	1401	1866	2472	915	2041	1242	2994	4360	1361	329	3584	4461	4897	3507	5027	4896	718	4616	2256	3558	1744	2775	4279	1451	1227	1079	1416	4769	4749	1009	3804	1479	3160	1970	914	3166	4811	689	737	3789
3100	2895	3717	339	2394	1723	4291	4113	4359	3847	100	4618	3294	3714	3531	2132	3298	1639	520	3780	3412	3235	2850	1084	2019	509	4842	1099	3249	2349	5051	466	1111	703	3995	1428	4294	1482	2223	2873	2891	3859	2124	4155	3343	3857	4756	4498	2755	1969	4551	556	3928	3268	1558	1765	4877	662	4356	1659	3319	135	432	306	3080	1976	3865	223	4697	1045	4021	4446	4722	2363	1998	1690	976	4996	3962	4867	3042	4673	942	4624	3139	277	4538	3229	2879	1476	4260	972	414	1742	2210	3044	4136	2869	2700	100	4437
3259	4948	2683	986	247	2512	309	701	2397	2595	4745	3752	1469	4094	4229	3405	1383	437	3612	1291	623	1144	3722	1143	131	213	4911	3544	2863	857	466	5051	3819	1243	1274	1962	3708	4099	4580	100	2449	3938	1977	106	1094	4615	1089	4852	3592	3370	4605	2123	3716	4064	2791	3359	1959	2816	2199	1322	1609	2064	2696	3372	2744	3930	4162	1785	3416	725	1806	100	3795	2386	3710	878	292	2560	3836	3964	1297	4230	3626	1854	2059	1705	1066	3890	4596	480	2636	1631	2286	4607	1176	107	1248	4107	1541	2854	441
100	3113	5004	1860	2261	3368	2373	221	2778	1625	987	1074	2498	3892	4349	2798	1514	1855	391	2820	3766	3063	4423	678	3256	4444	4129	3541	1523	2146	1111	3819	5051	1613	3922	3068	4466	3188	100	2409	2504	3173	1745	1273	1411	4870	767	3273	1930	1122	4372	1038	2463	560	1246	404	3606	1920	4598	1682	679	565	4947	2924	4092	1830	3059	3711	1199	1014	4390	576	895	3754	4002	100	2000	4326	627	826	3639	1987	1417	4343	2644	4813	3201	2039	4934	4540	332	4805	2661	879	3429	736	1509	1776	3156	3471	3077
100	2502	2588	2547	4693	2075	4907	3657	3713	1798	3831	322	4963	398	1280	3086	315	4070	791	648	150	2653	2475	4026	1646	4945	175	1666	405	3081	703	1243	1613	5051	4081	2535	4079	1960	2034	2204	100	3310	3694	4575	599	1515	3037	1623	4774	4488	3650	2835	342	2116	721	1245	2023	4170	2231	1049	1485	4691	928	1160	3445	3814	4237	4309	2184	1016	1302	1901	752	3688	4443	1676	1548	1617	4266	2225	2824	1900	586	1733	1213	3205	2979	4430	1876	1102	3969	100	669	2794	2590	1809	2912	3896	884	1647	1448
100	2720	2580	1398	100	4780	3047	1481	3382	874	4544	1468	4469	2177	2366	503	2785	1369	2089	2445	4369	2365	3705	533	4131	2844	4298	724	1708	2907	3995	1274	3922	4081	5051	4586	1392	4968	749	3085	3125	3579	3239	1498	1216	613	2901	1139	3187	2094	3538	4578	492	4790	2993	3392	3461	1526	1101	1033	3312	2171	129	3497	2073	1755	3241	4522	3050	3549	3618	3054	4504	1173	270	229	4889	5023	1592	1257	2388	2497	1108	4148	504	1593	3480	2926	3709	2689	469	2166	1741	1433	1516	971	1752	3514	974	1567	4936
4700	4523	949	3141	2297	1779	1802	536	3907	2983	5032	1055	3524	4497	4289	421	1841	629	4112	1748	1835	2752	1500	3234	4019	4887	225	2953	1919	3297	1428	1962	3068	2535	4586	5051	490	1805	2455	4024	449	144	177	2870	105	1510	2799	4125	3148	2027	2948	4295	2053	4235	2807	1010	3998	4452	2290	3159	2127	4994	3679	2444	2817	3723	4018	4068	2158	4017	4649	975	100	100	4207	3851	4555	1154	4344	1081	1253	1134	1520	3984	2617	1832	206	2066	3883	3687	4730	628	3209	3017	680	711	153	1712	2531	297	416
4313	4140	4885	4203	1000	1965	2736	1878	606	2054	1575	3931	3309	2282	513	2068	4151	4302	688	133	4655	2938	498	3586	4501	491	1220	2620	3764	964	4294	3708	4466	4079	1392	490	5051	189	1235	1226	4559	3020	5046	4375	4315	2726	122	4479	1465	408	3155	2970	100	2638	3425	1403	1501	3075	1582	3240	3407	1453	2507	2048	714	3898	101	1083	1522	2281	149	4059	608	2911	350	753	121	4672	4924	100	1278	1601	4648	1319	2044	3083	5013	433	4558	747	877	1906	4471	1018	4677	2621	571	465	670	1885	3629
2852	4287	1740	3380	3255	4962	4695	2645	1561	4957	3417	2285	3251	100	1116	411	4959	2674	2006	4815	3666	226	4816	3464	3564	3336	548	573	4667	2858	1482	4099	3188	1960	4968	1805	189	5051	2672	4650	3567	3835	199	381	1268	1060	100	4788	2596	3774	2708	1599	4577	1348	1845	2806	3041	888	4995	1449	706	4619	3410	634	1276	334	1112	100	3306	3997	3317	3400	1621	4222	467	1879	3431	2894	2197	409	3501	1159	211	3287	4382	1868	4680	1234	4725	330	353	3917	4888	1883	3787	693	3856	1887	1961	3645	4211
2313	2927	1107	2553	2287	918	2139	815	3740	1335	812	3646	3280	2978	924	250	1704	4740	3260	4263	934	3103	3154	4985	1671	543	4089	1891	2087	4895	2223	4580	100	2034	749	2455	1235	2672	5051	514	4850	763	2640	3580	4755	2812	3158	3361	708	1538	2082	3269	2944	3449	138	278	4150	4480	4674	3032	4866	1699	1002	3097	4632	4554	1034	3825	100	4917	702	1026	3127	1549	1778	3258	3686	3731	4143	861	630	2181	742	2354	1323	2165	2108	1612	2568	215	2876	2109	5007	1821	4232	1308	227	2878	4192	446	3642
4347	5014	3246	4085	4379	2042	1726	4200	952	2241	3476	3762	2629	1605	4296	3328	660	2801	1048	4735	2476	2489	1727	2543	3698	4923	3301	249	2206	876	2873	100	2409	2204	3085	4024	1226	4650	514	5051	2488	1272	4035	100	640	1106	3433	2353	3674	1152	2494	3974	3776	4088	2735	4505	3868	4054	4389	2437	100	4524	3295	3096	2745	3512	2788	3981	4438	100	3727	2399	2296	2677	1550	2493	1698	1903	2451	1247	1370	2729	3181	807	4209	4727	4095	903	3386	4576	4061	389	3194	4839	1019	1694	4486	3965	1221	4631	3990
4847	1734	2662	1880	4560	3373	1321	2704	1661	2575	4398	4566	100	3527	4086	100	4913	3374	3411	1774	3426	2721	2326	3106	3488	4784	1389	4420	2760	1701	2891	2449	2504	100	3125	449	4559	3567	4850	2488	5051	4435	3555	946	1749	740	1796	3089	2030	821	1746	871	134	1929	2251	2890	5048	3879	917	3375	849	2585	200	1147	2897	3712	3799	638	2337	1309	4322	4179	616	4261	1495	2025	2763	3530	4582	2293	3333	1825	1259	1053	2727	110	3134	4796	234	1133	3161	299	3887	1163	817	3293	2630	4303	2712	2582	869
4442	3421	855	4476	275	3576	2470	1458	2438	1849	1224	2605	450	1517	100	617	2004	3024	390	3073	936	1865	1441	1294	100	500	495	650	3489	4583	3859	3938	3173	3310	3579	144	3020	3835	763	1272	4435	5051	2145	2247	1777	3845	3484	4874	4044	256	113	1225	2294	2849	1980	2277	2524	1490	3943	100	3742	3446	2352	4314	100	2982	4472	3283	1581	4238	3369	755	4662	2452	1966	1040	808	3672	4310	1907	1282	2792	4440	658	963	2458	457	326	1780	5001	2594	2538	1670	236	128	3949	373	2380	1857	2950	1948
3616	3470	3768	316	4723	4718	4457	2257	4821	933	1068	5041	1619	3985	2249	726	3683	489	2572	4449	1935	2312	3305	2831	619	4157	672	2103	448	590	2124	1977	1745	3694	3239	177	5046	199	2640	4035	3555	2145	5051	4865	1072	3782	1447	1012	2317	2072	797	1100	3959	261	2368	3620	100	3834	3210	2747	604	1118	4206	2274	5005	3034	1781	704	568	148	1963	2446	2013	2506	1598	407	5035	4685	100	4090	569	2490	522	2389	746	1859	1562	4283	4933	195	2866	1003	911	3442	3631	1898	1459	1494	2889	2521	1507
540	875	3348	2429	3585	365	100	2710	3908	436	3029	4494	2972	410	1372	1942	100	287	2191	4534	2080	2052	2303	898	1989	1455	1340	4640	2343	3284	4155	106	1273	4575	1498	2870	4375	381	3580	100	946	2247	4865	5051	764	352	2167	3637	4977	1773	4258	696	100	1630	893	2997	3812	4905	4822	2339	4890	655	868	3870	3474	4574	100	3218	1997	3867	953	3937	253	1121	770	3217	4040	1306	3581	1200	100	3882	459	3466	2454	789	4255	4617	2188	5043	1735	4964	1822	3632	209	3863	3515	4909	3384	1535	2331
2141	114	2266	3921	1982	3916	4189	1036	1050	4005	1528	3094	100	3746	4853	894	1349	430	370	4532	4160	1215	1047	2818	3972	2642	4753	1768	4901	2837	3343	1094	1411	599	1216	105	4315	1268	4755	640	1749	1777	1072	764	5051	4341	4350	3587	3035	4803	2392	2010	1456	3079	2746	995	2864	1767	2784	4789	3151	538	2935	4694	1790	3771	2570	852	2351	4124	2330	412	4046	146	2457	4432	3056	1912	1951	512	3697	2026	4778	4007	3664	1620	967	3263	1793	4513	1007	4543	3012	3237	176	653	1142	1266	2244	4970	4097
4074	639	957	219	4135	2024	3179	3367	3451	2840	3505	3533	2439	2418	4243	3043	796	1511	3038	4848	2882	3082	3500	2376	1486	3779	3732	3454	2346	4137	3857	4615	4870	1515	613	1510	2726	1060	2812	1106	740	3845	3782	352	4341	5051	4181	3153	4638	4798	2002	805	2318	2627	4826	1570	3282	2381	2701	2702	4483	4204	289	686	1385	100	1702	4849	1713	100	3627	4460	2234	605	1051	3788	3183	1503	4960	3736	1240	727	4275	4478	776	1654	793	356	889	2469	3039	2969	1366	3498	3172	3342	1071	2121	665	1331	4831
5040	3123	3496	4569	1836	4944	185	3355	2862	3813	3999	2914	1665	2221	4188	3479	2511	2654	3682	2830	2561	2963	1408	572	100	4167	2483	3649	1827	761	4756	1089	767	3037	2901	2799	122	100	3158	3433	1796	3484	1447	2167	4350	4181	5051	2428	2566	2777	2481	1442	2338	4003	1075	4128	731	4078	2523	1332	1260	4946	809	4500	2571	180	3676	3247	2495	4844	4393	549	3577	2212	3693	1286	207	1497	4548	3354	3810	4163	3822	1467	1556	1604	100	3299	1181	1065	4969	269	130	3542	1995	2032	4411	515	4496	642	267
1086	4465	4105	4000	3015	551	3444	100	1414	579	201	3296	3545	3330	4828	2559	3228	1483	192	4925	3956	3671	641	3510	1644	3404	1814	4197	4489	847	4498	4852	3273	1623	1139	4125	4479	4788	3361	2353	3089	4874	1012	3637	3587	3153	2428	5051	5018	3111	1925	1161	2049	4584	3503	120	4065	2441	2253	3721	2136	3401	4956	1824	5049	507	3574	2151	844	4965	4108	1563	3275	922	111	2309	3933	1471	3794	529	2671	2544	1429	286	3573	1732	1759	1697	3681	3176	3308	1786	2996	4729	3641	4041	1568	2292	351	1938	3243
2347	859	3769	3443	3360	1258	2886	4862	4982	1873	2211	865	2815	2651	1365	4928	3332	748	4149	100	1645	244	1098	1229	1125	2492	2577	3817	4899	4433	2755	3592	1930	4774	3187	3148	1465	2596	708	3674	2030	4044	2317	4977	3035	4638	2566	5018	5051	4190	2375	1914	4509	3603	451	1013	383	4405	4739	3486	4185	547	1815	2905	1939	4704	2576	298	4280	4626	633	3699	5034	2345	132	1299	3894	2522	2229	3335	785	100	3874	2144	4077	4014	3483	471	4836	3738	2958	580	3862	4736	1537	3098	4846	4016	3143	2647	3441
677	2598	3735	3875	4536	1059	1394	937	1326	2719	100	3116	3318	2416	1374	4205	1183	4827	252	2687	2487	3772	1889	4010	3378	3420	3655	426	1594	1187	1969	3370	1122	4488	2094	2027	408	3774	1538	1152	821	256	2072	1773	4803	4798	2777	3111	4190	5051	3200	1135	4459	1355	697	380	530	2528	1600	333	151	3023	2703	2717	2828	1484	2966	3893	1114	3112	4455	3593	5026	3927	912	1210	1145	1996	1506	2433	2393	1109	3248	2910	3891	3490	3622	1896	3088	279	1603	1096	3349	1192	4073	1757	4332	1722	2667	1440	2780
1555	799	2748	4218	4368	2668	2833	2426	735	2078	2932	1270	2471	2031	3961	1543	2803	3164	1166	4142	3140	100	1677	883	2203	2134	336	1743	575	2977	4551	4605	4372	3650	3538	2948	3155	2708	2082	2494	1746	113	797	4258	2392	2002	2481	1925	2375	3200	5051	1175	2045	3072	378	1875	2802	454	3398	4043	1341	127	2240	4215	3543	1343	988	4568	542	2838	2037	3168	5039	1082	3590	939	1917	3578	2232	188	958	3472	1208	2751	1431	2323	108	2280	4807	1164	864	3947	2754	1265	3607	302	4071	1916	2706	962	3925
4180	779	2378	3226	3027	1357	3084	4174	2606	2533	621	4550	631	3345	4335	841	3604	4797	3644	3109	2462	4539	1360	3837	3838	944	1156	938	4075	4361	556	2123	1038	2835	4578	4295	2970	1599	3269	3974	871	1225	1100	696	2010	805	1442	1161	1914	1135	1175	5051	1812	1691	2583	119	3326	100	1171	4276	4126	856	1329	2003	1678	2021	3554	4225	1488	2114	2549	1241	156	635	2018	2525	1651	4744	811	762	2102	2550	2664	1831	2260	1610	1564	139	3007	4365	2235	1275	4268	2419	2333	4762	1905	1579	265	2205	4093
4561	3048	488	3615	2415	1457	4565	816	1404	360	2999	1352	100	4210	100	4247	1386	2877	1911	1559	4521	4072	577	5044	2738	3897	4690	4063	2499	1652	3928	3716	2463	342	492	2053	100	4577	2944	3776	134	2294	3959	100	1456	2318	2338	2049	4509	4459	2045	1812	5051	1709	1412	3031	537	1653	3932	1450	4164	1981	729	4972	1158	5037	532	1892	4681	1473	4914	1399	552	2573	2908	4308	659	3321	2459	3861	212	2422	1576	956	2725	2062	1382	2639	1439	1521	4030	1667	1338	2892	4903	3436	2106	1611	4602	3274	1703
2162	4754	260	833	2987	3636	3101	2425	1992	3011	478	802	2551	596	4448	4234	2933	1894	1024	790	4048	463	2268	1884	415	1095	1327	4814	1318	2692	3268	4064	560	2116	4790	4235	2638	1348	3449	4088	1929	2849	261	1630	3079	2627	4003	4584	3603	1355	3072	1691	1709	5051	5002	2359	3076	2372	4824	4714	4384	1217	100	2614	3619	2036	3767	2095	208	3371	2192	3316	4647	880	4134	2436	3871	4776	3651	2308	2096	3149	2805	2743	582	3219	840	5030	487	2658	3067	157	1379	681	303	1648	2578	1937	2383	3121	347
3786	4033	4402	4133	1660	4412	765	1958	1747	3142	717	368	1811	4930	4879	186	1290	1120	217	3300	784	2267	2519	2224	968	4840	3137	4627	2757	100	1558	2791	1246	721	2993	2807	3425	1845	138	2735	2251	1980	2368	893	2746	4826	1075	3503	451	697	378	2583	1412	5002	5051	3680	4357	100	371	4474	3653	1043	1219	2279	3881	2485	3144	546	1902	690	3254	780	2555	2625	4687	3191	2641	4400	2190	2276	472	3720	3432	307	1339	182	3388	4169	4445	4042	4658	3911	2660	2860	1390	3677	1393	3202	923	1211	1462
4391	2526	3452	1800	2284	1283	3049	2484	3078	1973	100	4671	2122	1763	2699	2336	3906	4419	3823	2809	904	164	3236	4246	1546	4117	4184	2634	4429	1170	1765	3359	404	1245	3392	1010	1403	2806	278	4505	2890	2277	3620	2997	995	1570	4128	120	1013	380	1875	119	3031	2359	3680	5051	2584	2273	4507	2450	3303	264	1444	2880	1783	2194	2043	2423	2839	3074	4620	1097	2509	2940	3394	4060	374	2657	1944	2904	4860	4119	1011	2947	2624	3006	3656	271	2427	2350	716	100	1975	382	801	741	646	2055	155	324	3624
4542	541	886	3796	3730	2456	4679	1364	1267	3519	3344	4886	3264	2088	4316	1419	1633	1782	3952	4781	908	2316	3638	4161	1325	1999	216	882	366	1407	4877	1959	3606	2023	3461	3998	1501	3041	4150	3868	5048	2524	100	3812	2864	3282	731	4065	383	530	2802	3326	537	3076	4357	2584	5051	3289	427	1936	782	2772	197	611	2246	1334	1607	4682	4231	1706	4248	931	1351	2302	3220	3936	4325	4819	4802	3304	452	3719	2182	4728	379	4747	1293	2164	165	4715	4732	5010	4980	3132	1046	4340	4915	3223	4510	4967	2846
493	1788	464	1874	3475	1201	2357	100	872	3377	2156	4949	282	1627	3827	3562	3387	3057	4121	929	428	2209	3621	1300	3980	2688	1840	4767	4659	2952	662	2816	1920	4170	1526	4452	3075	888	4480	4054	3879	1490	3834	4905	1767	2381	4078	2441	4405	2528	454	100	1653	2372	100	2273	3289	5051	2332	1616	593	4808	1124	3902	2320	2503	1851	1863	4464	3169	3523	1478	1952	1279	2176	4562	1207	3381	1877	2079	1584	945	4940	3749	4277	1069	4406	652	100	1254	3346	1028	3702	1057	1388	4623	4868	2603	4348	2711	1281
4288	4622	166	3924	1233	461	3552	1092	734	1035	1789	1869	3842	3940	3945	839	1536	1615	2310	3428	3807	4900	1402	3262	4447	1753	3010	1437	4177	444	4356	2199	4598	2231	1101	2290	1582	4995	4674	4389	917	3943	3210	4822	2784	2701	2523	2253	4739	1600	3398	1171	3932	4824	371	4507	427	2332	5051	2063	4892	2548	2695	4997	222	4818	2649	1551	1933	2005	1683	1489	1251	242	2718	2369	274	3238	126	2874	1041	3725	2009	3968	3115	3996	2208	687	4191	4919	100	1255	3700	1025	3880	100	637	4910	3465	2355	1725
3852	4634	2137	2160	3559	1395	3777	4158	2252	3265	3815	4533	4172	4748	795	4377	3750	4637	1921	3271	3278	2633	4146	1305	2319	1204	564	1103	246	3402	1659	1322	1682	1049	1033	3159	3240	1449	3032	2437	3375	100	2747	2339	4789	2702	1332	3721	3486	333	4043	4276	1450	4714	4474	2450	1936	1616	2063	5051	818	774	4386	671	4353	218	926	273	2046	4927	5012	1657	4893	654	1864	1762	4777	955	2918	3760	1076	3537	2939	4665	3950	3040	1771	668	4245	2434	516	1641	3957	947	3635	574	3307	191	2238	2148	2112
3566	4345	4941	214	3929	4859	2758	169	2237	1626	3225	4519	142	1695	4104	4265	4334	750	435	178	4301	3478	3785	673	5008	424	2915	2520	161	3526	3319	1609	679	1485	3312	2127	3407	706	4866	100	849	3742	604	4890	3151	4483	1260	2136	4185	151	1341	4126	4164	4384	3653	3303	782	593	4892	818	5051	4013	4055	1373	1285	310	2875	2344	1858	4564	1649	2417	1656	1729	104	508	137	651	3946	230	3979	4651	2804	4426	867	4418	2946	4953	1317	1127	2264	4702	518	210	4015	2384	794	3803	3663	2921	2272
4410	2440	1950	3481	1237	3718	3093	3491	531	2853	2185	1230	1354	3482	612	100	3806	4057	4904	1194	2391	4771	173	1252	3467	1918	682	2646	1269	1401	135	2064	565	4691	2171	4994	1453	4619	1699	4524	2585	3446	1118	655	538	4204	4946	3401	547	3023	127	856	1981	1217	1043	264	2772	4808	2548	774	4013	5051	2070	4829	2697	712	1943	525	280	2107	318	4502	719	2322	1897	4743	2236	1637	118	3071	4573	3230	420	4883	2311	3905	3948	4470	2479	3944	2530	622	2608	3430	2178	2478	4045	268	562	4552	4008
3839	4835	1333	3051	4271	4242	2358	1021	1320	989	2180	2466	1464	916	4750	2179	349	684	3915	600	4906	3099	4355	145	4861	738	1964	3758	766	1866	432	2696	4947	928	129	3679	2507	3410	1002	3295	200	2352	4206	868	2935	289	809	4956	1815	2703	2240	1329	729	100	1219	1444	197	1124	2695	4386	4055	2070	5051	2119	100	3923	4992	2600	4213	3212	965	4974	1312	1287	970	4635	3389	3334	392	2169	3748	2406	881	2321	2017	3597	3066	3521	3919	3272	136	2447	3324	4998	3551	3216	4409	4417	1409	4004	2193
2765	320	1542	3199	1890	851	397	3257	4328	3119	2501	1770	4792	2685	2133	1129	566	1042	386	2669	2327	1239	1739	4857	2430	100	692	835	3021	2472	306	3372	2924	1160	3497	2444	2048	634	3097	3096	1147	4314	2274	3870	4694	686	4500	1824	2905	2717	4215	2003	4972	2614	2279	2880	611	3902	4997	671	1373	4829	2119	5051	1405	1413	4481	4954	158	2954	2140	2632	1151	4333	377	2919	2278	1736	4834	1949	170	238	2035	1810	3695	3447	4376	676	2233	335	3783	1544	3770	2480	1001	4152	337	3506	4122	3596	4278
338	100	4812	233	4938	328	4083	2865	100	759	3314	2749	4491	1797	402	1888	1347	4130	1056	1846	281	2255	2007	1658	3270	2254	501	442	1650	915	3080	2744	4092	3445	2073	2817	714	1276	4632	2745	2897	100	5005	3474	1790	1385	2571	5049	1939	2828	3543	1678	1158	3619	3881	1783	2246	2320	222	4353	1285	2697	100	1405	5051	3640	4320	2263	2670	2541	2789	900	4106	984	3058	3337	3358	661	447	3122	3904	263	2545	2813	4880	2090	1955	3550	1794	3876	3277	1636	4250	2060	3647	1628	141	4973	2379	3013	3953
2682	2737	4961	4392	3186	4456	4031	4267	2626	4610	499	757	163	3252	4660	3138	905	788	4587	3130	3763	1833	1131	100	1298	2245	3192	3145	4764	2041	1976	3930	1830	3814	1755	3723	3898	334	4554	3512	3712	2982	3034	4574	3771	100	180	507	4704	1484	1343	2021	5037	2036	2485	2194	1334	2503	4818	218	310	712	3923	1413	3640	5051	4699	555	695	1167	3978	3994	3292	2138	2222	544	3989	3456	656	4943	838	3025	4156	1991	3975	2673	3520	2370	3455	2540	3991	3117	3233	3495	1203	3174	4706	1138	293	1434	3397
3279	4337	3302	3535	4989	494	308	4282	1148	2920	781	4034	4096	2556	4746	2482	2515	3773	4037	1376	2542	3528	4707	2750	823	1191	3322	4115	2995	1242	3865	4162	3059	4237	3241	4018	101	1112	1034	2788	3799	4472	1781	100	2570	1702	3676	3574	2576	2966	988	3554	532	3767	3144	2043	1607	1851	2649	926	2875	1943	4992	4481	4320	4699	5051	3189	1842	1146	1754	896	2529	4775	1817	1078	4858	2051	4256	585	1091	425	2200	588	196	3652	2988	2510	1926	3818	3743	4351	3463	1808	4721	2410	100	4987	636	4557	4882
4935	4123	866	2579	2868	2615	3016	2845	5025	100	4830	4737	2291	2899	4138	4601	4696	4487	4838	2328	1426	1663	2157	806	3726	743	3376	4629	2742	2994	223	1785	3711	4309	4522	4068	1083	100	3825	3981	638	3283	704	3218	852	4849	3247	2151	298	3893	4568	4225	1892	2095	546	2423	4682	1863	1551	273	2344	525	2600	4954	2263	555	3189	5051	4212	2790	2781	3914	183	4676	1184	343	1264	2597	3844	4931	345	3095	4100	473	535	1436	4023	1673	3854	3197	3690	3340	3805	4845	4374	3459	3840	4782	1504	683	526
1867	3668	4701	3884	2552	2196	4036	2962	3065	1307	2619	1972	1067	999	3563	3600	1946	2135	3967	4810	2836	1165	1934	2883	2980	5020	584	1123	1037	4360	4697	3416	1199	2184	3050	2158	1522	3306	100	4438	2337	1581	568	1997	2351	1713	2495	844	4280	1114	542	1488	4681	208	1902	2839	4231	4464	1933	2046	1858	280	4213	158	2670	695	1842	4212	5051	2215	4299	3560	4779	3941	3829	758	4656	4221	3878	3791	2991	3509	3285	2288	4220	3942	1132	100	981	4785	3315	3182	4217	3853	4274	3747	3206	331	1519	643	3351
3022	1801	2152	1128	1618	1714	3438	663	3850	4269	3920	2283	1540	1093	3018	2981	2153	3707	3903	2986	2604	601	2324	193	3253	3661	1381	100	813	1361	1045	725	1014	1016	3549	4017	2281	3997	4917	100	1309	4238	148	3867	4124	100	4844	4965	4626	3112	2838	2114	1473	3371	690	3074	1706	3169	2005	4927	4564	2107	3212	2954	2541	1167	1146	2790	2215	5051	284	3739	2173	1838	174	1162	901	960	2714	3741	5033	3556	3290	2928	3601	4793	4932	3755	4001	2516	4760	4300	1415	2739	2990	2110	920	848	2678	3792	439
1839	4646	1400	460	2825	2220	2093	1470	2951	2925	2091	1284	505	1391	456	1870	4012	3458	1554	4864	4495	2861	1324	2867	906	116	3453	2769	3992	329	4021	1806	4390	1302	3618	4649	149	3317	702	3727	4322	3369	1963	953	2330	3627	4393	4108	633	4455	2037	2549	4914	2192	3254	4620	4248	3523	1683	5012	1649	318	965	2140	2789	3978	1754	2781	4299	284	5051	2900	3982	2207	828	438	3266	3685	559	921	3185	992	3281	3000	3793	510	2943	1826	100	3060	3213	4198	3548	4920	123	3583	1730	1947	2128	4397	820
3366	4525	4535	1828	3418	4770	2675	1922	1466	1751	224	3008	399	296	2214	470	1249	969	1577	1104	2142	2098	4403	3177	2269	624	1119	4187	3107	3584	4446	100	576	1901	3054	975	4059	3400	1026	2399	4179	755	2446	3937	412	4460	549	1563	3699	3593	3168	1241	1399	3316	780	1097	931	1478	1489	1657	2417	4502	4974	2632	900	3994	896	3914	3560	3739	2900	5051	2936	2117	4415	4183	2011	2081	4199	4823	1315	1172	2527	1362	3751	1986	4249	657	1513	4942	2808	3232	301	4512	777	4591	2213	1289	3630	354	959
2461	2771	4698	1915	1909	591	528	1214	2100	2827	2342	3800	1787	1212	4955	2998	2811	2855	1044	1571	1804	994	4080	3288	4527	3951	2421	341	3211	4461	4722	3795	895	752	4504	100	608	1621	3127	2296	616	4662	2013	253	4046	2234	3577	3275	5034	5026	5039	156	552	4647	2555	2509	1351	1952	1251	4893	1656	719	1312	1151	4106	3292	2529	183	4779	2173	3982	2936	5051	1480	523	4383	4664	440	951	3350	5009	5006	154	1474	2616	4058	3408	1983	2115	4118	4193	1717	2957	485	1359	100	990	4236	3821	3841	626
3439	2601	1566	4692	1692	2648	100	4506	4450	578	4950	3092	4339	4876	4604	2705	4742	2020	3002	698	4239	2762	3365	3338	3242	3678	2971	2722	2562	4897	2363	2386	3754	3688	1173	100	2911	4222	1549	2677	4261	2452	2506	1121	146	605	2212	922	2345	3927	1082	635	2573	880	2625	2940	2302	1279	242	654	1729	2322	1287	4333	984	2138	4775	4676	3941	1838	2207	2117	1480	5051	283	1032	3609	1378	1020	3625	728	4414	899	4454	2154	983	1927	1232	1606	625	3715	194	1634	3960	2819	1356	2414	2848	4490	1792	4875
4613	1180	2974	3798	1443	4049	4684	2941	3684	4652	3784	394	1700	998	3843	2038	2761	4307	940	4765	1954	4869	2599	919	396	3602	2356	592	3157	3507	1998	3710	4002	4443	270	4207	350	467	1778	1550	1495	1966	1598	770	2457	1051	3693	111	132	912	3590	2018	2908	4134	4687	3394	3220	2176	2718	1864	104	1897	970	377	3058	2222	1817	1184	3829	174	828	4415	523	283	5051	4547	3790	730	1580	3331	4416	417	4738	1674	2698	1760	2681	1635	239	4468	100	1262	2163	961	2159	2474	1899	205	1189	1719	361
4773	4854	1292	2563	1837	4716	2069	4178	2776	2304	2759	3147	1190	4317	3124	1724	3064	3765	1956	3492	4408	181	2593	2930	550	1463	4937	1430	3291	5027	1690	878	100	1676	229	3851	753	1879	3258	2493	2025	1040	407	3217	4432	3788	1286	2309	1299	1210	939	2525	4308	2436	3191	4060	3936	4562	2369	1762	508	4743	4635	2919	3337	544	1078	343	758	1162	438	4183	4383	1032	4547	5051	1342	2113	786	3801	4006	822	4891	2937	2859	902	276	3311	4195	2077	295	3811	1597	4208	300	363	4039	3912	581	4766	1058
1772	3473	3955	204	954	4323	4986	4921	4228	3781	2631	4841	3493	3516	803	2797	2262	722	3403	1006	3487	1140	1587	4147	2216	4364	266	4675	3167	4896	976	292	2000	1548	4889	4555	121	3431	3686	1698	2763	808	5035	4040	3056	3183	207	3933	3894	1145	1917	1651	659	3871	2641	374	4325	1207	274	4777	137	2236	3389	2278	3358	3989	4858	1264	4656	901	3266	2011	4664	3609	3790	1342	5051	3692	4052	4306	3313	2243	2753	2395	1064	1967	1328	3733	4226	4733	534	1861	607	100	4531	3001	2227	2770	258	3364	1545
364	3889	2518	2539	825	385	1803	3244	262	3614	2589	100	4139	3448	2071	1795	897	3966	4712	4597	1560	2659	3508	100	3104	4473	3511	4327	4009	718	4996	2560	4326	1617	5023	1154	4672	2894	3731	1903	3530	3672	4685	1306	1912	1503	1497	1471	2522	1996	3578	4744	3321	4776	4400	2657	4819	3381	3238	955	651	1637	3334	1736	661	3456	2051	2597	4221	960	3685	2081	440	1378	730	2113	3692	5051	2989	3701	4981	1424	4971	100	5015	2289	3437	2961	429	1195	1622	1039	2491	843	3704	3133	1008	667	3900	4758	462
3737	1446	4367	3517	2959	1565	2390	1345	644	4171	2305	2040	2413	3816	3522	125	3163	4120	4988	100	3820	720	2186	4214	4084	4520	4028	2975	4087	4616	3962	3836	627	4266	1592	4344	4924	2197	4143	2451	4582	4310	100	3581	1951	4960	4548	3794	2229	1506	2232	811	2459	3651	2190	1944	4802	1877	126	2918	3946	118	392	4834	447	656	4256	3844	3878	2714	559	4199	951	1020	1580	786	4052	2989	5051	4902	2431	2728	3325	3913	358	4863	288	325	1425	860	2857	1421	314	4817	4176	1807	2408	2097	4380	172	100
103	1231	3759	1589	3062	4731	3670	4421	1380	583	232	3589	4881	511	2275	3669	709	1518	1508	2623	3415	1852	2934	3855	4067	171	2733	1525	3703	2256	4867	3964	826	2225	1257	1081	100	409	861	1247	2293	1907	4090	1200	512	3736	3354	529	3335	2433	188	762	3861	2308	2276	2904	3304	2079	2874	3760	230	3071	2169	1949	3122	4943	585	4931	3791	3741	921	4823	3350	3625	3331	3801	4306	3701	4902	5051	2793	3477	1155	792	977	1886	4396	3826	4011	2558	3830	2195	2569	4772	3128	4453	109	5028	4545	943	554
4378	4720	754	3457	1602	4404	4251	3424	3864	2147	1908	4606	925	1363	845	2477	3534	2029	3190	4908	1337	2810	4458	645	1904	3665	1435	254	4290	3558	3042	1297	3639	2824	2388	1253	1278	3501	630	1370	3333	1282	569	100	3697	1240	3810	2671	785	2393	958	2102	212	2096	472	4860	452	1584	1041	1076	3979	4573	3748	170	3904	838	1091	345	2991	5033	3185	1315	5009	728	4416	4006	3313	4981	2431	2793	5051	2787	3540	3395	100	4319	2143	1197	423	4286	455	775	2360	4553	1205	2724	2841	2085	1534	251	1182
1957	1223	2057	496	4141	3525	2872	2913	4791	285	1288	1596	4579	1218	1696	143	1062	4806	4752	502	4571	620	4186	2612	5038	539	4499	1913	2723	1744	4673	4230	1987	1900	2497	1134	1601	1159	2181	2729	1825	2792	2490	3882	2026	727	4163	2544	100	1109	3472	2550	2422	3149	3720	4119	3719	945	3725	3537	4651	3230	2406	238	263	3025	425	3095	3509	3556	992	1172	5006	4414	417	822	2243	1424	2728	3477	2787	5051	2984	3976	2400	3052	2374	4363	4654	3513	4051	357	220	1756	773	772	4983	892	3222	3877	1303
