56	26	20	10	10	10	45	31	22	55	41
26	56	50	10	40	19	25	38	33	47	52
20	50	56	53	30	21	46	24	27	17	10
10	10	53	56	35	16	51	10	10	37	49
10	40	30	35	56	14	23	15	32	54	11
10	19	21	16	14	56	12	42	44	48	10
45	25	46	51	23	12	56	43	13	18	10
31	38	24	10	15	42	43	56	39	29	36
22	33	27	10	32	44	13	39	56	10	34
55	47	17	37	54	48	18	29	10	56	28
41	52	10	49	11	10	10	36	34	28	56
