7261	6597	4022	5507	1518	4501	2829	2322	2996	3476	218	3775	4125	358	2116	4988	412	3505	6144	5197	6289	2663	2933	4853	491	281	2658	897	2656	3694	5603	484	4984	5679	2071	2846	4720	2432	5349	6363	1435	881	3431	4006	1770	2947	933	5426	3341	3948	4090	132	1282	5468	120	6080	2196	5313	1026	3317	4709	7103	7203	6805	4904	2479	2055	1994	4540	3595	1014	496	2293	5238	3663	4518	3711	463	5125	3842	5927	1480	3688	4059	5045	6004	6960	3168	4835	1412	5945	5977	3979	120	234	2410	930	4325	6906	5150	6686	5621	3894	438	1441	1096	5407	5979	6032	6577	947	2650	209	6579	995	2641	5936	1344	2243	3311	4698
6597	7261	4545	6275	812	6267	2372	2437	1754	6846	4342	2907	4562	2443	4652	3453	623	551	2108	3655	6999	4176	709	4154	3861	5915	5514	6904	5453	3613	2294	3022	3863	4460	6037	1817	5217	1830	3486	3328	6908	3952	3871	4202	2770	3083	3221	1617	2006	1800	4732	4357	6100	4144	6218	2855	3167	1557	4037	3922	1484	7183	6647	6009	1203	5194	3391	5298	7251	1323	4406	3893	120	6419	4599	2274	4328	6918	4492	7056	4862	4854	1463	6833	5161	3580	6235	1543	1110	6550	6106	5331	1630	5711	4344	5617	4471	1664	4205	5037	2472	6694	5212	6093	6019	4033	6476	5568	1137	6808	5615	751	1556	6603	6613	2620	654	3318	4309	3730	1528
4022	4545	7261	1651	6890	1341	5880	2278	1111	977	6980	565	7197	4469	6062	3122	5247	2209	3064	5203	2975	7127	723	2992	6307	4849	4922	6238	6431	2578	3621	3507	407	2635	4092	7001	2054	634	4693	1325	7174	1636	1398	289	3782	3430	1276	6587	1502	1330	322	998	4123	6206	287	5414	6107	7139	5559	3215	698	3361	5755	1577	784	1130	831	641	5798	7066	5429	6071	2365	2007	1700	4223	2066	7067	316	4735	3635	1485	3068	4958	5690	602	6598	5297	2587	6174	3117	3683	5508	992	1663	2987	120	3370	3116	7102	752	3172	2049	2978	2959	1901	4187	3219	6499	979	816	7106	3059	3559	4402	6829	4665	4472	1787	1046	3680
5507	6275	1651	7261	5021	4770	270	331	2062	6516	2384	3297	5751	3888	3515	1152	6924	5878	2716	2792	1558	5454	1499	5607	3257	4387	965	1242	3740	4244	6185	5163	4478	4218	1771	2920	5259	6072	3131	3031	6996	1523	6485	6146	7247	1914	1845	5529	4012	5673	1454	2971	2681	7084	5478	3080	3947	2901	3097	6667	5087	1143	6677	4638	678	5147	800	6306	1129	7006	3751	4787	453	4911	5480	1080	6202	7013	2045	2710	4839	1327	1907	5976	3858	713	1961	6114	2210	1012	7054	3986	701	826	981	2473	3927	5721	120	3231	6022	920	4766	714	3288	4834	4486	5166	4028	4553	5327	4333	1973	4416	2305	6628	5143	5208	4103	1220	4807
1518	812	6890	5021	7261	3342	7012	6753	251	2295	4020	2234	4208	1600	3599	6540	835	6986	4270	5145	764	6651	120	5663	3255	4754	6625	2657	3416	1842	1693	5420	2524	5146	4490	593	3639	6797	5376	2570	5521	6567	2238	2447	5584	5971	6099	4065	121	2684	7130	3895	1797	5720	5005	3084	6164	1984	4485	1983	7118	3389	4840	4452	6940	1639	4796	2357	4890	3076	307	120	5062	1947	3709	6359	7204	343	3631	1632	123	6357	1095	173	5380	6158	4691	120	2624	6523	7202	6788	2446	3034	1898	7025	6125	2104	3397	282	5186	3605	6761	120	5870	4943	7151	6327	5944	3865	2076	1064	2514	5279	5016	3265	6585	5903	6958	6529	3608
4501	6267	1341	4770	3342	7261	2502	3091	2102	7088	1211	2399	2436	2679	2838	3191	900	1136	2302	5046	5424	179	4070	4274	3466	666	1504	3411	4816	5368	315	3151	5948	6760	2386	1687	4697	1252	5177	120	2098	7224	727	724	5108	2265	1741	7258	2600	6528	120	4058	7210	6420	246	1629	120	4886	3628	2376	3544	4356	4629	460	1179	1335	5749	2562	3009	4681	5381	5038	6783	3062	531	4905	4279	3953	3358	6714	4802	1178	4521	1899	1105	5852	3315	4172	400	5311	4364	4268	2481	2494	973	6048	6514	2766	6440	3648	1149	4603	4989	5002	612	5821	2394	3788	1758	1120	4248	4574	2470	129	321	680	799	1980	3113	886	4636
2829	2372	5880	270	7012	2502	7261	801	2249	2928	5288	3033	4359	6252	5253	4184	2536	2764	3355	1584	3014	7070	3114	1877	4919	3640	1966	4473	6283	5517	4523	6791	5325	5554	120	3917	4181	3790	6939	4612	2718	5665	3387	1905	2187	5949	1061	4193	1775	1582	4201	6556	5848	609	5633	6443	2263	5631	1902	1643	1667	4217	2166	6177	5080	459	1795	1033	4393	1876	6798	1583	7190	839	5178	6531	1278	5901	6856	5069	5374	6658	5250	3794	2047	3942	2106	6453	5487	158	4935	3195	2075	5479	5515	6573	3210	6180	3593	1340	4532	2313	4570	6236	6790	1489	6645	5051	570	2033	268	265	4869	5333	5367	1860	233	2415	1062	5823	1225
2322	2437	2278	331	6753	3091	801	7261	4578	2373	1151	915	4609	6150	5174	2617	6159	3223	2359	4649	2824	5863	1029	4306	7060	5532	6436	7040	120	2327	1761	4631	1472	7114	7101	3710	5960	2338	476	4068	829	6053	4682	3785	1141	6887	6374	6946	7105	3714	1169	4940	7074	3883	5132	1945	4319	5709	2021	2402	2059	1396	5917	5421	6294	1956	2861	4708	3795	5513	4716	1227	1309	5011	3549	4310	6937	2082	6278	5874	5428	3973	2495	4409	2507	6441	1992	4385	7049	6102	5610	4302	3926	6717	6859	475	4506	5210	3165	1195	3243	3065	5124	1701	3196	120	4525	3136	6977	6196	5324	391	6612	4670	4678	1796	2225	2100	3176	559	3339
2996	1754	1111	2062	251	2102	2249	4578	7261	659	120	4915	1301	5455	3451	7041	1862	5736	2465	2779	2352	5317	6572	5581	6434	120	6143	7058	7119	1293	1570	4035	2212	6824	932	5241	864	5614	3111	183	3239	2107	3454	4944	2961	2730	5130	4326	4314	6605	6290	2203	1964	2677	5392	5897	1672	6870	4571	4122	6617	582	120	4422	3840	3656	2126	3463	628	2191	6244	7169	5302	120	4700	182	2519	4401	1868	6615	2991	3130	1244	7109	6411	3885	6231	3484	2301	2223	777	6041	1349	6124	4846	3924	2493	5598	5705	263	5278	2566	715	5950	7117	1991	3814	1909	3936	3060	3316	1031	3344	3133	1059	5343	277	6526	4271	515	6975
3476	6846	977	6516	2295	7088	2928	2373	659	7261	3542	4894	1015	5869	168	550	494	2270	1603	2940	6187	5714	3039	3543	584	5740	4985	3539	3188	3550	462	3633	7108	697	6713	3672	120	509	285	2448	2823	6767	4194	6695	7236	5165	2184	1641	5695	3382	649	6192	6433	3482	6532	3440	6758	1329	3784	4785	149	350	1250	1626	6260	3393	480	4671	721	5256	120	4431	4552	6631	4294	4822	1739	620	5446	6576	5001	434	1768	2001	4624	3978	6301	1066	7256	6335	4067	4801	127	3442	6619	3845	2162	6785	6648	3974	2441	1190	2795	6832	3589	4019	1688	5816	879	6884	6309	4132	3140	4331	1317	1897	7007	882	5474	2821	6734
218	4342	6980	2384	4020	1211	5288	1151	120	3542	7261	174	4021	6084	1319	261	1547	1308	2207	5527	3910	1535	2633	5258	3990	7145	5640	4207	6759	3021	2873	309	668	6400	4498	4107	4877	4739	730	3120	1100	5104	1493	235	1969	4793	3983	4419	4683	2459	904	885	517	2905	6364	5859	4577	2746	5265	6781	298	2756	5296	6742	5843	6394	1286	2403	4646	7018	5329	212	767	1949	2529	5913	6834	7023	6746	4975	5199	5089	2043	5063	6313	3030	4812	3987	2817	2392	2358	2309	3887	1392	7111	1767	224	1832	3520	4569	4321	6902	1089	2708	6086	1979	5405	6322	3104	1635	2621	5756	873	1074	6013	4499	6214	1709	7253	5820	2619
3775	2907	565	3297	2234	2399	3033	915	4915	4894	174	7261	2747	4510	3867	5882	2040	7244	7186	120	5802	6375	4949	7080	3630	2088	4339	6487	5572	771	5345	2390	4809	5389	4832	5276	3184	6723	2737	985	2039	3233	1833	6154	743	447	849	1725	6607	1500	4913	3576	1818	5681	2872	3563	2575	1461	6383	1943	5645	5668	3241	1177	1735	2174	4666	2609	4299	6554	1542	191	2771	6627	227	4556	954	1194	2854	6116	3575	6067	1971	957	2213	6778	1005	5991	2583	2414	6473	4888	1496	311	3588	4186	3699	1707	4993	2509	2068	3856	5667	1807	759	3912	3556	4366	4531	184	576	2781	486	4290	4494	1932	2843	2147	2860	6266	5606
4125	4562	7197	5751	4208	2436	4359	4609	1301	1015	4021	2747	7261	7042	305	5041	6507	1397	6802	2455	5211	4749	501	5597	362	6108	1587	6606	320	3866	247	2273	3956	3043	1058	2069	4099	238	2715	4662	3844	5754	6478	5856	4661	1926	5564	332	1794	1772	4060	3011	1751	1187	925	966	2893	1402	3252	6199	4105	3093	2579	6458	4863	2775	5528	4281	6011	938	1642	1861	120	3377	425	6110	1539	1953	3524	6621	2749	1919	3291	3820	4705	6950	1779	5799	1661	4692	2912	5476	3890	1866	1957	3298	5187	722	5626	4102	3731	6210	5894	5676	336	354	3218	6775	6865	3055	478	1352	3804	891	6951	3659	429	4164	6806	5281	196
358	2443	4469	3888	1600	2679	6252	6150	5455	5869	6084	4510	7042	7261	6082	7083	6402	538	5014	6167	4246	7086	5954	6018	748	1619	6448	4868	5200	1162	120	6042	7158	2111	2324	5481	6361	3615	3161	3326	3733	6922	4084	1941	5469	3732	4952	5404	4424	4789	1144	1806	1239	4722	5997	4604	3423	6194	3067	5462	5095	5043	2876	1314	5855	3696	4641	4917	3500	3704	4159	611	3465	6044	410	2061	4963	3634	6366	2132	6242	2036	1599	1849	3098	7172	2118	5294	2963	7173	647	5872	4254	572	3357	1167	3571	3850	5970	2875	948	4296	139	3734	2487	4745	6582	4141	1091	4924	3154	5438	1529	3669	120	1411	5371	5793	2499	5255	5539
2116	4652	6062	3515	3599	2838	5253	5174	3451	168	1319	3867	305	6082	7261	5057	1355	5059	5811	2375	1008	2902	4892	4585	6360	5691	546	1993	2523	5491	2694	7144	1869	4777	761	1677	6681	2680	4210	1180	1875	2370	1522	587	3765	2878	120	248	6414	1456	943	2435	2275	4645	2735	4420	5555	6961	6002	295	5075	120	5214	3379	5170	1561	3889	428	6358	5551	4096	1027	2264	2257	2628	2632	4921	4546	439	6840	632	3720	4687	3959	5009	5618	3128	2914	987	6813	2864	6450	4791	6355	6425	6784	6147	4533	4464	1757	4572	4146	4287	1471	6200	4959	4976	2283	1475	2828	6472	465	1070	5902	5097	6967	694	4934	4066	1910	934
4988	3453	3122	1152	6540	3191	4184	2617	7041	550	261	5882	5041	7083	5057	7261	510	5595	6287	650	2018	273	6055	4903	2923	5809	3911	6739	5035	766	2939	1215	840	1934	1258	6721	3353	6212	2090	2260	1712	4627	7085	413	5232	3330	4896	5504	4517	1133	1426	7221	2592	5651	1057	5153	7142	1067	4255	683	3587	4434	5022	3424	606	7044	3489	2154	4752	4554	2048	1182	7034	4845	3770	3897	2221	6460	4349	969	4992	1900	1717	6705	5788	4536	5956	1690	120	6728	1852	2458	120	6725	1808	739	663	2461	5451	3872	2791	5703	172	1166	4755	2512	221	1052	3582	782	3682	6703	2998	4642	4063	4462	4138	3187	3438	5394	1127
412	623	5247	6924	835	900	2536	6159	1862	494	1547	2040	6507	6402	1355	510	7261	366	5494	758	2129	677	795	5760	204	2156	4826	2268	2577	4111	717	2806	6179	803	6962	470	2429	4114	5864	6344	2660	1170	2613	3170	120	2281	5287	852	5832	6183	440	6942	3374	5512	1671	5034	5865	6688	2215	1654	1158	2740	5813	3982	1497	1483	6575	1995	1364	2559	5627	5328	2237	7167	6126	892	5310	5055	2440	1466	4561	7095	5536	5274	1719	4529	1923	399	7200	2862	6521	1952	5941	1044	4093	6315	2934	1791	1459	2450	4857	7187	734	6844	6163	3516	2363	1183	6031	6538	1469	5849	4195	2884	4071	3675	5904	7179	3069	3396	5461
3505	551	2209	5878	6986	1136	2764	3223	5736	2270	1308	7244	1397	538	5059	5595	366	7261	6482	1608	5105	6131	1379	5666	5218	2201	6545	3209	4598	4986	6660	4245	192	1358	7194	1302	2646	5337	819	2844	854	6878	3491	5320	4005	1908	6614	1650	2112	3310	4613	6718	5861	1122	1613	226	5707	4002	975	3705	4763	2678	4713	1181	6483	967	355	1605	6092	3493	5655	5739	3852	7226	578	1894	5099	5109	599	5499	2591	1981	1393	2645	1452	6649	3899	2834	5415	7089	7032	379	1403	5065	1399	6932	202	5012	6709	3160	3307	120	7160	3577	5181	4001	385	4215	7131	2516	4417	3386	4414	561	1906	6853	6772	3481	4233	148	1350
6144	2108	3064	2716	4270	2302	3355	2359	2465	1603	2207	7186	6802	5014	5811	6287	5494	6482	7261	543	4226	5442	3846	2169	5176	6481	5049	7051	1395	566	4516	2722	2941	4282	5096	190	5524	5318	4405	6740	671	455	5647	779	4782	2478	5685	2869	5990	1322	3192	1192	639	402	5248	940	1414	4286	3268	2401	1121	5173	334	793	6246	2490	6330	7125	2910	2477	2597	1068	2121	1123	3013	120	1867	2745	2482	2236	1468	7065	4990	844	6666	180	4396	325	4413	2483	1025	6094	3819	5958	6836	2831	3118	5638	577	3935	776	3388	4724	5677	4605	656	970	1478	5579	120	6747	7168	5987	2387	4166	5164	5086	6860	1427	5957	1740
5197	3655	5203	2792	5145	5046	1584	4649	2779	2940	5527	120	2455	6167	2375	650	758	1608	543	7261	3681	1685	3579	2200	330	1490	5387	2596	1199	1312	5692	4289	120	2880	4616	153	695	877	7192	6156	4443	1694	1134	4412	2671	4117	4805	3106	4368	4837	1571	7062	1996	159	1118	6510	4025	2788	3602	523	120	3085	870	968	5215	712	2839	4637	2101	2362	4743	6506	4543	2417	1930	7152	1464	6118	4437	2953	5959	914	2053	1160	522	2331	377	5372	6261	222	4395	3823	4411	1047	5834	6898	4097	5940	832	2474	6160	4263	6085	1109	4198	6769	2599	5934	4581	206	7207	6851	2676	1826	6511	2672	1281	3042	3459	5464	2247
6289	6999	2975	1558	764	5424	3014	2824	2352	6187	3910	5802	5211	4246	1008	2018	2129	5105	4226	3681	7261	5557	3045	4000	3286	392	1255	1373	3443	2825	3636	6430	3815	2411	6025	5588	1731	511	2381	6034	4635	1710	6215	2089	6691	339	4351	7075	4707	6755	4799	2133	6259	6782	2430	3677	2531	858	1568	2666	6821	4762	6343	1649	3244	5953	1374	4118	5235	4820	4389	5543	140	5467	6408	1755	6974	5525	2742	931	4209	1003	6399	4539	4923	3967	4360	5237	5776	7071	7170	5889	916	6862	4300	2692	4013	1205	3718	6921	3189	5635	4276	120	3024	6181	1745	5812	6659	974	3970	5853	2300	6586	5391	6449	1321	3998	1418	370	7039
2663	4176	7127	5454	6651	179	7070	5863	5317	5714	1535	6375	4749	7086	2902	273	677	6131	5442	1685	5557	7261	5489	6622	2932	1939	3716	4318	557	3650	4502	3108	2051	927	3574	6866	750	4231	7011	6241	4933	1470	6933	3546	1217	4550	5115	5365	4601	1998	4069	1216	5643	1222	899	2849	4440	6498	4077	1004	3661	1071	1354	6197	120	7148	2400	6153	6726	6056	6926	5921	2674	3421	1159	1491	5763	4906	2204	4526	4496	691	1287	1924	1780	1207	5366	4622	827	143	2256	6502	3684	1457	2037	1084	741	2328	2842	5291	6963	1574	676	1699	1782	3717	5379	1407	1680	4346	2997	921	5556	6835	3653	6243	4056	7212	7027	7046	1020
2933	709	723	1499	120	4070	3114	1029	6572	3039	2633	4949	501	5954	4892	6055	795	1379	3846	3579	3045	5489	7261	3048	220	314	675	6320	6198	5386	4872	4844	2903	166	5064	1112	1752	6912	3086	6565	1481	7126	5425	5360	1527	6915	2091	4882	1865	2444	2195	972	4736	3367	1854	937	5319	5728	5712	4727	1168	2606	120	5947	5388	4301	935	2534	1007	188	3567	3137	6227	3882	775	2161	2285	3373	6629	3920	2266	6501	2652	5361	1291	2379	3590	3214	3764	4630	177	4447	692	3552	2197	3534	3072	1546	3496	2655	2809	5119	5905	6863	3329	5268	3306	1273	1778	5452	3380	5723	5450	5030	6021	481	446	6033	5252	5026	2469
4853	4154	2992	5607	5663	4274	1877	4306	5581	3543	5258	7080	5597	6018	4585	4903	5760	5666	2169	2200	4000	6622	3048	7261	3836	3816	2972	6770	4860	5982	120	3728	2306	7072	120	6413	1572	3583	5741	5013	7250	7159	3127	3723	5133	7055	5780	4513	3598	6825	889	4285	5590	3721	5402	7156	5018	3719	3777	1224	5207	5619	3145	120	5184	6325	6564	5334	4831	3708	1388	3999	2492	2782	1268	4435	3240	4551	4712	1088	6380	3928	1245	3527	1606	1060	6745	6624	4457	563	5746	6201	5570	6669	6727	2887	6665	4237	1126	278	5355	1434	3162	5675	5032	201	1946	4140	3923	7260	5149	3847	3305	640	1915	5792	6938	1548	6345	3780	4377
491	3861	6307	3257	3255	3466	4919	7060	6434	584	3990	3630	362	748	6360	2923	204	5218	5176	330	3286	2932	220	3836	7261	5285	1955	6113	3849	3173	4142	4768	4095	4684	395	4374	1864	1670	2786	6454	686	5891	1430	120	6763	3299	664	4643	3025	637	219	1492	3536	5930	617	3562	4644	513	3647	4824	2165	6535	1142	5157	5315	5549	3592	893	5056	186	6140	6571	6941	3706	1450	2185	945	5509	5301	5892	4810	7181	4404	7175	1076	1146	5654	6601	7199	2439	3886	4249	555	5158	1423	3417	5382	1296	726	7038	1566	5233	949	5047	6815	1279	6401	5339	6282	5969	313	4407	2946	5989	4253	4942	1541	1911	6987	7022	1530
281	5915	4849	4387	4754	666	3640	5532	120	5740	7145	2088	6108	1619	5691	5809	2156	2201	6481	1490	392	1939	314	3816	5285	7261	3690	3791	225	1824	5168	6012	5295	2778	848	6965	997	1128	5925	1231	498	7225	2573	120	1438	822	6470	1777	7205	4514	4121	1248	4126	5050	4704	2540	3150	2530	6137	1931	181	2545	3275	3914	1290	2697	2690	5118	2759	5506	3991	5351	1161	1214	2969	6457	2356	4116	3702	5542	3747	1053	6822	818	6319	6787	5432	6435	746	790	5684	4535	2074	1339	1565	2475	3089	1602	3603	4576	326	1674	4964	6352	2527	794	187	573	1381	5179	3007	3949	2758	5609	901	5608	2582	6626	583	3792	6139
2658	5514	4922	965	6625	1504	1966	6436	6143	4985	5640	4339	1587	6448	546	3911	4826	6545	5049	5387	1255	3716	675	2972	1955	3690	7261	4936	5332	616	3352	6699	5593	627	5774	4133	3713	3432	6379	4009	1236	6900	4143	3366	3502	303	405	4983	4804	2289	4160	3232	4850	6090	1776	5444	1887	6432	3494	1507	2382	120	5604	5419	2601	669	4316	7206	7005	5271	1360	4487	4660	6600	2548	3825	4262	6684	3930	5893	3642	1451	133	7163	1683	3673	4794	4885	2194	1851	7213	729	5860	2908	3735	120	4673	1921	3525	346	2954	7136	2856	2616	3099	6314	6757	5033	6751	6412	6712	6376	1154	1138	5522	6087	1839	1798	4823	5495	7033
897	6904	6238	1242	2657	3411	4473	7040	7058	3539	4207	6487	6606	4868	1993	6739	2268	3209	7051	2596	1373	4318	6320	6770	6113	3791	4936	7261	1513	1819	6385	2321	5773	3455	3163	1073	2347	7140	341	1618	3612	2605	2542	1184	5264	2097	5519	6731	6054	7165	4489	2258	170	6475	4149	3381	1103	7090	3012	4927	256	3036	768	5040	5810	4980	540	1940	4329	3053	5307	5937	3441	3766	4330	856	6542	3818	2272	1449	3274	6395	5886	1987	618	4685	2962	1356	4451	1186	5884	7248	2654	450	3622	2188	3662	3808	6115	120	2255	2218	7238	2899	2515	6026	6245	3427	5833	2799	6237	1890	4658	1254	5680	3664	1348	6119	4507	4258	4876
2656	5453	6431	3740	3416	4816	6283	120	7119	3188	6759	5572	320	5200	2523	5035	2577	4598	1395	1199	3443	557	6198	4860	3849	225	5332	1513	7261	4087	735	2416	6903	2533	586	6151	2731	2282	2931	4675	5470	367	4567	6112	6563	4909	5484	3035	4633	6522	624	378	2317	3345	2748	4493	2017	3057	5008	644	1591	2339	416	7201	5933	3748	3903	3855	2874	308	6295	3789	847	5743	7191	458	1274	2754	4706	4474	6609	4449	2510	5128	4398	4710	120	1267	4367	6169	5686	2798	817	1805	7229	3169	2704	2087	6121	6905	5230	2926	1935	2593	5280	258	1656	2013	1307	5662	4634	6176	898	605	6544	7166	3779	2720	1533	2396	2574
3694	3613	2578	4244	1842	5368	5517	2327	1293	3550	3021	771	3866	1162	5491	766	4111	4986	566	1312	2825	3650	5386	5982	3173	1824	616	1819	4087	7261	4586	6557	4667	1612	6804	5998	2231	765	120	2128	6203	4380	2290	3744	2323	6426	658	1213	389	1165	772	5694	120	185	4819	986	3276	3969	2966	4250	120	5004	4836	5620	4165	3390	2044	1272	6536	1560	3874	6225	2988	6331	5612	4690	1424	120	120	6868	3461	4307	1883	408	2137	443	6318	1592	7123	6882	3691	6590	2550	3375	6028	4448	6152	6819	2525	5393	6956	1841	591	3135	1439	1336	5637	786	5121	1726	151	1232	661	5191	2753	2986	5245	670	5995	6990	2070
5603	2294	3621	6185	1693	315	4523	1761	1570	462	2873	5345	247	120	2694	2939	717	6660	4516	5692	3636	4502	4872	120	4142	5168	3352	6385	735	4586	7261	4747	2506	3019	1575	7154	2948	5020	6558	6692	2176	7147	3724	3487	719	232	6610	1659	1476	5518	6618	240	1009	1148	333	495	2522	6874	6064	3860	3208	1185	642	6063	2226	2211	648	1078	4023	615	5447	1988	262	2232	6490	2377	134	6258	2546	1246	1371	6323	4998	7245	4912	4583	6547	3478	6222	5396	1929	5135	6517	2651	1010	2719	6480	4597	706	6861	3179	2520	6562	5992	2467	6823	4177	4946	4519	958	152	4072	4500	1610	5401	2670	197	1666	137	6007	6324
484	3022	3507	5163	5420	3151	6791	4631	4035	3633	309	2390	2273	6042	7144	1215	2806	4245	2722	4289	6430	3108	4844	3728	4768	6012	6699	2321	2416	6557	4747	7261	2004	3501	454	519	1724	838	6729	2032	7098	1544	5373	1982	348	6845	1720	120	5962	3671	6505	5129	5363	489	6193	2235	6040	3537	1938	4537	1405	3156	1098	347	5550	5984	2052	7002	1950	1265	5262	3864	430	4397	2130	4291	6340	5169	3933	1445	5299	5942	4238	1429	1828	1678	5596	4386	7008	4383	5787	1147	1145	3018	2603	3190	6186	6525	3261	3806	3262	6947	2892	1261	6537	6842	1552	6964	6416	6387	1488	3875	4264	4954	6749	6689	4322	5887	5436	503	3540
4984	3863	407	4478	2524	5948	5325	1472	2212	7108	668	4809	3956	7158	1869	840	6179	192	2941	120	3815	2051	2903	2306	4095	5295	5593	5773	6903	4667	2506	2004	7261	4042	2909	871	3003	3485	4128	744	2476	5794	2349	7014	2889	3859	3535	5742	6879	4267	2280	4538	4363	1871	5706	3512	6254	5866	1140	6191	6847	351	5273	6097	5850	1447	231	4594	6954	7254	2139	6733	342	1313	3616	5082	5965	3943	4039	534	144	2564	6250	3521	4818	2014	7232	4891	5077	3260	4362	6698	3511	574	4737	919	6636	753	6789	3547	5270	131	368	5516	488	4596	7073	7138	4711	6351	5193	5408	821	1730	6010	1948	3248	6810	6089	789	445
5679	4460	2635	4218	5146	6760	5554	7114	6824	697	6400	5389	3043	2111	4777	1934	803	1358	4282	2880	2411	927	166	7072	4684	2778	627	3455	2533	1612	3019	3501	4042	7261	3020	5885	944	6349	5932	169	569	4391	6817	1951	5847	5171	4086	2807	1455	1716	6843	4798	360	5044	1840	5384	5895	6300	5968	1001	404	4505	6916	6101	621	120	1646	5771	7092	5784	2567	2714	4225	3331	3783	1406	3087	386	5826	4221	3561	836	3203	6795	2763	2423	595	1965	4345	4311	4783	4941	4522	5127	2355	7252	5632	1718	6362	241	610	1219	1695	120	5935	1766	7134	208	4955	568	6632	2422	7035	7059	1209	5458	6310	3759	1564	120	6332
2071	6037	4092	1771	4490	2386	120	7101	932	6713	4498	4832	1058	2324	761	1258	6962	7194	5096	4616	6025	3574	5064	120	395	848	5774	3163	586	6804	1575	454	2909	3020	7261	461	6205	2634	3658	4769	6495	3984	1487	5814	2871	740	3752	3497	567	426	2618	6812	372	7176	6299	5795	4950	4032	3152	2698	5783	3617	716	4124	1753	6970	337	3796	6672	2773	4139	6875	4438	3457	3295	4336	5079	7026	1986	810	1990	2647	4476	120	1065	2765	120	120	1918	3762	4878	6559	4430	3119	869	652	6539	3652	4740	4790	5335	4079	2661	1437	2866	953	5326	2093	3077	994	4029	4355	5066	5347	4776	1453	178	4962	4153	2886	3183
2846	1817	7001	2920	593	1687	3917	3710	5241	3672	4107	5276	2069	5481	1677	6721	470	1302	190	153	5588	6866	1112	6413	4374	6965	4133	1073	6151	5998	7154	519	871	5885	461	7261	6854	5434	1253	1789	6892	6368	5308	5759	3834	213	6224	6298	5042	6927	5399	120	1607	2141	4625	720	3346	3768	2041	2153	7211	3425	1208	3761	1922	6342	5239	2727	2989	2198	5719	4767	4352	6341	4608	619	5978	4669	806	7076	280	1743	3304	1119	5227	6616	4456	5138	5070	738	4618	2113	2768	2643	2418	1370	830	3437	5986	4981	4504	2109	5585	4014	5983	1357	4273	3225	1477	3469	2094	3771	1401	2964	4190	4907	120	6848	6599	2723	5757
4720	5217	2054	5259	3639	4697	4181	5960	864	120	4877	3184	4099	6361	6681	3353	2429	2646	5524	695	1731	750	1752	1572	1864	997	3713	2347	2731	2231	2948	1724	3003	944	6205	6854	7261	6382	4997	4327	1383	2222	6533	4945	2186	6541	5154	1387	5092	5223	5762	4265	5837	6043	6877	5688	5907	2518	5530	3929	6269	3841	5981	1221	2804	2367	6801	3250	2335	5482	5729	5605	1814	2103	6029	3878	1823	5266	4293	1362	6779	394	2942	5687	477	6117	2897	4305	1446	1913	2152	2150	3941	5561	674	6168	2568	266	6491	5924	125	3813	681	7100	4672	5664	6070	3810	542	651	1697	3400	6724	4566	6944	3620	5385	4439	6807	3558	4048
2432	1830	634	6072	6797	1252	3790	2338	5614	509	4739	6723	238	3615	2680	6212	4114	5337	5318	877	511	4231	6912	3583	1670	1128	3432	7140	2282	765	5020	838	3485	6349	2634	5434	6382	7261	2999	1369	3746	504	505	3480	2686	3182	1102	4751	3349	3371	4175	4373	6228	5220	2772	6748	6321	4372	5222	2729	228	6129	2883	2449	1347	2797	6354	5806	855	1021	2160	2463	6955	2631	7133	3148	3898	4269	3548	1315	2816	3555	2119	1825	2970	2214	2511	5206	284	6503	4046	1104	3638	6446	2757	6592	6477	6871	1705	3736	2504	3096	4130	3070	2488	2543	4897	4425	120	5078	2083	286	4842	3901	487	5172	3506	507	4343	419	1297
5349	3486	4693	3131	5376	5177	6939	476	3111	285	730	2737	2715	3161	4210	2090	5864	819	4405	7192	2381	7011	3086	5741	2786	5925	6379	341	2931	120	6558	6729	4128	5932	3658	1253	4997	2999	7261	3199	6644	1050	4814	2762	3995	1139	3957	4843	1376	3985	3178	2683	6268	5726	6378	1747	6391	6027	690	363	211	6841	3384	3129	1085	3445	7217	4303	3302	6479	825	1944	1536	2182	361	5523	120	824	5825	5761	437	3660	7124	3263	4199	7053	3410	1978	3798	294	6793	7030	2077	5817	4800	2145	2486	5636	3623	516	3200	3198	352	2142	4174	3204	3604	1590	4701	5862	6984	2721	4297	7122	1503	3426	1351	4778	4101	5765	1581
6363	3328	1325	3031	2570	120	4612	4068	183	2448	3120	985	4662	3326	1180	2260	6344	2844	6740	6156	6034	6241	6565	5013	6454	1231	4009	1618	4675	2128	6692	2032	744	169	4769	1789	4327	1369	3199	7261	2484	6496	5574	6251	5910	5007	2246	7024	3202	1813	5764	3799	4937	1375	5966	4859	5577	823	1086	5805	2554	4591	1135	2291	6392	528	120	2086	3971	3348	725	6762	5735	837	215	6803	2796	6305	732	7143	5304	2354	1620	859	373	1586	6893	5928	2668	3446	2175	3237	2614	4757	398	4632	700	964	1310	2734	175	3753	291	3977	2326	2158	4870	2466	842	274	4593	4916	6220	6155	3193	2576	257	1175	3383	194	3827
1435	6908	7174	6996	5521	2098	2718	829	3239	2823	1100	2039	3844	3733	1875	1712	2660	854	671	4443	4635	4933	1481	7250	686	498	1236	3612	5470	6203	2176	7098	2476	569	6495	6892	1383	3746	6644	2484	7261	1647	417	5622	5731	6852	5350	1093	3092	2584	2172	502	3418	4216	3492	2277	2468	6826	2885	6796	1977	2002	5777	1708	7184	5344	1234	7120	2216	120	3976	988	1873	6334	2607	4558	3230	2741	2732	1479	3756	2982	4230	2612	2173	120	3327	1238	2351	290	4052	4695	5251	3277	2388	5029	535	872	3359	4582	2046	5090	2653	1589	6442	415	980	5254	4995	4803	2848	5683	913	4241	508	704	2217	6708	1645	5873	3570
881	3952	1636	1523	6567	7224	5665	6053	2107	6767	5104	3233	5754	6922	2370	4627	1170	6878	455	1694	1710	1470	7126	7159	5891	7225	6900	2605	367	4380	7147	1544	5794	4391	3984	6368	2222	504	1050	6496	1647	7261	1847	6336	1361	5503	335	3918	5240	1303	3531	1056	3050	467	3981	3185	6690	5819	6005	6184	6704	4074	464	7198	5625	6671	1237	7209	3258	6257	3807	1389	3175	688	3591	1638	312	3088	4651	466	996	3395	5923	2140	5500	5100	7037	4813	1595	5769	7240	120	3166	1578	6356	4007	1494	1384	156	3259	6381	2640	210	6296	6388	912	4189	2084	2810	4679	728	5890	4901	4120	2851	2337	6596	1359	2412	646	384
3431	3871	1398	6485	2238	727	3387	4682	3454	4194	1493	1833	6478	4084	1522	7085	2613	3491	5647	1134	6215	6933	5425	3127	1430	2573	4143	2542	4567	2290	3724	5373	2349	6817	1487	5308	6533	505	4814	5574	417	1847	7261	6488	2407	2789	4178	7237	4158	3211	4332	4815	4640	2250	1985	6277	5275	120	5003	1404	2755	4719	1937	442	4229	1251	6066	2244	926	7081	955	544	4428	7150	4855	6370	1732	3372	1967	3056	302	4427	6985	809	6637	2623	3300	6407	6888	908	5888	2005	5159	6015	4347	6466	7068	3296	3596	1803	4744	5068	6602	5195	585	4180	4338	2709	1006	6429	297	1226	1968	1576	5448	120	1156	2557	6867	4375	3102
4006	4202	289	6146	2447	724	1905	3785	4944	6695	235	6154	5856	1941	587	413	3170	5320	779	4412	2089	3546	5360	3723	120	120	3366	1184	6112	3744	3487	1982	7014	1951	5814	5759	4945	3480	2762	6251	5622	6336	6488	7261	396	1623	6743	4203	5369	4639	2826	1363	1415	6204	318	5600	135	541	3625	2551	4045	2329	6642	5961	813	4592	4145	2067	3075	4257	6952	1729	1621	1733	5039	3566	7017	2541	1049	1686	1200	2615	2193	993	3870	548	1936	7091	4508	6050	1999	5156	4972	2585	5198	2345	6263	2801	4920	1495	427	4016	6886	598	1886	5148	2693	2334	4579	5586	3422	5824	4100	7228	518	4994	5076	1885	3687	2366	4036
1770	2770	3782	7247	5584	5108	2187	1141	2961	7236	1969	743	4661	5469	3765	5232	120	4005	4782	2671	6691	1217	1527	5133	6763	1438	3502	5264	6563	2323	719	348	2889	5847	2871	3834	2186	2686	3995	5910	5731	1361	2407	396	7261	923	1706	7052	4680	6682	4542	5348	5488	6317	6979	2035	6730	3884	5738	6079	6271	6039	7188	7112	2725	4185	283	6285	6983	1614	4880	2148	1256	3107	6170	3545	6188	6620	3319	349	6685	329	2890	604	2092	4171	403	2340	1260	6966	2442	3283	594	3729	773	1040	6213	421	6444	6646	120	3449	380	1016	3110	3767	6083	5906	5985	4432	418	1916	3323	770	2918	5192	4088	2891	5490	5094	120
2947	3083	3430	1914	5971	2265	5949	6887	2730	5165	4793	447	1926	3732	2878	3330	2281	1908	2478	4117	339	4550	6915	7055	3299	822	303	2097	4909	6426	232	6845	3859	5171	740	213	6541	3182	1139	5007	6852	5503	2789	1623	923	7261	4465	5443	6136	2453	1954	6265	6650	5767	564	6049	6931	4774	4864	2383	6467	2261	6864	1420	2594	120	3332	1413	1597	3504	2163	353	6710	4786	4925	5939	6936	6722	7003	2537	5456	553	524	2095	5423	4220	3435	5841	6534	1616	6811	6588	5839	6253	3141	499	3027	296	1285	4211	2847	5582	1662	2227	760	3495	2229	2724	3686	4085	3207	217	2325	3368	3594	1846	3533	3101	7231	3408	1792
933	3221	1276	1845	6099	1741	1061	6374	5130	2184	3983	849	5564	4952	120	4896	5287	6614	5685	4805	4351	5115	2091	5780	664	6470	405	5519	5484	658	6610	1720	3535	4086	3752	6224	5154	1102	3957	2246	5350	335	4178	6743	1706	4465	7261	7235	3945	452	4308	5919	6512	2099	2060	3776	5732	3954	4742	5630	6919	1294	2881	862	4530	783	4323	3993	1538	5188	2539	6800	3822	4242	2611	1631	5562	843	7149	7215	787	4157	1540	203	5406	5244	6122	2580	2994	5753	2350	6403	5236	7218	7219	7069	4696	2957	2877	7129	2929	441	2342	2183	6911	1878	3828	6818	6913	216	3992	236	6337	5641	167	6249	2695	2767	4082	5698	4948
5426	1617	6587	5529	4065	7258	4193	6946	4326	1641	4419	1725	332	5404	248	5504	852	1650	2869	3106	7075	5365	4882	4513	4643	1777	4983	6731	3035	1213	1659	120	5742	2807	3497	6298	1387	4751	4843	7024	1093	3918	7237	4203	7052	5443	7235	7261	2521	3369	4429	2761	4589	3228	6452	7141	1759	1266	4317	4479	1024	1715	774	4340	3905	3100	4030	5277	1611	6914	2343	7249	1835	5201	860	3247	1593	1673	5141	2952	539	6969	3670	5639	2398	3308	3415	1594	6234	3038	711	1331	3047	1714	2977	3802	1676	6957	406	4234	120	3581	1132	5322	1962	3082	245	718	4214	1191	756	5553	3028	3401	5110	3629	451	4726	1888	364	5980
3341	2006	1502	4012	121	2600	1775	7105	4314	5695	4683	6607	1794	4424	6414	4517	5832	2112	5990	4368	4707	4601	1865	3598	3025	7205	4804	6054	4633	389	1476	5962	6879	1455	567	5042	5092	3349	1376	3202	3092	5240	4158	5369	4680	6136	3945	2521	7261	7063	558	3830	4866	6438	4914	512	3158	4689	3467	431	4620	207	5440	6664	3403	5840	1107	3362	6417	2409	999	1035	120	1117	2254	2146	2769	6398	6208	5263	120	5081	1034	6304	3333	5362	193	590	1760	3934	293	3980	4236	4213	961	3701	526	3343	2456	3966	1784	3641	6638	269	962	5613	5242	4527	1511	3112	1812	2958	5996	2408	1524	6707	2378	6211	401	903	2333
3948	1800	1330	5673	2684	6528	1582	3714	6605	3382	2459	1500	1772	4789	1456	1133	6183	3310	1322	4837	6755	1998	2444	6825	637	4514	2289	7165	6522	1165	5518	3671	4267	1716	426	6927	5223	3371	3985	1813	2584	1303	3211	4639	6682	2453	452	3369	7063	7261	5312	3143	6549	4590	6566	2636	2888	4222	120	6088	5000	7028	1498	5573	6081	2003	6497	5505	5422	1289	1637	4337	3206	254	6217	2642	6166	5710	3094	6023	4463	2374	1482	5646	3646	6279	120	5395	5879	3809	2815	4764	4883	4734	2271	3090	5430	2127	6329	3697	3138	5535	2159	5868	1038	5358	3958	6386	4784	798	5660	2790	2008	802	3618	2078	3940	6141	5137	833	708
4090	4732	322	1454	7130	120	4201	1169	6290	649	904	4913	4060	1144	943	1426	440	4613	3192	1571	4799	4069	2195	889	219	4121	4160	4489	624	772	6618	6505	2280	6843	2618	5399	5762	4175	3178	5764	2172	3531	4332	2826	4542	1954	4308	4429	558	5312	7261	3292	4600	1431	4094	4806	3217	2332	1521	1711	3499	5701	5594	6989	5616	1045	866	5789	5023	5652	3029	6773	4759	3287	1563	643	310	6422	4371	6949	6030	1087	2937	4206	267	136	4261	3772	5017	6662	3938	5498	6377	161	5354	2144	6668	120	1889	2498	6060	4062	3052	6504	6750	3960	4080	2072	1917	1734	3071	3256	5846	5708	5538	4061	4252	4228	6312	4192	252
132	4357	998	2971	3895	4058	6556	4940	2203	6192	885	3576	3011	1806	2435	7221	6942	6718	1192	7062	2133	1216	972	4285	1492	1248	3232	2258	378	5694	240	5129	4538	4798	6812	120	4265	4373	2683	3799	502	1056	4815	1363	5348	6265	5919	2761	3830	3143	3292	7261	6584	229	6096	6674	2513	4015	2951	3303	4568	781	4482	1836	1790	6456	6232	4718	5854	6297	4454	4929	6589	749	3000	1549	5659	1155	1822	5340	120	3769	6608	2397	5955	5027	271	1858	6765	1353	7227	5717	122	4728	5098	2015	6693	3586	2360	6593	2259	1653	2517	4607	5411	5383	4547	1844	2985	6418	1773	5672	5272	3824	3139	4129	4038	6643	3073	4277	1884
1282	6100	4123	2681	1797	7210	5848	7074	1964	6433	517	1818	1751	1239	2275	2592	3374	5861	639	1996	6259	5643	4736	5590	3536	4126	4850	170	2317	120	1009	5363	4363	360	372	1607	5837	6228	6268	4937	3418	3050	4640	1415	5488	6650	6512	4589	4866	6549	4600	6584	7261	4771	1974	4179	2833	5284	514	4335	4168	493	3743	6679	2496	5072	272	3177	6570	6515	3301	3676	6687	3008	797	7193	1744	6288	382	7157	4563	3320	5546	6917	4292	5918	5113	769	4043	1223	2827	4957	2979	4848	6104	479	4483	4127	665	6353	5353	369	4548	2993	1728	699	5963	2571	4491	3695	1532	3293	3452	4792	3868	3273	2800	1975	6656	6524	1259
5468	4144	6206	7084	5720	6420	609	3883	2677	3482	2905	5681	1187	4722	4645	5651	5512	1122	402	159	6782	1222	3367	3721	5930	5050	6090	6475	3345	185	1148	489	1871	5044	7176	2141	6043	5220	5726	1375	4216	467	2250	6204	6317	5767	2099	3228	6438	4590	1431	229	4771	7261	4260	5922	1188	3254	3488	971	1904	120	4047	3282	195	601	3793	5213	804	3644	3216	2894	3004	3405	2858	4458	2299	3245	2022	2424	3462	2395	4773	2149	5398	1288	6427	4275	4841	383	3220	2025	5413	6162	457	1163	5330	3528	3611	3760	4654	2500	1037	6447	7121	6132	4442	120	4559	1115	3001	2604	2179	5702	6830	1011	2224	7077	4847	3851	1959
120	6218	287	5478	5005	246	5633	5132	5392	6532	6364	2872	925	5997	2735	1057	1671	1613	5248	1118	2430	899	1854	5402	617	4704	1776	4149	2748	4819	333	6193	5706	1840	6299	4625	6877	2772	6378	5966	3492	3981	1985	318	6979	564	2060	6452	4914	6566	4094	6096	1974	4260	7261	5768	3267	5835	6896	2245	6839	4748	4403	6045	4982	4191	1197	1737	5031	5117	3831	1501	4830	4475	5048	6959	4788	4197	952	1821	4664	3037	6513	6161	6901	469	6207	596	3227	2096	5260	6799	2814	6976	3607	5988	3538	5881	2739	1863	1343	7045	7208	7155	3471	2445	3144	3707	3649	4730	3081	5548	5782	672	154	4295	4647	3513	6574	3464	3409
6080	2855	5414	3080	3084	1629	6443	1945	5897	3440	5859	3563	966	4604	4420	5153	5034	226	940	6510	3677	2849	937	7156	3562	2540	5444	3381	4493	986	495	2235	3512	5384	5795	720	5688	6748	1747	4859	2277	3185	6277	5600	2035	6049	3776	7141	512	2636	4806	6674	4179	5922	5768	7261	5377	6455	1467	7164	2457	1421	6640	3519	4353	5160	205	1017	6406	1417	2114	4926	390	2916	693	785	3996	635	7082	6711	4152	5857	4902	911	6284	5028	5338	5999	1039	1809	3961	4714	3944	6171	276	5775	1410	3360	120	5185	2787	4075	1334	2312	4970	5674	4541	3121	7097	845	6661	2701	1150	5682	545	5486	1377	244	1408	7243	4648
2196	3167	6107	3947	6164	120	2263	4319	1672	6758	4577	2575	2893	3423	5555	7142	5865	5707	1414	4025	2531	4440	5319	5018	4644	3150	1887	1103	2017	3276	2522	6040	6254	5895	4950	3346	5907	6321	6391	5577	2468	6690	5275	135	6730	6931	5732	1759	3158	2888	3217	2513	2833	1188	3267	5377	7261	2242	3023	6017	2598	5457	5437	4978	5737	4956	3632	5190	2689	5537	449	5911	6149	2794	788	2558	5433	4953	918	5123	1531	3271	6827	1879	742	4418	4108	5952	435	2950	3334	371	5716	3404	120	1284	6925	5114	2917	259	755	1075	288	2120	1625	3479	2608	2627	6786	6894	3458	5473	4858	1515	6111	3434	306	3741	393	5231	6741
5313	1557	7139	2901	1984	4886	5631	5709	6870	1329	2746	1461	1402	6194	6961	1067	6688	4002	4286	2788	858	6498	5728	3719	513	2530	6432	7090	3057	3969	6874	3537	5866	6300	4032	3768	2518	4372	6027	823	6826	5819	120	541	3884	4774	3954	1266	4689	4222	2332	4015	5284	3254	5835	6455	2242	7261	1853	1704	1394	7246	4106	626	4054	828	4073	4010	703	1090	6920	2840	6792	4433	1859	5964	3015	4044	6889	7178	6348	4544	5067	792	2700	6105	4758	1164	6338	2346	2508	1872	2157	6047	1101	1598	4423	4676	6103	5580	1378	5477	2682	6135	3522	3692	2000	4468	1786	5972	7195	5036	1028	1615	4779	5459	1054	1233	976	4081	3568
1026	4037	5559	3097	4485	3628	1902	2021	4571	3784	5265	6383	3252	3067	6002	4255	2215	975	3268	3602	1568	4077	5712	3777	3647	6137	3494	3012	5008	2966	6064	1938	1140	5968	3152	2041	5530	5222	690	1086	2885	6005	5003	3625	5738	4864	4742	4317	3467	120	1521	2951	514	3488	6896	1467	3023	1853	7261	2706	4821	5140	4227	1092	275	3324	1000	3309	3526	1023	2434	1432	846	1193	1942	5074	3755	1960	5025	1473	1857	747	7230	3517	5229	5796	3468	4050	444	2935	279	6630	3951	6583	6462	3016	5314	4026	2181	906	603	5375	1555	1433	6555	2122	597	4115	6872	2205	365	4381	3226	2547	6173	1514	6820	5305	6389	5540	796
3317	3922	3215	6667	1983	2376	1643	2402	4122	4785	6781	1943	6199	5462	295	683	1654	3705	2401	523	2666	1004	4727	1224	4824	1931	1507	4927	644	4250	3860	4537	6191	1001	2698	2153	3929	2729	363	5805	6796	6184	1404	2551	6079	2383	5630	4479	431	6088	1711	3303	4335	971	2245	7164	6017	1704	2706	7261	6038	5836	2644	5624	5576	1850	492	6190	5246	2029	1316	1534	6595	3551	6280	2361	6046	4969	4324	5678	853	2837	4467	5460	2298	1604	4808	2143	1815	150	5202	3413	6182	4974	5024	1097	5221	1802	2581	820	2736	876	2042	3456	2353	3078	4104	6372	6553	120	5920	6393	533	6652	4219	6527	3738	2944	2219	4484	3313
4709	1484	698	5087	7118	3544	1667	2059	6617	149	298	5645	4105	5095	5075	3587	1158	4763	1121	120	6821	3661	1168	5207	2165	181	2382	256	1591	120	3208	1405	6847	404	5783	7211	6269	228	211	2554	1977	6704	2755	4045	6271	6467	6919	1024	4620	5000	3499	4568	4168	1904	6839	2457	2598	1394	4821	6038	7261	902	1972	6766	1385	4497	4939	120	4280	6880	4686	5671	978	6991	3026	6216	2241	2220	3063	963	1337	5151	6771	255	3284	3666	3645	4089	6929	1855	2924	4131	549	2691	1262	5844	7036	4008	5336	120	3619	3279	2314	1831	2030	6248	3880	3242	1920	2297	6076	6591	3509	2774	6633	6701	6857	2192	6885	5898	6850
7103	7183	3361	1143	3389	4356	4217	1396	582	350	2756	5668	3093	5043	120	4434	2740	2678	5173	3085	4762	1071	2606	5619	6535	2545	120	3036	2339	5004	1185	3156	351	4505	3617	3425	3841	6129	6841	4591	2002	4074	4719	2329	6039	2261	1294	1715	207	7028	5701	781	493	120	4748	1421	5457	7246	5140	5836	902	7261	4480	2930	2945	5485	5359	4196	1925	3460	5778	1702	4083	4266	4098	4509	4715	5569	1748	4703	6000	4588	237	6678	5896	3146	5010	1299	5501	1055	2626	3429	1520	5071	4024	6858	120	6424	6546	5483	3750	1300	4560	4761	1722	4461	6423	3994	5471	3419	4968	2555	2085	1655	6127	6347	4147	120	3475	1271	6754
7203	6647	5755	6677	4840	4629	2166	5917	120	1250	5296	3241	2579	2876	5214	5022	5813	4713	334	870	6343	1354	120	3145	1142	3275	5604	768	416	4836	642	1098	5273	6916	716	1208	5981	2883	3384	1135	5777	464	1937	6642	7188	6864	2881	774	5440	1498	5594	4482	3743	4047	4403	6640	5437	4106	4227	2644	1972	4480	7261	5058	359	6451	1928	4156	2177	319	2019	6635	2702	1458	1746	3857	4555	2269	2955	2123	7047	4725	3115	3757	2733	2369	6463	328	5583	1834	2738	4076	6816	3278	6316	7104	3876	6489	1880	2938	7010	6469	1874	6998	3715	6109	3725	613	3095	956	3838	2063	1622	7128	124	420	3800	6209	4298	1460	432
6805	6009	1577	4638	4452	460	6177	5421	4422	1626	6742	1177	6458	1314	3379	3424	3982	1181	793	968	1649	6197	5947	120	5157	3914	5419	5040	7201	5620	6063	347	6097	6101	4124	3761	1221	2449	3129	2291	1708	7198	442	5961	7112	1420	862	4340	6664	5573	6989	1836	6679	3282	6045	3519	4978	626	1092	5624	6766	2930	5058	7261	6291	6410	5653	580	3585	6552	3289	2572	1892	1713	2743	4183	1324	3147	2151	588	4971	3412	5015	3336	120	2124	960	387	662	1627	4999	120	2180	2012	1345	7153	1628	7182	5718	4384	1765	4163	1781	2780	3637	5073	5914	6219	433	905	4827	5867	2967	2073	1022	5781	4750	2960	6876	4614	6035
4904	1203	784	678	6940	1179	5080	6294	3840	6260	5843	1735	4863	5855	5170	606	1497	6483	6246	5215	3244	120	5388	5184	5315	1290	2601	5810	5933	4165	2226	5550	5850	621	1753	1922	2804	1347	1085	6392	7184	5625	4229	813	2725	2594	4530	3905	3403	6081	5616	1790	2496	195	4982	4353	5737	4054	275	5576	1385	2945	359	6291	7261	896	5293	5303	2286	2248	5899	878	5648	867	1176	7048	4811	4110	5807	1675	5416	120	4162	6508	5316	4004	4488	1113	984	2279	4893	2610	3892	1079	907	6828	6794	3058	2995	5167	3266	6068	2980	5829	5623	2870	2348	7220	4348	537	2117	4450	5282	7115	5745	3105	4182	6972	176	2276	1856
2479	5194	1130	5147	1639	1335	459	1956	3656	3393	6394	2174	2775	3696	1561	7044	1483	967	2490	712	5953	7148	4301	6325	5549	2697	669	4980	3748	3390	2211	5984	1447	120	6970	6342	2367	2797	3445	528	5344	6671	1251	4592	4185	120	783	3100	5840	2003	1045	6456	5072	601	4191	5160	4956	828	3324	1850	4497	5485	6451	6410	896	7261	2538	5155	4315	6809	3392	3689	2038	1131	436	3032	2404	468	2976	6145	3873	4161	1648	1318	4240	3727	5929	3745	5510	6945	2588	6992	5175	3428	3529	3610	3017	1721	4365	5269	1173	3103	5533	6569	1896	2853	959	4426	679	5463	6928	3280	5226	5644	3356	4615	1391	4677	5122	6988	3601
2055	3391	831	800	4796	5749	1795	2861	2126	480	1286	4666	5528	4641	3889	3489	6575	355	6330	2839	1374	2400	935	6564	3592	2690	4316	540	3903	2044	648	2052	231	1646	337	5239	6801	6354	7217	120	1234	1237	6066	4145	283	3332	4323	4030	1107	6497	866	6232	272	3793	1197	205	3632	4073	1000	492	4939	5359	1928	5653	5293	2538	7261	7223	6995	6509	4078	5916	2808	4003	3909	4341	5993	1601	6654	1609	6276	2685	5531	6719	6367	6098	4908	3249	6445	2319	120	356	120	2818	2832	2659	4602	2841	3448	2983	327	875	6428	3758	2034	2776	4865	6311	7234	6142	2451	2863	5602	5403	4247	6405	1848	1228	4961	6578	3364
