6106	5728	3601	1497	2040	4195	5129	5343	2344	1034	110	1102	4972	2863	999	4715	749	2148	3451	3908	4750	190	4872	2757	1263	3895	576	4603	3241	5747	1975	1067	1198	3004	6103	1323	1341	2195	4397	2772	4608	2510	644	5671	2156	6010	3227	1447	5503	1738	5039	3500	3497	5809	2415	5885	5353	912	1006	3763	5657	4572	2256	4635	4612	6097	5034	2912	4743	3951	3492	134	110	5490	164	2775	354	3377	3035	1784	2249	2559	1727	4964	5901	4938	5061	5095	2972	1358	1051	3434	3118	2588	3293	2204	110	5627	3143	5387	2850	4561	2546	1898	148	4093	3765	4303	4045	2506	1304
5728	6106	374	2533	382	3779	1708	2326	2973	5182	110	5893	4634	1318	5071	2307	3053	427	4389	2328	3553	3179	3290	3056	3584	1037	1704	2835	5057	1878	955	2576	2700	262	2894	4525	1124	5075	1880	1714	4209	4308	5393	5401	2427	5221	251	5168	926	4954	1153	1410	5292	4235	156	1536	3618	1112	3567	4993	3614	252	1736	2221	2988	3702	3725	4232	5605	5625	3880	524	2089	3356	4297	2819	6044	2550	3150	5346	1120	5359	6086	1520	3720	2259	697	5851	2400	4620	1735	1644	5081	4360	3770	2090	1502	3244	5108	3744	3696	752	779	793	2838	2389	1778	2278	4025	1683	6081
3601	374	6106	2873	282	5678	3905	5491	3790	2114	3812	5354	525	4708	1509	3000	2647	1588	2044	2586	5855	2206	603	2667	2364	885	2430	246	708	5356	5047	1890	6076	4762	4322	2547	3001	4403	2215	5065	250	1631	3256	4805	1669	4926	4929	4710	3890	4163	5691	887	346	4984	4491	5565	2605	5831	3141	2907	2938	2639	2154	3359	1392	110	5426	5355	5584	3541	5933	5867	4573	2859	2591	696	5471	125	2039	2654	2100	3106	710	5828	1377	5060	1170	3872	4046	2320	4942	2856	3816	1312	3112	2325	2702	790	938	5442	851	712	5077	3265	2096	3364	110	4894	2924	4609	4623
1497	2533	2873	6106	5573	3039	4592	5756	4328	2806	5049	3949	3095	5850	1641	3784	4486	3229	3563	1968	558	610	5987	1599	1786	2083	2121	1441	5173	2581	4311	3552	3128	4663	4691	1846	564	5861	2071	110	869	4835	599	1751	5493	1075	1434	323	2234	2522	2384	110	2825	4369	496	3848	1371	6005	5245	4236	4444	1268	3264	3681	3571	5810	222	1716	1414	277	2423	4270	5905	1722	751	5054	5679	589	1922	807	2906	2714	2192	4662	6050	3851	1243	5894	3597	5637	2339	123	965	5331	112	5064	5488	1841	1381	2882	3115	4087	624	2439	2568	136	1974	2616	3284	3891	3513
2040	382	282	5573	6106	4601	6058	4587	4197	1602	3419	1272	2701	5325	5228	110	4992	2645	4804	231	3855	5970	4203	4331	5009	5889	5615	4339	128	582	5088	2829	1203	981	5551	647	1283	2382	2266	5541	458	2365	1280	2955	459	679	1460	2831	5990	1294	1484	3057	3888	3105	728	5461	2724	1664	5162	422	814	4971	2067	6020	3961	800	3866	2708	3331	5559	2013	1427	5113	5058	820	4165	461	629	3486	5501	2098	4748	5698	1647	5630	3158	5164	110	3619	1072	4584	2444	3011	1121	4264	608	4463	3245	4475	1235	1179	1847	2127	815	3455	5218	4077	5721	2372	2189	4566
4195	3779	5678	3039	4601	6106	338	4734	3666	1994	2974	1310	115	5612	5017	2538	3387	316	5783	3856	110	3286	5134	1720	5019	5183	200	1839	2321	1168	619	5883	4847	2137	3362	3719	3886	846	2395	5868	330	5644	5693	1194	2756	5525	1902	4673	6105	2752	2554	5280	6070	121	3037	803	1307	819	4968	4457	5622	1471	1159	3791	4100	1457	3204	2393	1687	1354	2633	2286	1524	3620	5776	4158	3946	3203	3519	3464	5297	1673	5068	3305	395	2080	788	1684	573	4785	5314	3839	2625	3761	4562	5799	4694	4693	1064	4070	4395	110	2086	5072	509	2960	601	5521	3481	2184	4237
5129	1708	3905	4592	6058	338	6106	3718	1858	4476	1480	5593	3986	5043	1395	6078	948	2006	257	1514	1586	3320	3069	5096	3844	2521	3515	5389	2465	4951	4094	927	2375	2817	5513	2356	4513	5344	5403	5103	1737	4066	2129	363	5159	5277	5118	3572	4596	2467	4840	5090	110	1224	4651	3996	2903	2273	6073	1649	4037	5185	918	2826	3535	3208	2433	1388	653	1019	1549	3788	3142	1561	5778	5350	2871	4898	110	2283	3669	2257	1273	3060	1435	980	1978	6029	4833	2930	2606	5007	3588	2673	2865	260	4705	5083	5765	3282	563	1476	5614	900	3781	3869	3651	3405	3911	1350	3351
5343	2326	5491	5756	4587	4734	3718	6106	987	3753	176	4935	2357	4207	5177	2932	1347	4917	1559	2571	4891	2849	856	4757	1089	4589	158	5510	4247	5988	4026	3199	1767	1680	1702	3609	5334	2929	3329	232	5244	4344	4720	2386	1232	516	5919	1110	1103	3323	2010	2120	1765	4945	440	3940	3308	3194	489	472	721	1814	4392	5602	3623	110	4811	476	2103	116	3929	3756	3363	1428	2682	3917	5512	2318	4465	3466	612	3322	580	118	5028	2587	3126	3533	2862	1008	1962	2293	2358	5215	208	1083	630	393	477	110	2532	4176	1212	3592	5608	4866	5195	2569	3427	4198	3403
2344	2973	3790	4328	4197	3666	1858	987	6106	2552	4193	591	1894	5037	3682	3237	3593	3426	4169	4208	5120	2432	4461	4012	2455	5921	371	617	5067	3579	4129	5254	2211	281	5577	1677	4142	4376	2426	4989	1545	127	4371	3391	5915	2531	1107	3313	3051	2306	658	2198	3009	5815	5069	483	3206	4965	5656	493	4313	510	3997	174	901	707	5229	165	3665	2495	1973	2231	817	5312	5270	1077	6091	4607	2720	5607	5369	297	1432	4423	3428	2110	3532	4578	3577	1252	2784	131	2858	1895	4685	2440	2449	2836	2413	110	5205	6088	4480	1007	4200	757	502	3373	1431	4038	3302
1034	5182	2114	2806	1602	1994	4476	3753	2552	6106	4712	821	5474	3301	5641	1227	3343	2801	2914	2977	2716	1658	4995	5204	1789	650	4210	756	5099	3913	1029	3217	1259	2789	1666	3627	4464	5903	1935	3964	4381	3211	2274	4112	5286	1791	1461	3909	5150	1798	5466	4172	5265	470	3133	3993	3013	2270	1339	1118	2722	2126	110	1011	1668	3152	5377	2287	754	2060	5167	482	4571	651	5257	1519	2542	3564	2242	1049	943	5024	3396	2246	5576	5944	1844	5558	4277	1327	3801	663	566	2635	341	4485	4071	706	2210	1999	5059	5315	3806	1041	3982	3240	4749	1717	2679	4585	3792
110	110	3812	5049	3419	2974	1480	176	4193	4712	6106	553	2680	4132	157	478	916	3201	694	175	2140	5973	3523	2555	3876	2446	5073	5544	3242	569	5991	3603	3174	1056	2233	1558	368	5222	401	2951	1991	1566	3424	2959	2993	2145	2596	3823	3576	5961	4713	353	2216	3991	1257	1490	110	5568	2816	2282	2989	2617	4056	4017	6061	2928	2622	1503	5267	4546	976	4250	4252	3647	4723	2063	320	4372	4828	4418	4946	1090	643	4179	1204	5890	769	3309	857	4002	110	670	3799	602	3247	838	432	5015	5114	6072	4345	5966	688	5381	2038	1671	2812	5511	335	5899	5844
1102	5893	5354	3949	1272	1310	5593	4935	591	821	553	6106	411	5371	5917	2840	4174	5981	1042	521	3524	413	1092	3507	189	1481	3858	154	4271	1278	4772	5153	2982	4896	2728	4178	2677	4307	1418	6034	1464	1135	2407	4285	209	5700	3739	5645	2316	3382	2678	2649	4462	3228	466	1575	2721	5670	3782	215	4062	1614	3026	1407	5029	5839	4116	2200	1919	5496	1078	4813	3448	3882	5902	110	5138	6074	4653	3912	1206	133	3379	5080	3804	5873	2118	2191	1746	5233	5879	3157	4251	605	4829	1532	915	2194	4948	5624	4448	1970	350	1188	1555	4134	1405	2214	4221	2252	3962
4972	4634	525	3095	2701	115	3986	2357	1894	5474	2680	411	6106	2285	2530	1336	1856	2524	1699	110	3488	2864	3943	4180	211	3439	188	3557	352	3268	1465	1445	1500	3480	4939	720	642	4719	4923	4272	407	4000	1808	970	337	4597	3251	1220	5313	5923	4323	1308	3900	1636	5969	5465	1933	5342	895	3937	718	1136	774	5285	2535	776	386	3280	5803	5443	860	146	1986	235	1229	110	183	490	4916	3145	1809	1058	3883	4700	1713	3374	3446	1674	2378	2002	178	3578	5042	2062	1849	5770	5762	4760	716	2584	3499	221	656	5351	5122	686	1016	4682	5086	969	1887
2863	1318	4708	5850	5325	5612	5043	4207	5037	3301	4132	5371	2285	6106	4610	3760	967	3745	832	3136	3298	4233	3436	920	301	4401	5985	5370	110	931	2837	3511	2496	2097	2607	3972	5294	230	3842	2668	217	3889	960	5041	881	1152	3296	2448	6021	2595	185	5101	3159	1836	2164	5486	511	3386	2517	3414	4702	5271	1104	5038	6063	225	5922	2085	2994	2866	5697	5217	3652	1357	942	4075	3030	4020	2383	5097	4583	805	504	2767	308	2970	1462	1279	314	4564	1134	4794	3957	1726	1783	1353	4994	2761	2590	5242	306	1952	3918	1416	1000	2740	426	2786	1608	2220	907
999	5071	1509	1641	5228	5017	1395	5177	3682	5641	157	5917	2530	4610	6106	284	1325	2037	4897	2519	5282	5319	5056	4737	5295	778	3672	5736	3209	3941	1950	2388	956	486	1861	4330	4731	1768	4576	2223	4052	5208	1195	5504	2710	1261	3441	4288	2990	310	1852	4130	1591	565	5169	759	5805	4347	2566	995	4771	1274	2190	5055	3916	110	3144	2599	3769	1185	3925	575	317	4422	5246	1510	4095	2343	5725	5936	4442	2391	4175	2125	469	5143	4327	3295	3337	4547	4786	3311	1485	6056	151	5659	727	5598	2703	180	1611	3721	1709	2168	3456	1936	5171	816	1835	4377	2692
4715	2307	3000	3784	110	2538	6078	2932	3237	1227	478	2840	1336	3760	284	6106	4154	508	1923	5428	416	5385	421	2235	1920	1581	4120	3506	968	526	224	837	4487	351	4292	4452	5018	4698	5596	4844	611	3551	5308	1848	5181	4349	4332	889	3714	950	5953	3742	4531	1825	3697	300	3658	5703	2387	864	570	4346	996	1281	453	5299	2583	841	5655	6045	2770	3709	3089	3475	1302	2061	3545	3526	748	5026	4722	5198	4269	1646	4810	1984	3028	922	3252	2380	2073	4920	4950	2824	1390	1070	1369	4936	1256	4779	2693	5412	1912	732	1367	4135	6043	203	531	4451	5076
749	3053	2647	4486	4992	3387	948	1347	3593	3343	916	4174	1856	967	1325	4154	6106	2139	2250	5992	3294	1771	4967	543	3125	2419	1282	3138	3624	110	2048	1193	1629	1190	2818	2237	1537	4186	5126	5774	4003	269	5321	1612	4674	2147	2153	5547	4224	298	4661	868	1149	2177	4631	4575	4876	5133	3938	2366	698	5842	4490	5581	3332	2023	592	4173	3703	3516	3548	5502	5317	917	1027	1053	5613	4086	4780	1059	2347	4306	2399	4871	1199	5524	4503	2022	674	681	3210	1944	5144	197	5586	110	859	1236	2319	1815	2961	6012	1363	4784	3662	3080	6022	3645	1851	4119	1214
2148	427	1588	3229	2645	316	2006	4917	3426	2801	3201	5981	2524	3745	2037	508	2139	6106	4498	4890	3813	6003	2401	110	2870	5458	2833	3415	649	2643	3334	4472	213	2909	1874	3528	110	5105	4850	3811	4648	2483	1820	2734	2660	4240	179	4754	1829	4918	711	4690	2131	5418	5654	4004	3422	3183	5347	2471	1417	3974	4412	3176	3772	1686	1706	3319	3793	5754	828	791	2735	4767	4228	4746	1988	4996	4168	4906	3654	3630	6001	3407	2183	4097	2087	1758	1440	1822	6084	853	2054	4792	5821	4065	6039	2475	1237	5219	4103	3135	2057	1210	3420	3695	5772	4900	4478	3160	662
3451	4389	2044	3563	4804	5783	257	1559	4169	2914	694	1042	1699	832	4897	1923	2250	4498	6106	2101	1048	1382	5711	5517	2342	4660	1293	2688	1137	3297	5190	753	2634	1552	549	114	5431	1175	2186	4080	1752	540	2219	2312	3990	2570	2456	3692	3357	770	703	4404	4825	5746	5454	2553	5397	1213	2218	2079	1305	5819	985	4656	3213	5400	4650	5628	2152	5194	1689	5957	3288	1355	4982	1169	4624	3477	1788	3478	3701	1989	3155	1605	5609	5635	4895	1333	3449	4147	809	4553	2745	6102	4255	2243	2335	3877	3989	2303	3317	6065	2653	4044	1421	135	4747	1247	110	4243	233
3908	2328	2586	1968	231	3856	1514	2571	4208	2977	175	521	110	3136	2519	5428	5992	4890	2101	6106	1330	4569	1463	1176	4921	626	3161	2503	905	871	2445	2629	2033	4509	760	863	4952	2024	736	1905	1777	2665	3340	4969	5574	2104	3920	2151	4276	3642	5197	1501	5812	2851	5618	5709	110	3707	5440	5045	5537	5032	3637	1732	4108	1174	2830	4365	5735	5298	4364	5196	4892	3730	2106	4770	5964	3794	2212	5766	5548	1010	2809	1516	5467	1131	3130	3849	1315	4819	1111	1215	4697	5201	5149	1775	2188	2794	3281	1996	5935	1276	4051	3421	3354	110	744	2698	2488	2855	3814
4750	3553	5855	558	3855	110	1586	4891	5120	2716	2140	3524	3488	3298	5282	416	3294	3813	1048	1330	6106	4040	5155	4863	520	4703	3370	219	2277	1529	4602	4849	3975	4348	5854	1650	2769	4820	5727	3457	1601	4709	5938	5163	1807	5234	3397	3487	4126	5929	2394	2683	1792	403	1582	3550	6030	892	4133	2353	375	1045	5523	2082	3863	2574	1486	3336	4139	2672	5959	110	604	2765	2686	607	2178	5327	4281	1885	1167	2981	2543	1385	4438	794	1530	6087	5414	5421	1022	5141	498	875	4287	3903	1838	3270	3565	1228	3132	1495	5689	4067	2877	4677	3018	1866	949	266	370
190	3179	2206	610	5970	3286	3320	2849	2432	1658	5973	413	2864	4233	5319	5385	1771	6003	1382	4569	4040	6106	4539	2805	3668	1964	3220	5472	3529	3438	3385	3333	3283	4742	3538	3704	4689	3713	4473	2911	3598	2969	5255	947	5391	4212	2232	3063	5767	1328	110	5634	4732	3954	1201	3165	345	4879	792	4816	4122	3482	3120	3878	3673	5520	110	2636	396	4440	2135	614	1642	5074	3255	2608	6038	2783	5220	1248	4524	1375	4925	3473	1625	5136	5395	1600	5470	2787	1802	5390	3338	664	110	1692	1372	2834	1394	4329	655	3166	1826	1547	365	1387	4402	1161	1211	2447	4861
4872	3290	603	5987	4203	5134	3069	856	4461	4995	3523	1092	3943	3436	5056	421	4967	2401	5711	1463	5155	4539	6106	2322	5340	110	2485	2199	4101	5716	3092	2161	339	5982	1287	1475	5304	4127	862	1797	4856	1411	4765	5462	5489	2182	2685	4265	1594	6077	622	4692	1951	261	1569	4054	3556	3479	2747	5715	3978	3708	110	3914	533	1757	5757	333	110	3826	2620	5768	3097	2032	5695	3679	4859	4658	4471	4201	3706	3470	4206	2526	3076	1361	5639	6090	3837	5669	3992	406	5259	5008	1488	5872	3590	170	2632	1446	1627	5322	2315	110	3861	621	1483	4729	1873	2515	5091
2757	3056	2667	1599	4331	1720	5096	4757	4012	5204	2555	3507	4180	920	4737	2235	543	110	5517	1176	4863	2805	2322	6106	3392	3054	3789	4320	247	755	4028	3307	1406	1466	4949	2725	2967	452	3007	1840	2804	1760	725	4695	4899	1980	3253	693	1678	2666	4988	110	6049	265	110	2094	5951	5629	3684	1126	2434	997	4973	4614	5650	4262	6095	2029	2099	1291	6060	2764	3841	3927	2311	394	150	2562	1928	2934	4049	3169	138	1205	957	5564	1116	909	497	3833	3752	4976	110	5013	243	3542	313	6067	5053	4380	5457	5107	3068	1139	4887	3484	2910	2146	5550	574	1295
1263	3584	2364	1786	5009	5019	3844	1089	2455	1789	3876	189	211	301	5295	1920	3125	2870	2342	4921	520	3668	5340	3392	6106	4640	5235	155	5485	5681	2676	5908	4014	1351	1343	2793	5522	2268	302	4655	3430	4435	4830	3017	419	3817	4636	1580	3520	216	5705	3489	2295	390	3821	2171	2498	4901	2290	2876	1749	2648	4932	782	1589	5002	439	734	4131	534	4467	2163	577	2065	1609	3485	1583	1474	3083	1790	5849	625	5802	3611	3939	2202	4617	2142	2341	3467	299	361	5701	554	287	4241	1855	5408	668	5382	2999	3300	1378	1961	4505	2276	4343	4684	2363	689	110
3895	1037	885	2083	5889	5183	2521	4589	5921	650	2446	1481	3439	4401	778	1581	2419	5458	4660	626	4703	1964	110	3054	4640	6106	5836	5416	1200	4953	4670	4366	5224	3928	3736	2207	1539	2933	1052	5900	4889	2228	3956	2861	1271	5797	2641	6011	768	3003	4374	4187	2658	5156	4183	4809	2874	1026	5384	2601	4362	2196	377	3025	1943	4716	4552	5818	5137	2847	4234	724	2381	1129	1419	989	1564	492	5324	4873	993	5051	767	3958	2580	5932	1455	5545	1705	5763	4216	5934	4021	2913	2602	329	1079	3066	3494	2539	1906	3643	4496	3836	5561	3778	1459	3659	1496	3922	789
576	1704	2430	2121	5615	200	3515	158	371	4210	5073	3858	188	5985	3672	4120	1282	2833	1293	3161	3370	3220	2485	3789	5235	5836	6106	2664	6104	865	4019	4483	4556	3898	1192	3934	2897	3416	5540	975	4149	436	3509	3110	2842	2113	1908	4902	3612	5237	2136	3432	1741	3693	5372	381	3847	3983	4801	356	4812	1690	6096	5794	4227	5956	4027	3079	4514	2781	5948	1362	2536	5771	5748	456	5780	1401	4637	3694	2174	1695	2377	2492	4409	5092	110	5469	5087	1913	2028	4482	4042	2944	4043	400	2889	1317	4166	2345	3966	3994	4798	903	2241	998	2264	431	798	627	4382
4603	2835	246	1441	4339	1839	5389	5510	617	756	5544	154	3557	5370	5736	3506	3138	3415	2688	2503	219	5472	2199	4320	155	5416	2664	6106	5303	2785	479	5425	3299	2035	1013	500	4741	226	491	634	3047	1470	3955	4353	4155	738	5330	2442	4427	6032	4441	2117	2518	880	5420	883	2731	3423	3512	5663	683	2172	4554	3887	726	2066	2411	210	2651	1062	5249	946	2823	4290	1969	3389	1001	1562	896	5556	4413	3065	244	4098	5658	4622	5516	2305	2991	6041	5958	1743	2996	1321	2084	5824	110	3372	5841	268	3768	5444	1917	4146	5833	2403	1018	4408	2578	1184	3148
3241	5057	708	5173	128	2321	2465	4247	5067	5099	3242	4271	352	110	3209	968	3624	649	1137	905	2277	3529	4101	247	5485	1200	6104	5303	6106	3222	2247	1444	4877	1630	1700	3600	4263	3807	5642	4117	4128	159	4930	2807	5914	3044	3973	3123	110	4736	4298	2330	2497	4191	1061	4368	276	5165	4598	4542	2887	2878	741	4986	1492	5446	171	2674	3575	117	1429	4164	3830	2920	3783	513	5432	1865	2652	1096	3200	3271	973	4616	3906	4301	2409	5187	110	2454	5468	5960	6025	4113	3536	2798	3595	2176	2011	3589	4790	3580	376	5378	2646	4974	3168	1147	4199	850	4445
5747	1878	5356	2581	582	1168	4951	5988	3579	3913	569	1278	3268	931	3941	526	110	2643	3297	871	1529	3438	5716	755	5681	4953	865	2785	3222	6106	110	3819	1262	3687	657	5102	3394	5722	5940	2845	1384	3585	3019	446	3924	5745	3671	3410	5758	648	5473	160	2229	671	3971	2684	3805	2613	5100	3239	2860	986	687	1348	2558	3149	6066	2081	1667	3444	2904	628	1183	5631	2051	5000	4776	5575	2631	2744	4778	3729	5859	5963	4711	5779	3926	5411	2572	3360	4410	5626	546	2771	4915	3621	4211	1088	4115	2712	1711	1219	3988	2738	5682	2481	3187	4105	1942	1879	3411
1975	955	5047	4311	5088	619	4094	4026	4129	1029	5991	4772	1465	2837	1950	224	2048	3334	5190	2445	4602	3385	3092	4028	2676	4670	4019	479	2247	110	6106	1724	4006	1701	699	5435	3342	398	3835	1298	4107	1508	4582	5179	5392	4110	1904	2846	3746	1899	2637	1521	4222	3490	5388	3667	1697	4909	4590	953	1958	241	1675	3995	110	3435	3226	2699	5920	6023	5726	5621	1454	3303	4985	4305	3635	132	3750	5738	1914	5124	1324	1925	4159	3980	1662	1557	3325	3292	5027	5742	3737	4470	5999	1900	5571	878	5117	1242	294	1862	110	5869	319	4424	1162	2452	5592	4516	1889
1067	2576	1890	3552	2829	5883	927	3199	5254	3217	3603	5153	1445	3511	2388	837	1193	4472	753	2629	4849	3333	2161	3307	5908	4366	4483	5425	1444	3819	1724	6106	1703	3443	4903	3537	5386	5649	2123	855	369	593	2367	4508	1054	5685	5911	495	5906	866	4479	2545	2261	1024	3177	4205	1156	1173	4966	6083	4611	2462	5599	110	3496	3262	4357	192	762	1142	928	4714	3002	5111	4082	5791	5437	110	3808	984	1655	5852	3653	4261	2971	3402	740	1331	4106	1389	2143	637	2732	5320	4370	420	5213	1823	1628	839	5730	1352	5640	4429	3632	474	1238	3259	3649	3591	3099
1198	2700	6076	3128	1203	4847	2375	1767	2211	1259	3174	2982	1500	2496	956	4487	1629	213	2634	2033	3975	3283	339	1406	4014	5224	4556	3299	4877	1262	4006	1703	6106	4981	2795	110	1322	1511	2941	677	5116	4421	3461	3599	1400	4439	3260	4580	1086	5272	844	4839	4060	3352	5082	5582	5840	3800	4406	5595	5529	4852	660	6098	312	4454	5202	2773	1881	5590	4718	5109	3134	2995	3723	4671	2468	2916	5358	6092	110	567	3722	1682	3902	3921	3771	3215	971	4815	833	691	5085	5374	2898	3100	572	1066	4230	442	1164	1782	1755	3822	4324	1005	2976	1071	4970	5704	2436
3004	262	4762	4663	981	2137	2817	1680	281	2789	1056	4896	3480	2097	486	351	1190	2909	1552	4509	4348	4742	5982	1466	1351	3928	3898	2035	1630	3687	1701	3443	4981	6106	110	280	110	5941	444	4245	5339	2368	455	4555	4138	4865	547	166	3549	285	746	2116	3555	2258	161	3894	1313	5720	5316	743	1266	5188	2003	4527	4667	4545	343	1595	1487	2313	544	2351	3757	163	1945	2853	2428	906	5364	5560	1345	3347	4319	2758	5094	1998	2776	2149	1494	5375	1948	825	1209	3828	1556	1393	4756	6024	4881	891	2879	1853	5787	1992	1596	3854	2414	2416	4041	5666	3860
6103	2894	4322	4691	5551	3362	5513	1702	5577	1666	2233	2728	4939	2607	1861	4292	2818	1874	549	760	5854	3538	1287	4949	1343	3736	1192	1013	1700	657	699	4903	2795	110	6106	4109	5786	3802	1637	2336	3758	2308	2004	5147	1172	2952	1506	802	3832	1366	1824	1380	5160	1931	5125	4253	2159	990	450	2301	2297	5853	5306	2240	2269	2869	5119	2751	5178	3617	2059	3040	1990	4286	1473	3930	2640	4905	1769	665	1442	2986	484	2008	1886	2585	4034	4773	4630	1482	5275	4807	1787	5436	3085	3875	2797	5115	3091	3230	854	1469	654	4759	1391	4797	2093	1987	954	5611	4726
1323	4525	2547	1846	647	3719	2356	3609	1677	3627	1558	4178	720	3972	4330	4452	2237	3528	114	863	1650	3704	1475	2725	2793	2207	3934	500	3600	5102	5435	3537	110	280	4109	6106	5996	4125	2397	2279	2792	5665	3433	2746	559	1084	2711	3022	4577	3263	3873	1239	3859	5329	1002	2490	2736	4978	2593	548	4315	2905	3388	2408	2985	934	2472	4248	4947	5251	3404	6099	5910	3196	1269	1910	3825	2193	4912	804	4618	2891	3045	5152	228	428	5336	372	2662	4834	309	3384	5826	5288	2144	847	110	3640	4657	5546	4766	2134	5232	4156	3445	119	4668	3508	3243	5946	958
1341	1124	3001	564	1283	3886	4513	5334	4142	4464	368	2677	642	5294	4731	5018	1537	110	5431	4952	2769	4689	5304	2967	5522	1539	2897	4741	4263	3394	3342	5386	1322	110	5786	5996	6106	5062	1864	1498	195	1436	4666	1396	5044	4853	6093	1551	1373	6013	2208	2719	5290	4821	1976	4415	110	5539	3543	1965	3129	4121	2160	1087	6035	685	4048	1854	5690	4023	3344	5121	1967	5130	2741	5452	2501	4644	5460	2056	1860	5925	2012	766	5793	4291	2107	1579	4643	3688	781	3453	5884	4416	110	412	143	2980	1567	1617	692	4818	5837	1275	5289	4078	3865	2507	5947	4405	4858
2195	5075	4403	5861	2382	846	5344	2929	4376	5903	5222	4307	4719	230	1768	4698	4186	5105	1175	2024	4820	3713	4127	452	2268	2933	3416	226	3807	5722	398	5649	1511	5941	3802	4125	5062	6106	1356	1453	5995	2822	499	5210	6009	3223	5366	5587	3413	5025	1296	110	763	4076	3358	1850	3558	1956	2405	4823	600	5918	5528	4194	893	4414	2417	4431	1433	1244	1833	3776	796	4515	795	1478	5750	5744	5005	5128	735	4869	5296	3154	3510	2119	940	4068	587	5505	1258	5383	6026	5534	4649	2896	5276	1127	1818	3700	4567	1577	961	834	1734	5139	3493	1693	3680	1108	3146
4397	1880	2215	2071	2266	2395	5403	3329	2426	1935	401	1418	4923	3842	4576	5596	5126	4850	2186	736	5727	4473	862	3007	302	1052	5540	491	5642	5940	3835	2123	2941	444	1637	2397	1864	1356	6106	4605	4888	1202	1632	4489	4593	248	4522	4016	2537	4604	3417	5830	3527	5877	1960	4190	5971	939	2474	1710	2618	5924	941	3236	4506	5483	417	286	110	1166	2441	5031	3981	4647	4883	1554	4321	6016	110	2603	3094	3629	1657	536	701	5407	2950	2460	3075	4511	1955	3041	3031	5912	1123	4910	5954	2598	1094	3644	3879	1306	6000	4615	3348	5010	894	434	1877	3008	5660
2772	1714	5065	110	5541	5868	5103	232	4989	3964	2951	6034	4272	2668	2223	4844	5774	3811	4080	1905	3457	2911	1797	1840	4655	5900	975	634	4117	2845	1298	855	677	4245	2336	2279	1498	1453	4605	6106	3038	2170	1292	4059	669	1251	4652	1439	5003	5104	5864	388	2939	3522	4340	2579	556	4383	3395	4058	5997	2881	1415	2594	898	5538	845	141	811	153	1616	2808	5751	5623	3088	2888	2706	5983	3463	1047	620	1607	3843	194	347	3656	5907	1080	1872	2254	463	3249	5022	5427	552	5482	1934	5616	4035	4904	4987	110	1834	2527	5688	5740	1634	4015	2956	2016	5487
4608	4209	250	869	458	330	1737	5244	1545	4381	1991	1464	407	217	4052	611	4003	4648	1752	1777	1601	3598	4856	2804	3430	4889	4149	3047	4128	1384	4107	369	5116	5339	3758	2792	195	5995	4888	3038	6106	5206	5712	2779	3469	181	1187	1115	4848	5979	4504	4064	3815	305	3078	1665	1504	1670	4638	2742	2309	4029	5241	1604	4808	110	4854	5146	1745	5965	5706	1679	3207	3743	2017	3062	5820	729	1774	1971	5928	2942	1422	3498	661	5732	2355	4391	129	609	5741	717	1222	1452	5773	709	4517	1623	2926	5687	1543	4600	5477	1868	149	1163	5989	5036	5651	3103	3606
2510	4308	1631	4835	2365	5644	4066	4344	127	3211	1566	1135	4000	3889	5208	3551	269	2483	540	2665	4709	2969	1411	1760	4435	2228	436	1470	159	3585	1508	593	4421	2368	2308	5665	1436	2822	1202	2170	5206	6106	4931	3602	5158	4036	256	4350	4549	110	2435	4239	6069	1901	3116	1930	1489	1688	5755	4136	1522	5174	924	5394	5012	340	4955	4538	6033	5594	5186	4161	4030	3976	2095	5686	951	3058	404	598	3131	983	2827	110	110	3735	3122	921	1403	2614	1643	1972	4279	3266	110	1635	1359	430	5176	4296	4433	3010	2800	6027	4721	4284	2983	4560	3751	2361	4537
644	5393	3256	599	1280	5693	2129	4720	4371	2274	3424	2407	1808	960	1195	5308	5321	1820	2219	3340	5938	5255	4765	725	4830	3956	3509	3955	4930	3019	4582	2367	3461	455	2004	3433	4666	499	1632	1292	5712	4931	6106	2331	3664	4083	5817	4937	1897	4204	3501	110	3279	4220	1966	110	3636	4481	1186	4162	3202	4979	873	2260	1593	6017	6008	3505	1290	2551	4436	2197	1761	1138	2848	1553	3261	5699	2508	4010	3306	640	4088	2947	4031	5368	5415	5189	6082	2280	1819	4053	3712	4998	2609	457	1114	1871	278	4814	2450	4796	2404	827	2019	641	3942	632	1311	4789	1095
5671	5401	4805	1751	2955	1194	363	2386	3391	4112	2959	4285	970	5041	5504	1848	1612	2734	2312	4969	5163	947	5462	4695	3017	2861	3110	4353	2807	446	5179	4508	3599	4555	5147	2746	1396	5210	4489	4059	2779	3602	2331	6106	6019	435	1718	1663	2953	764	1098	4223	4492	3285	6068	357	1907	1314	2687	5507	5845	1408	1413	5967	3910	110	3868	380	273	5926	204	4536	2917	1040	3574	1618	4727	3899	3234	110	5949	4437	5500	2349	5858	1456	1069	777	3907	1995	631	2713	3699	3596	1903	5952	5225	4510	1729	3626	4213	4665	1028	4428	4672	1843	4293	3231	1349	5866	2251
2156	2427	1669	5493	459	2756	5159	1232	5915	5286	2993	209	337	881	2710	5181	4674	2660	3990	5574	1807	5391	5489	4899	419	1271	2842	4155	5914	3924	5392	1054	1400	4138	1172	559	5044	6009	4593	669	3469	5158	3664	6019	6106	397	2031	6052	4314	5429	5870	1507	3676	5937	2883	1337	2314	522	5775	4278	3399	1979	1157	3544	886	5668	4359	1379	3291	4493	3892	2236	110	583	5248	1171	1742	168	4870	5203	5396	481	242	162	4123	5266	2821	1178	3189	1982	2049	4633	3151	829	4033	3734	4335	205	4069	3072	3460	344	5422	3440	4226	1653	1957	2025	1050	5048	4310
6010	5221	4926	1075	679	5525	5277	516	2531	1791	2145	5700	4597	1152	1261	4349	2147	4240	2570	2104	5234	4212	2182	1980	3817	5797	2113	738	3044	5745	4110	5685	4439	4865	2952	1084	4853	3223	248	1251	181	4036	4083	435	397	6106	2739	2671	3525	3033	3857	110	3042	206	1723	5020	5063	1997	978	1938	4795	2657	2670	5497	1191	2491	3376	5419	424	2780	3114	3738	4963	4565	3824	5261	5151	2886	5916	5977	5305	3491	3190	1303	4595	5192	672	4419	4309	5880	4822	4941	3267	5874	4606	5463	5930	3315	2963	1799	3798	443	1831	639	3787	3615	4699	3070	2138	739	2376
3227	251	4929	1434	1460	1902	5118	5919	1107	1461	2596	3739	3251	3296	3441	4332	2153	179	2456	3920	3397	2232	2685	3253	4636	2641	1908	5330	3973	3671	1904	5911	3260	547	1506	2711	6093	5366	4522	4652	1187	256	5817	1718	2031	2739	6106	3107	5769	5585	4787	454	6036	2390	4157	1217	202	3867	3547	1284	5731	4841	5633	4913	3367	1660	4753	2715	979	2511	5154	2565	3124	542	4533	1197	1953	5106	4774	4550	2563	3224	773	5332	5652	1963	234	2597	110	468	267	3780	5506	4730	1781	636	4318	1491	4150	1927	462	4242	555	4824	935	1180	5801	5891	2111	4628	2265
1447	5168	4710	323	2831	4673	3572	1110	3313	3909	3823	5645	1220	2448	4288	889	5547	4754	3692	2151	3487	3063	4265	693	1580	6011	4902	2442	3123	3410	2846	495	4580	166	802	3022	1551	5587	4016	1439	1115	4350	4937	1663	6052	2671	3107	6106	2298	5882	1578	2438	2514	1863	715	527	1576	988	532	992	4639	1756	5352	1911	3864	3710	1830	1376	3727	5011	364	445	797	2042	193	2718	4459	110	1584	441	3067	4484	4477	3657	258	4104	3248	3339	2109	4474	290	1870	4679	4453	1277	4148	402	4177	1515	5806	4214	5406	3216	4047	2487	2133	2102	5262	485	4681	1766
5503	926	3890	2234	5990	6105	4596	1103	3051	5150	3576	2316	5313	6021	2990	3714	4224	1829	3357	4276	4126	5767	1594	1678	3520	768	3612	4427	110	5758	3746	5906	1086	3549	3832	4577	1373	3413	2537	5003	4848	4549	1897	2953	4314	3525	5769	2298	6106	3191	3109	680	2726	229	1423	586	4625	5553	2544	5531	1638	5365	263	1081	2979	1226	2525	2354	1479	4085	1725	1779	3960	303	1571	4008	3901	378	2857	5789	1113	4680	5782	2334	2762	5807	695	3733	4379	6085	5311	3474	4390	223	331	2477	581	5632	1335	936	3931	5588	5484	2451	275	2573	2733	4933	1270	4407	2420
1738	4954	4163	2522	1294	2752	2467	3323	2306	1798	5961	3382	5923	2595	310	950	298	4918	770	3642	5929	1328	6077	2666	216	3003	5237	6032	4736	648	1899	866	5272	285	1366	3263	6013	5025	4604	5104	5979	110	4204	764	5429	3033	5585	5882	3191	6106	3014	2612	1712	667	5132	2908	3383	3646	4229	2406	191	6042	4843	4745	3381	4880	3728	1747	1739	4832	2843	4802	2788	3893	5214	4304	2611	3904	2630	5199	5127	5554	227	772	3846	2575	3437	3101	3554	5093	3276	3186	2509	4862	1570	3762	292	3726	3539	2810	2422	5284	974	2760	451	3084	5526	2052	3257	5673	4654
5039	1153	5691	2384	1484	2554	4840	2010	658	5466	4713	2678	4323	185	1852	5953	4661	711	703	5197	2394	110	622	4988	5705	4374	2136	4441	4298	5473	2637	4479	844	746	1824	3873	2208	1296	3417	5864	4504	2435	3501	1098	5870	3857	4787	1578	3109	3014	6106	1014	3840	840	5895	2373	5811	2921	910	4302	2512	5131	1993	5449	1565	964	5191	4393	3023	2661	1892	1527	3594	2425	5021	2484	1624	4512	3181	3604	296	3225	4591	4659	1542	2272	4507	4928	3314	3977	4215	4417	4803	606	473	4488	849	4826	3162	2158	1099	4096	4558	4588	2604	2737	3674	1231	271	3502	1770
3500	1410	887	110	3057	5280	5090	2120	2198	4172	353	2649	1308	5101	4130	3742	868	4690	4404	1501	2683	5634	4692	110	3489	4187	3432	2117	2330	160	1521	2545	4839	2116	1380	1239	2719	110	5830	388	4064	4239	110	4223	1507	110	454	2438	680	2612	1014	6106	1346	5302	4943	4274	3984	3093	5089	5860	2868	1383	1921	519	1685	4144	448	4613	2644	2046	5662	4400	3077	5557	1909	3607	4846	2892	2398	2854	3036	4520	5508	2915	785	675	959	1610	3803	2923	3345	822	5984	5955	1082	2072	3546	5326	4317	2457	3716	4675	4375	2253	3573	2350	5300	6101	367	418	4081
3497	5292	346	2825	3888	6070	110	1765	3009	5265	2216	4462	3900	3159	1591	4531	1149	2131	4825	5812	1792	4732	1951	6049	2295	2658	1741	2518	2497	2229	4222	2261	4060	3555	5160	3859	5290	763	3527	2939	3815	6069	3279	4492	3676	3042	6036	2514	2726	1712	3840	1346	6106	5226	4388	293	5567	385	1954	264	2410	877	913	1196	2088	1285	4394	4387	4908	3967	3059	359	4089	2893	4294	3483	4884	3521	2820	3963	1425	1145	1652	4443	1264	1696	5424	4874	5180	110	1587	5661	5247	5707	2014	3834	3919	2224	3238	1573	2213	4574	5448	506	3862	4124	6062	2115	4958	4924	831
5809	4235	4984	4369	3105	121	1224	4945	5815	470	3991	3228	1636	1836	565	1825	2177	5418	5746	2851	403	3954	261	265	390	5156	3693	880	4191	671	3490	1024	3352	2258	1931	5329	4821	4076	5877	3522	305	1901	4220	3285	5937	206	2390	1863	229	667	840	5302	5226	6106	391	2332	4875	4300	4724	771	4706	1025	742	4225	3932	3853	3678	962	289	405	5515	2227	3968	5243	1796	6002	1740	5734	110	2549	3660	5760	2262	3540	5647	923	2656	4072	4528	852	2128	2582	848	810	1297	2499	199	3368	471	6100	110	3773	5478	5439	110	465	3043	4977	1249	5974	5578
2415	156	4491	496	728	3037	4651	440	5069	3133	1257	466	5969	2164	5169	3697	4631	5654	5454	5618	1582	1201	1569	110	3821	4183	5372	5420	1061	3971	5388	3177	5082	161	5125	1002	1976	3358	1960	4340	3078	3116	1966	6068	2883	1723	4157	715	1423	5132	5895	4943	4388	391	6106	3398	237	5481	5258	110	1370	2516	3032	4521	890	2922	2064	1329	4619	1106	291	1043	1592	4091	5667	4167	4446	4266	3365	5680	2105	1165	110	1540	4855	5856	5743	2997	5993	5583	5070	1499	2362	4434	3581	4184	1812	2529	2466	5293	1093	3335	2945	3797	2045	1100	4188	4744	2681	2043	3874
5885	1536	5565	3848	5461	803	3996	3940	483	3993	1490	1575	5465	5486	759	300	4575	4004	2553	5709	3550	3165	4054	2094	2171	4809	381	883	4368	2684	3667	4205	5582	3894	4253	2490	4415	1850	4190	2579	1665	1930	110	357	1337	5020	1217	527	586	2908	2373	4274	293	2332	3398	6106	6040	2317	5527	5273	4171	4532	5781	4399	1265	5684	1260	1959	1208	1223	4687	5307	4934	4837	5968	2453	4664	4851	775	1230	1645	929	3587	4563	3518	6048	5240	3566	2872	1804	5717	3275	4398	5373	5617	4534	5729	528	2936	4725	2478	5050	1472	4581	551	4836	952	3945	919	2217	1326
5353	3618	2605	1371	2724	1307	2903	3308	3206	3013	110	2721	1933	511	5805	3658	4876	3422	5397	110	6030	345	3556	5951	2498	2874	3847	2731	276	3805	1697	1156	5840	1313	2159	2736	110	3558	5971	556	1504	1489	3636	1907	2314	5063	202	1576	4625	3383	5811	3984	5567	4875	237	6040	6106	1144	1606	1648	3608	5480	2949	5677	3064	384	991	1748	145	110	124	2329	836	538	2402	571	5606	5345	4530	4599	2814	1344	5252	5004	4145	5445	2122	4299	2717	6054	4728	4386	2729	5600	2968	1033	5827	2459	4268	2173	914	111	304	1340	2263	882	2271	2248	4752	3119	1794
912	1112	5831	6005	1664	819	2273	3194	4965	2270	5568	5670	5342	3386	4347	5703	5133	3183	1213	3707	892	4879	3479	5629	4901	1026	3983	3423	5165	2613	4909	1173	3800	5720	990	4978	5539	1956	939	4383	1670	1688	4481	1314	522	1997	3867	988	5553	3646	2921	3093	385	4300	5481	2317	1144	6106	6047	2005	4878	3171	765	5702	1806	110	3633	1319	4460	3254	5569	5135	1715	2867	3021	830	110	5030	1615	1141	4642	3622	487	2288	3452	2155	1985	2691	4961	1946	3838	1528	505	5236	1762	3212	4005	6055	3408	408	6014	1091	207	2675	618	1181	3127	2655	2895	2567	503
1006	3567	3141	5245	5162	4968	6073	489	5656	1339	2816	3782	895	2517	2566	2387	3938	5347	2218	5440	4133	792	2747	3684	2290	5384	4801	3512	4598	5100	4590	4966	4406	5316	450	2593	3543	2405	2474	3395	4638	5755	1186	2687	5775	978	3547	532	2544	4229	910	5089	1954	4724	5258	5527	1606	6047	6106	5777	5098	3717	1299	2493	110	2489	808	2026	1546	2463	5498	3147	1468	3705	3015	2528	5323	3287	2112	1117	5337	3476	5479	535	4219	348	5433	6015	2494	5363	5184	3400	1518	932	3740	2179	1633	3764	537	1316	2505	2369	515	1233	5166	1320	5764	5287	4273	3948	1525
3763	4993	2907	4236	422	4457	1649	472	493	1118	2282	215	3937	3414	995	864	2366	2471	2079	5045	2353	4816	5715	1126	2876	2601	356	5663	4542	3239	953	6083	5595	743	2301	548	1965	4823	1710	4058	2742	4136	4162	5507	4278	1938	1284	992	5531	2406	4302	5860	264	771	110	5273	1648	2005	5777	6106	5886	897	2626	5566	3569	1651	475	3380	5349	5838	110	1334	5846	3884	5881	2828	2075	5410	1813	826	5253	5459	1182	972	1036	2255	4568	2374	3304	1817	1057	3185	238	4738	2238	5998	3987	2890	2018	1155	1246	5475	4586	1941	2984	4641	5447	5040	4497	1535	2755
5657	3614	2938	4444	814	5622	4037	721	4313	2722	2989	4062	718	4702	4771	570	698	1417	1305	5537	375	4122	3978	2434	1749	4362	4812	683	2887	2860	1958	4611	5529	1266	2297	4315	3129	600	2618	5997	2309	1522	3202	5845	3399	4795	5731	4639	1638	191	2512	2868	2410	4706	1370	4171	3608	4878	5098	5886	6106	4333	3818	4980	1772	328	4962	5110	2935	3193	3098	5796	2704	110	4334	5790	2244	4009	488	5950	842	3167	5714	2092	1020	783	2957	545	806	1030	5518	2464	110	5434	3258	2918	3810	5542	4793	2027	5813	635	5263	758	321	6004	5413	5718	2561	5975	3970
4572	252	2639	1268	4971	1471	5185	1814	510	2126	2617	1614	1136	5271	1274	4346	5842	3974	5819	5032	1045	3482	3708	997	2648	2196	1690	2172	2878	986	241	2462	4852	5188	5853	2905	4121	5918	5924	2881	4029	5174	4979	1408	1979	2657	4841	1756	5365	6042	5131	1383	877	1025	2516	4532	5480	3171	3717	897	4333	6106	3153	1753	944	4352	3369	4678	786	529	4686	4202	1541	3663	3312	110	1412	3715	3198	4817	3634	1255	5904	4073	5683	5405	5079	4447	4893	4646	4535	5492	288	673	1035	1893	342	5643	5843	2074	3024	2009	3073	5591	5200	911	3582	5140	5033	4257	1924
2256	1736	2154	3264	2067	1159	918	4392	3997	110	4056	3026	774	1104	2190	996	4490	4412	985	3637	5523	3120	110	4973	4932	377	6096	4554	741	687	1675	5599	660	2003	5306	3388	2160	5528	941	1415	5241	924	873	1413	1157	2670	5633	5352	263	4843	1993	1921	913	742	3032	5781	2949	765	1299	2626	3818	3153	6106	5409	1785	1837	4500	5733	2429	2541	1827	5603	4099	2556	1620	2091	4024	2954	523	1467	2396	4050	4458	4084	5549	5986	2424	1477	977	3221	2015	5980	4957	561	6046	4777	1560	3111	5357	3809	3412	4768	3330	3686	3205	1443	4256	283	1133	1039	5927
4635	2221	3359	3681	6020	3791	2826	5602	174	1011	4017	1407	5285	5038	5055	1281	5581	3176	4656	1732	2082	3878	3914	4614	782	3025	5794	3887	4986	1348	3995	110	6098	4527	2240	2408	1087	4194	3236	2594	1604	5394	2260	5967	3544	5497	4913	1911	1081	4745	5449	519	1196	4225	4521	4399	5677	5702	2493	5566	4980	1753	5409	6106	2108	336	3316	1626	1744	3675	2852	415	358	750	3140	5404	1309	2811	4258	4325	494	2294	4788	4911	1409	1360	4914	1438	4182	2299	4868	578	2987	4960	1101	3741	140	2379	3935	4548	4838	5035	3164	2050	3175	3767	2470	5494	1803	5231	3139
4612	2988	1392	3571	3961	4100	3535	3623	901	1668	6061	5029	2535	6063	3916	453	3332	3772	3213	4108	3863	3673	533	5650	1589	1943	4227	726	1492	2558	110	3496	312	4667	2269	2985	6035	893	4506	898	4808	5012	1593	3910	886	1191	3367	3864	2979	3381	1565	1685	2088	3932	890	1265	3064	1806	110	3569	1772	944	1785	2108	6106	5708	3246	813	4143	4523	867	3096	1342	2962	5887	5209	2304	3218	5696	2392	4983	2759	4396	761	5260	4469	1932	4140	4882	3786	5835	3583	2181	1800	3897	3754	1286	5530	2141	4355	5532	5360	1365	5399	568	5264	3616	4806	3006	3936	5450
6097	3702	110	5810	800	1457	3208	110	707	3152	2928	5839	776	225	110	5299	2023	1686	5400	1174	2574	5520	1757	4262	5002	4716	5956	2066	5446	3149	3435	3262	4454	4545	2869	934	685	4414	5483	5538	110	340	6017	110	5668	2491	1660	3710	1226	4880	964	4144	1285	3853	2922	5684	384	110	2489	1651	328	4352	1837	336	5708	6106	3090	3327	2697	3766	2743	4827	4001	4645	4295	2167	4425	3341	144	2992	4449	5001	1534	5978	2841	1140	5161	1109	2070	3953	5876	3969	2124	4341	5398	2900	2385	690	2796	3156	423	4997	615	1009	3747	1867	3655	1621	5976	4956	3447
5034	3725	5426	222	3866	3204	2433	4811	5229	5377	2622	4116	386	5922	3144	2583	592	1706	4650	2830	1486	110	5757	6095	439	4552	4027	2411	171	6066	3226	4357	5202	343	5119	2472	4048	2417	417	845	4854	4955	6008	3868	4359	3376	4753	1830	2525	3728	5191	448	4394	3678	2064	1260	991	3633	808	475	4962	3369	4500	3316	3246	3090	6106	324	2695	5066	514	1937	6037	1505	5892	2169	5724	5653	5441	2659	236	2323	3755	1875	5788	1517	3219	4039	4922	3027	2437	4755	5112	2696	590	1750	4800	904	733	4118	3661	5367	325	5078	5250	5519	4354	824	1085	684	214
2912	4232	5355	1716	2708	2393	1388	476	165	2287	1503	2200	3280	2085	2599	841	4173	3319	5628	4365	3336	2636	333	2029	734	5818	3079	210	2674	2081	2699	192	2773	1595	2751	4248	1854	4431	286	141	5146	4538	3505	380	1379	5419	2715	1376	2354	1747	4393	4613	4387	962	1329	1959	1748	1319	2026	3380	5110	4678	5733	1626	813	3327	324	6106	1764	3188	1523	2940	2832	270	4626	4342	1430	1926	2360	3163	4551	5795	596	1550	2000	4543	1754	1301	541	1032	902	2523	1832	3289	110	3777	2007	4570	2078	1681	5348	1763	1289	1676	2766	3881	2663	3074	4845	2627	4283
4743	5605	5584	1414	3331	1687	653	2103	3665	754	5267	1919	5803	2994	3769	5655	3703	3793	2152	5735	4139	396	110	2099	4131	5137	4514	2651	3575	1667	5920	762	1881	1487	5178	4947	5690	1433	110	811	1745	6033	1290	273	3291	424	979	3727	1479	1739	3023	2644	4908	289	4619	1208	145	4460	1546	5349	2935	786	2429	1744	4143	2697	2695	1764	6106	1154	4867	5310	1983	4629	3820	4860	2975	3670	4312	3465	2458	172	379	2560	1859	4430	2884	3885	713	1122	1598	1619	705	1876	315	787	5423	220	2564	1805	1132	5752	3625	5719	4540	3650	5376	2925	438	5898	1918
3951	5625	3541	277	5559	1354	1019	116	2495	2060	4546	5496	5443	2866	1185	6045	3516	5754	5194	5298	2672	4440	3826	1291	534	2847	2781	1062	117	3444	6023	1142	5590	2313	3617	5251	4023	1244	1166	153	5965	5594	2551	5926	4493	2780	2511	5011	4085	4832	2661	2046	3967	405	1106	1223	110	3254	2463	5838	3193	529	2541	3675	4523	3766	5066	3188	1154	6106	4102	4579	4495	5514	110	3192	579	3214	4733	4092	5333	2966	2624	1939	4769	1613	1888	1055	5451	1397	139	311	700	5291	1882	4864	5533	4151	3349	389	4669	5648	2327	5888	2077	5455	2875	6028	295	2340	4751
3492	3880	5933	2423	2013	2633	1549	3929	1973	5167	976	1078	860	5697	3925	2770	3548	828	1689	4364	5959	2135	2620	6060	4467	4234	5948	5249	1429	2904	5726	928	4718	544	2059	3404	3344	1833	2441	1616	5706	5186	4436	204	3892	3114	5154	364	1725	2843	1892	5662	3059	5515	291	4687	124	5569	5498	110	3098	4686	1827	2852	867	2743	514	1523	4867	4102	6106	4254	4501	1398	3531	259	3785	5862	5562	4683	3046	1031	249	3052	2669	2226	4338	120	4367	1402	3016	638	1810	3310	1399	5223	2689	5464	719	4358	3459	5453	2723	4185	3458	4783	3586	1940	4238	2239	730
134	524	5867	4270	1427	2286	3788	3756	2231	482	4250	4813	146	5217	575	3709	5502	791	5957	5196	110	614	5768	2764	2163	724	1362	946	4164	628	5621	4714	5109	2351	3040	6099	5121	3776	5031	2808	1679	4161	2197	4536	2236	3738	2565	445	1779	4802	1527	4400	359	2227	1043	5307	2329	5135	3147	1334	5796	4202	5603	415	3096	4827	1937	2940	5310	4579	4254	6106	2705	6053	1719	3631	1012	4919	5157	784	714	5713	682	3442	5823	597	2885	933	5784	3561	812	4170	187	5785	5207	4975	2461	3034	3005	560	4959	1146	4594	4735	3998	4526	1097	2642	2036	366	113
110	2089	4573	5905	5113	1524	3142	3363	817	4571	4252	3448	1986	3652	317	3089	5317	2735	3288	4892	604	1642	3097	3841	577	2381	2536	2823	3830	1183	1454	3002	3134	3757	1990	5910	1967	796	3981	5751	3207	4030	1761	2917	110	4963	3124	797	3960	2788	3594	3077	4089	3968	1592	4934	836	1715	1468	5846	2704	1541	4099	358	1342	4001	6037	2832	1983	4495	4501	2705	6106	4704	4502	5931	3503	1068	392	3418	1896	5495	2001	3113	5913	1811	5672	307	4280	5972	5402	4559	2901	1267	4361	3562	5994	4055	110	5301	327	5438	4857	3108	2222	3195	4189	2034	1891	6057	2157
5490	3356	2859	1722	5058	3620	1561	1428	5312	651	3647	3882	235	1357	4422	3475	917	4767	1355	3730	2765	5074	2032	3927	2065	1129	5771	4290	2920	5631	3303	5111	2995	163	4286	3196	5130	4515	4647	5623	3743	3976	1138	1040	583	4565	542	2042	303	3893	2425	5557	2893	5243	4091	4837	538	2867	3705	3884	110	3663	2556	750	2962	4645	1505	270	4629	5514	1398	6053	4704	6106	2245	1929	6031	5829	4466	3468	5945	2964	5212	3749	5318	2919	122	362	3353	3605	4246	239	240	3401	3698	3429	3277	539	5535	3933	5172	5380	6064	5509	5430	517	2476	360	5193	5361	5256
