1831	72	679	1172	60	1605	283	877	391	761	1764	1521	78	1517	777	132	1607	99	1739	1611	399	719	499	1658	1293	155	510	841	1029	656	1370	629	1770	1496	318	610	131	494	747	770	947	515	402	1442	1352	284	542	421	573	1456	1623	1603	1312	1778	884	1725	1715	1793	293	1217	1498
72	1831	192	1123	926	567	1134	479	785	571	1722	1625	739	512	266	671	470	1617	458	604	1096	1649	529	1661	1072	1448	1686	1000	1823	603	1040	1515	124	1238	1317	1574	1308	776	1378	417	998	1805	1404	1397	1427	1294	1773	60	1619	60	60	407	248	464	190	174	652	1368	1285	150	480
679	192	1831	81	221	1153	532	1034	871	812	344	872	217	278	182	617	669	252	619	1148	1137	1254	1489	1685	1488	889	931	588	1006	459	195	1199	1436	1054	394	60	1138	1274	622	1016	1270	1396	1668	960	1350	1561	1031	856	1200	1513	353	568	784	1597	77	263	1728	1336	738	197	1353
1172	1123	81	1831	838	762	1322	1825	456	783	1602	326	537	447	151	1342	302	1177	597	335	569	791	324	520	92	316	1113	1265	1082	1011	347	907	60	806	637	143	685	1041	1612	1449	875	305	1360	835	1509	552	1571	328	154	1743	200	975	661	1581	1439	1556	430	1393	1411	1218	404
60	926	221	838	1831	465	1081	1389	191	682	1220	745	1679	389	469	983	1423	688	1241	83	440	1633	261	805	843	1576	60	183	1624	60	384	1744	286	265	1059	985	60	243	720	904	312	1781	615	668	708	1296	304	1045	1821	631	868	1410	60	1204	923	1636	844	395	1691	1037	1828
1605	567	1153	762	465	1831	360	1558	314	723	1560	1595	1543	1741	234	227	1118	1490	1263	1385	1047	503	1760	196	1445	117	492	587	1464	1785	1742	737	1518	1242	1188	313	1186	1418	471	208	966	982	781	1400	700	375	583	970	1159	1334	475	863	1198	146	296	1474	60	1247	775	717	978
283	1134	532	1322	1081	360	1831	120	1580	1216	1077	275	1314	774	867	862	888	1192	1671	689	255	491	714	60	576	60	986	1271	981	411	1226	850	1486	125	102	1586	764	1326	678	1354	1479	1255	623	892	1487	916	60	1453	1272	1329	152	560	832	1193	1544	861	1803	1299	199	148	1164
877	479	1034	1825	1389	1558	120	1831	676	1476	1330	1305	1064	726	963	1749	796	1167	1672	1053	483	1754	754	616	1347	113	1787	1459	1042	60	1463	487	994	166	788	680	1392	911	639	921	1466	478	101	436	836	405	804	655	1366	704	193	1815	579	598	829	1127	910	1429	327	973	525
391	785	871	456	191	314	1580	676	1831	1706	343	1051	379	91	239	460	452	410	264	496	60	223	1152	768	1631	429	1610	1005	194	1212	443	1471	585	285	965	198	1551	550	1398	1024	1592	666	60	845	900	370	453	1816	746	1100	1788	817	1089	1598	1565	60	852	1284	915	1430	60
761	571	812	783	682	723	1216	1476	1706	1831	1756	273	735	1441	1289	772	607	306	1268	1225	1061	96	1588	1080	1507	1056	990	333	740	866	660	380	107	1468	60	1108	1125	158	1645	1300	809	919	575	1606	218	228	390	214	1340	135	450	1568	677	188	1190	232	584	545	287	612	1469
1764	1722	344	1602	1220	1560	1077	1330	343	1756	1831	435	1087	924	1539	1343	1136	1481	1639	1732	1656	181	839	1253	728	463	319	521	1309	260	119	1020	1559	1585	60	581	1562	695	153	237	288	988	635	1323	854	514	1003	349	528	831	1792	1018	1675	1264	65	1564	437	202	1638	1510	1038
1521	1625	872	326	745	1595	275	1305	1051	273	435	1831	279	1351	60	1702	145	368	716	60	1618	1391	1297	367	159	294	1530	1381	258	826	703	108	1751	60	94	715	1119	1149	1716	1811	1676	412	60	1086	800	1534	1102	779	922	1413	1376	311	224	1710	213	489	548	1472	1422	364	1548
78	739	217	537	1679	1543	1314	1064	379	735	1087	279	1831	85	849	824	901	1701	1099	1057	1659	1822	114	1357	1780	1666	1431	939	163	654	1105	369	698	1395	1575	1321	1001	961	929	790	578	582	561	346	991	591	274	1203	1766	60	292	1406	1566	1730	574	1440	979	590	289	219	886
1517	512	278	447	389	1741	774	726	91	1441	924	1351	85	1831	1093	681	1210	88	1519	472	408	105	1183	627	1646	1230	130	60	467	359	495	1320	209	1085	1358	878	373	277	1434	60	1084	1692	763	1800	1482	226	1403	1720	1273	1307	1535	1026	827	1628	814	600	846	162	1363	482	1109
777	266	182	151	469	234	867	963	239	1289	1539	60	849	1093	1831	709	1769	116	462	640	1161	1669	912	881	1262	310	1428	995	1784	880	672	1281	950	1462	1182	522	1705	1222	1214	80	1654	100	1626	599	683	1070	1384	505	207	420	87	282	231	1306	106	1140	641	562	602	60	1713
132	671	617	1342	983	227	862	1749	460	772	1343	1702	824	681	709	1831	337	1052	325	1369	205	819	79	60	341	1664	1829	902	606	1813	270	896	348	699	1174	338	1444	822	506	1795	930	60	1502	245	1508	230	1066	1545	675	356	1173	449	1523	918	865	517	859	1251	1717	415	608
1607	470	669	302	1423	1118	888	796	452	607	1136	145	901	1210	1769	337	1831	393	1425	1747	855	1699	1128	60	941	554	1252	1304	1421	956	300	1286	755	1643	511	876	1677	365	718	134	1313	170	457	1797	175	1367	702	236	1536	376	358	840	1409	61	618	185	1613	165	423	109	1467
99	1617	252	1177	688	1490	1192	1167	410	306	1481	368	1701	88	116	1052	393	1831	60	1546	1460	204	1318	1542	1179	1166	307	498	801	1718	593	1503	431	823	638	60	1667	1819	1249	1327	1187	60	1195	748	1593	744	1687	895	613	605	1176	1438	1208	1416	692	1601	127	256	964	1379	1010
1739	458	619	597	1241	1263	1671	1672	264	1268	1639	716	1099	1519	462	325	1425	60	1831	1311	1820	996	807	448	621	1246	1750	858	899	933	934	1156	1736	1777	795	767	1414	1450	803	942	887	1798	1485	1248	1114	935	734	536	736	257	643	434	164	400	1537	793	222	727	1239	1563	350
1611	604	1148	335	83	1385	689	1053	496	1225	1732	60	1057	472	640	1369	1747	1546	1311	1831	1470	290	424	161	1723	1709	646	242	301	625	419	1627	1073	1261	1492	1426	1039	1399	339	833	1767	1257	1695	642	1348	167	1694	403	60	1243	1731	147	773	315	1374	386	396	1443	468	1830	426
399	1096	1137	569	440	1047	255	483	60	1061	1656	1618	1659	408	1161	205	855	1460	1820	1470	1831	825	1209	1228	546	69	647	1280	1726	1067	1002	1303	1116	1231	173	1106	157	1600	374	139	215	1779	298	1500	1150	842	558	1512	1234	898	446	626	97	428	644	632	1036	873	1721	1275	1111
719	1649	1254	791	1633	503	491	1754	223	96	181	1391	1822	105	1669	819	1699	204	996	290	825	1831	577	882	1227	1714	1168	946	357	206	547	673	1175	1497	760	1570	1349	1120	299	1287	418	1224	60	60	361	527	1075	1117	712	1491	1582	962	769	1383	670	580	1789	1670	1567	322	1734
499	529	1489	324	261	1760	714	754	1152	1588	839	1297	114	1183	912	79	1128	1318	807	424	1209	577	1831	1145	711	724	1338	566	706	1157	342	1765	1799	1017	543	86	1189	461	1554	486	1207	1424	84	171	1528	1184	416	659	138	60	1458	60	1569	1009	1604	216	442	259	1522	1058	1205
1658	1661	1685	520	805	196	60	616	768	1080	1253	367	1357	627	881	60	60	1542	448	161	1228	882	1145	1831	869	1591	128	828	229	220	540	70	1344	481	765	971	1147	1146	1316	329	1235	696	1278	794	454	1094	636	477	303	1405	1748	974	687	860	122	1555	140	1028	523	1155	1451
1293	1072	1488	92	843	1445	576	1347	1631	1507	728	159	1780	1646	1262	341	941	1179	621	1723	546	1227	711	869	1831	1616	945	1065	280	1755	526	1525	1599	1596	1790	697	1298	362	1043	508	413	1461	531	1345	987	1244	1380	1621	751	1331	388	1333	1221	1219	725	1069	710	1532	60	345	664
155	1448	889	316	1576	117	60	113	429	1056	463	294	1666	1230	310	1664	554	1166	1246	1709	69	1714	724	1591	1616	1831	1144	1076	1269	104	1171	1753	186	385	240	1493	559	954	1412	63	932	816	1078	381	883	1014	317	1390	1402	1007	1524	1477	611	235	1129	1550	539	830	1583	989	729
510	1686	931	1113	60	492	986	1787	1610	990	319	1530	1431	130	1428	1829	1252	307	1750	646	647	1168	1338	128	945	1144	1831	251	555	1139	686	1135	570	650	66	76	1258	1644	1735	1758	1260	1071	1027	330	645	1092	782	556	657	1594	694	1240	254	1236	1098	969	1063	1124	1529	1682	980
841	1000	588	1265	183	587	1271	1459	1005	333	521	1381	939	60	995	902	1304	498	858	242	1280	946	566	828	1065	1076	251	1831	1337	628	60	1707	864	1276	502	1651	1023	1019	1531	497	1121	624	684	690	1615	1324	1681	519	1033	609	732	1711	1635	241	518	977	1101	1291	851	750	334
1029	1823	1006	1082	1624	1464	981	1042	194	740	1309	258	163	467	1784	606	1421	801	899	301	1726	357	706	229	280	1269	555	1337	1831	1213	93	1332	1552	244	60	1817	815	1499	1495	753	1745	1060	1696	614	1215	60	1197	1433	225	1310	1288	1132	908	187	60	1641	1683	331	60	713	885
656	603	459	1011	60	1785	411	60	1212	866	260	826	654	359	880	1813	956	1718	933	625	1067	206	1157	220	1755	104	1139	628	1213	1831	321	1419	538	1629	1688	530	1673	1035	1640	1810	766	1662	891	355	564	1185	1824	476	233	1806	60	1577	1432	1180	1634	997	1091	112	984	387	705
1370	1040	195	347	384	1742	1226	1463	443	660	119	703	1105	495	672	270	300	593	934	419	1002	547	342	540	526	1171	686	60	93	321	1831	201	1663	890	1665	169	730	1126	1480	1483	397	1049	874	551	1674	1170	184	808	1655	853	1250	1387	1335	1738	662	1356	1578	210	1302	1194	1122
629	1515	1199	907	1744	737	850	487	1471	380	1020	108	369	1320	1281	896	1286	1503	1156	1627	1303	673	1765	70	1525	1753	1135	1707	1332	1419	201	1831	60	1377	1526	1375	129	743	156	142	276	95	968	1004	110	1142	144	60	1191	544	1015	1169	504	60	414	789	1729	133	247	798	928
1770	124	1436	60	286	1518	1486	994	585	107	1559	1751	698	209	950	348	755	431	1736	1073	1116	1175	1799	1344	1599	186	570	864	1552	538	1663	60	1831	371	268	1684	870	799	658	663	1021	848	1295	178	1622	1355	189	126	1614	179	115	271	501	451	1587	1708	837	1361	1115	372	917
1496	1238	1054	806	265	1242	125	166	285	1468	1585	60	1395	1085	1462	699	1643	823	1777	1261	1231	1497	1017	481	1596	385	650	1276	244	1629	890	1377	371	1831	937	141	513	1814	1455	741	1527	1650	1737	938	68	1774	1572	103	1783	67	1826	1557	1386	780	1724	1163	320	1022	1206	377	1796
318	1317	394	637	1059	1188	102	788	965	60	60	94	1575	1358	1182	1174	511	638	795	1492	173	760	543	765	1790	240	66	502	60	1688	1665	1526	268	937	1831	1256	295	1202	1457	1435	445	1325	291	758	246	422	309	949	203	1359	123	1394	1131	1782	1364	771	1520	60	1319	1032	1772
610	1574	60	143	985	313	1586	680	198	1108	581	715	1321	878	522	338	876	60	767	1426	1106	1570	86	971	697	1493	76	1651	1817	530	169	1375	1684	141	1256	1831	363	378	1365	802	249	1154	857	71	953	340	944	1775	813	707	1346	1196	493	913	757	1719	74	749	959	1328	565
131	1308	1138	685	60	1186	764	1392	1551	1125	1562	1119	1001	373	1705	1444	1677	1667	1414	1039	157	1349	1189	1147	1298	559	1258	1023	815	1673	730	129	870	513	295	363	1831	1133	524	1237	972	238	1025	1763	1608	1609	1211	64	1292	1341	810	441	630	75	1044	432	1178	1504	1757	172	1642
494	776	1274	1041	243	1418	1326	911	550	158	695	1149	961	277	1222	822	365	1819	1450	1399	1600	1120	461	1146	362	954	1644	1019	1499	1035	1126	743	799	1814	1202	378	1133	1831	535	649	1689	834	1746	897	1068	701	180	1768	1589	490	60	1158	1050	160	1160	1533	1090	1690	351	594	693
747	1378	622	1612	720	471	678	639	1398	1645	153	1716	929	1434	1214	506	718	1249	803	339	374	299	1554	1316	1043	1412	1735	1531	1495	1640	1480	156	658	1455	1457	1365	524	535	1831	596	60	118	958	936	1415	1740	1107	1516	586	733	1697	1647	383	1315	952	943	648	948	250	1700	1048
770	417	1016	1449	904	208	1354	921	1024	1300	237	1811	790	60	80	1795	134	1327	942	833	139	1287	486	329	508	63	1758	497	753	1810	1483	142	663	741	1435	802	1237	649	596	1831	1223	1501	1807	409	1165	906	541	1494	1648	1141	60	589	1637	1055	1771	1259	620	177	98	1693	323
947	998	1270	875	312	966	1479	1466	1592	809	288	1676	578	1084	1654	930	1313	1187	887	1767	215	418	1207	1235	413	932	1260	1121	1745	766	397	276	1021	1527	445	249	972	1689	60	1223	1831	1704	778	60	1657	957	1573	920	1420	1110	1407	1401	473	1083	212	786	903	820	401	1801	507
515	1805	1396	305	1781	982	1255	478	666	919	988	412	582	1692	100	60	170	60	1798	1257	1779	1224	1424	696	1461	816	1071	624	1060	1662	1049	95	848	1650	1325	1154	238	834	118	1501	1704	1831	267	592	847	1733	1473	1417	269	1233	1372	999	1446	1030	1794	1452	1506	488	1660	1808	398
402	1404	1668	1360	615	781	623	101	60	575	635	60	561	763	1626	1502	457	1195	1485	1695	298	60	84	1278	531	1078	1027	684	1696	891	874	968	1295	1737	291	857	1025	1746	958	1807	778	267	1831	731	1762	792	60	60	1818	1484	759	1143	425	1776	90	1267	336	1680	1062	352	1761
1442	1397	960	835	668	1400	892	436	845	1606	1323	1086	346	1800	599	245	1797	748	1248	642	1500	60	171	794	1345	381	330	690	614	355	551	1004	178	938	758	71	1763	897	936	409	60	592	731	1831	1151	1371	1097	1437	553	516	1620	1812	1266	927	651	534	1752	752	1362	595	1447
1352	1427	1350	1509	708	700	1487	836	900	218	854	800	991	1482	683	1508	175	1593	1114	1348	1150	361	1528	454	987	883	645	1615	1215	564	1674	110	1622	68	246	953	1608	1068	1415	1165	1657	847	1762	1151	1831	444	60	427	893	787	253	1229	1012	563	909	1279	1290	1759	211	1046	485
284	1294	1561	552	1296	375	916	405	370	228	514	1534	591	226	1070	230	1367	744	935	167	842	527	1184	1094	1244	1014	1092	1324	60	1185	1170	1142	1355	1774	422	340	1609	701	1740	906	957	1733	792	1371	444	1831	879	967	667	1465	1712	1511	1388	1478	1703	1579	1339	992	1282	382	572
542	1773	1031	1571	304	583	60	804	453	390	1003	1102	274	1403	1384	1066	702	1687	734	1694	558	1075	416	636	1380	317	782	1681	1197	1824	184	144	189	1572	309	944	1211	180	1107	541	1573	1473	60	1097	60	879	1831	951	474	1130	1804	1827	1201	633	1454	438	1095	121	665	722	1632
421	60	856	328	1045	970	1453	655	1816	214	349	779	1203	1720	505	1545	236	895	536	403	1512	1117	659	477	1621	1390	556	519	1433	476	808	60	126	103	949	1775	64	1768	1516	1494	920	1417	60	1437	427	967	951	1831	281	601	392	62	674	354	433	1408	1112	1104	1074	925	332
573	1619	1200	154	1821	1159	1272	1366	746	1340	528	922	1766	1273	207	675	1536	613	736	60	1234	712	138	303	751	1402	657	1033	225	233	1655	1191	1614	1783	203	813	1292	1589	586	1648	1420	269	1818	553	893	667	474	281	1831	721	500	1590	111	1245	1232	1549	1013	439	149	1809	1475
1456	60	1513	1743	631	1334	1329	704	1100	135	831	1413	60	1307	420	356	376	605	257	1243	898	1491	60	1405	1331	1007	1594	609	1310	1806	853	544	179	67	1359	707	1341	490	733	1141	1110	1233	1484	516	787	1465	1130	601	721	1831	137	1584	1162	653	1373	691	509	940	742	73	1301
1623	60	353	200	868	475	152	193	1788	450	1792	1376	292	1535	87	1173	358	1176	643	1731	446	1582	1458	1748	388	1524	694	732	1288	60	1250	1015	115	1826	123	1346	810	60	1697	60	1407	1372	759	1620	253	1712	1804	392	500	137	1831	1547	484	1791	821	1514	60	308	1277	1505	955
1603	407	568	975	1410	863	560	1815	817	1568	1018	311	1406	1026	282	449	840	1438	434	147	626	962	60	974	1333	1477	1240	1711	1132	1577	1387	1169	271	1557	1394	1196	441	1158	1647	589	1401	999	1143	1812	1229	1511	1827	62	1590	1584	1547	1831	811	1698	634	1653	1181	1678	1786	262	756
1312	248	784	661	60	1198	832	579	1089	677	1675	224	1566	827	231	1523	1409	1208	164	773	97	769	1569	687	1221	611	254	1635	908	1432	1335	504	501	1386	1131	493	630	1050	383	1637	473	1446	425	1266	1012	1388	1201	674	111	1162	484	811	1831	894	1541	914	1283	1088	366	168	1630
1778	464	1597	1581	1204	146	1193	598	1598	188	1264	1710	1730	1628	1306	918	61	1416	400	315	428	1383	1009	860	1219	235	1236	241	187	1180	1738	60	451	780	1782	913	75	160	1315	1055	1083	1030	1776	927	563	1478	633	354	1245	653	1791	1698	894	1831	60	549	1538	176	1727	297	1652
884	190	77	1439	923	296	1544	829	1565	1190	65	213	574	814	106	865	618	692	1537	1374	644	670	1604	122	725	1129	1098	518	60	1634	662	414	1587	1724	1364	757	1044	1160	952	1771	212	1794	90	651	909	1703	1454	433	1232	1373	821	634	1541	60	1831	1802	136	466	1382	89	1553
1725	174	263	1556	1636	1474	861	1127	60	232	1564	489	1440	600	1140	517	185	1601	793	386	632	580	216	1555	1069	1550	969	977	1641	997	1356	789	1708	1163	771	1719	432	1533	943	1259	786	1452	1267	534	1279	1579	438	1408	1549	691	1514	1653	914	549	1802	1831	1540	905	455	557	1079
1715	652	1728	430	844	60	1803	910	852	584	437	548	979	846	641	859	1613	127	222	396	1036	1789	442	140	710	539	1063	1101	1683	1091	1578	1729	837	320	1520	74	1178	1090	648	620	903	1506	336	1752	1290	1339	1095	1112	1013	509	60	1181	1283	1538	136	1540	1831	533	406	82	993
1793	1368	1336	1393	395	1247	1299	1429	1284	545	202	1472	590	162	562	1251	165	256	727	1443	873	1670	259	1028	1532	830	1124	1291	331	112	210	133	1361	1022	60	749	1504	1690	948	177	820	488	1680	752	1759	992	121	1104	439	940	308	1678	1088	176	466	905	533	1831	818	1103	1008
293	1285	738	1411	1691	775	199	327	915	287	1638	1422	289	1363	602	1717	423	964	1239	468	1721	1567	1522	523	60	1583	1529	851	60	984	1302	247	1115	1206	1319	959	1757	351	250	98	401	1660	1062	1362	211	1282	665	1074	149	742	1277	1786	366	1727	1382	455	406	818	1831	272	976
1217	150	197	1218	1037	717	148	973	1430	612	1510	364	219	482	60	415	109	1379	1563	1830	1275	322	1058	1155	345	989	1682	750	713	387	1194	798	372	377	1032	1328	172	594	1700	1693	1801	1808	352	595	1046	382	722	925	1809	73	1505	262	168	297	89	557	82	1103	272	1831	797
1498	480	1353	404	1828	978	1164	525	60	1469	1038	1548	886	1109	1713	608	1467	1010	350	426	1111	1734	1205	1451	664	729	980	334	885	705	1122	928	917	1796	1772	565	1642	693	1048	323	507	398	1761	1447	485	572	1632	332	1475	1301	955	756	1630	1652	1553	1079	993	1008	976	797	1831
