6106	470	4614	1633	2989	4779	548	5080	3607	5942	2611	5462	5578	1923	4191	5802	1084	1929	4613	3871	5560	566	3974	403	1134	4692	463	5247	5039	518	1503	3466	1076	2260	5362	2774	5525	1496	1211	892	2339	1024	1222	2693	5321	2466	4071	5088	2312	3775	665	5518	3310	5431	5922	3744	398	4200	4960	2000	2562	2482	4585	2366	1450	779	3735	5377	1007	4511	802	4060	110	4068	4084	4828	3352	3009	4114	1748	4240	331	5594	3324	3698	5944	1692	482	5572	2962	1957	159	3245	3579	4589	5003	4416	4197	4150	684	704	5608	4153	4201	615	1431	3800	2132	2401	3428	689
470	6106	4174	4516	4979	5235	2981	4179	5696	3619	3369	4693	356	334	6014	5946	1575	4308	2988	380	3947	1847	5769	6083	5513	3754	4758	532	3625	3975	5764	5379	3962	5524	4043	5552	5346	4033	2462	4079	1975	4265	5503	2783	5515	795	4562	2214	230	848	4143	5723	1173	930	4379	5191	2362	828	740	4406	5706	4122	3587	591	3722	110	1444	3478	2584	1615	2869	4031	3923	1336	110	4496	2514	3892	2766	1322	2164	2007	3785	2746	1813	4040	1902	817	5905	3176	3443	1560	1359	4680	4217	2805	2625	2792	5773	5056	433	4521	5849	3198	3505	899	3239	4451	5704	2992	237
4614	4174	6106	579	5530	3847	4474	4330	6086	2109	5326	3796	2831	3388	602	284	5971	1215	1026	2232	1244	4262	5599	5310	5278	2363	568	4513	5176	3079	2488	612	3782	3532	1791	5984	5856	3751	1504	526	5280	5656	190	2286	2208	1290	151	4252	4844	5808	2536	211	5768	1704	4025	1650	4923	1449	4636	4510	2691	1691	311	4488	302	4722	3938	116	4111	1258	919	1236	4887	5722	3640	844	3333	110	2295	1423	3940	3576	1214	2146	2461	4491	5392	468	1110	1388	1499	3154	1021	1792	2665	816	2596	2463	5610	3695	1853	739	2129	110	4394	2290	2640	3385	4013	1402	184
1633	4516	579	6106	3457	2344	719	5899	2195	4917	4792	307	5945	2057	2030	5380	1067	5137	2646	5826	1886	4387	2486	2492	882	2408	5625	3954	459	3447	2673	611	2906	2303	5953	3049	3492	1181	5784	5277	2271	2801	1383	4315	5238	4724	4194	4439	5658	2591	1920	3747	3996	4203	5016	4456	5550	2970	192	1123	3633	3412	498	3755	3767	5007	2690	2947	519	4938	5466	2737	3234	4177	6094	4279	3102	2167	3734	2379	4478	1549	981	990	4422	1804	3950	341	465	1190	5707	5241	3383	110	5775	5259	1783	3718	1971	3426	2156	6032	3908	2202	4127	3912	3884	110	3381	110	5952
2989	4979	5530	3457	6106	4593	1795	820	1579	3003	3343	5666	3620	832	419	1306	5298	3318	2851	3431	164	3882	1279	1801	4438	1071	2244	110	5737	1723	2108	1271	3538	1265	2540	5437	3981	5691	5733	1269	6097	5252	3470	768	4965	5469	2113	1663	4522	759	4136	4762	874	986	1301	2952	3897	160	202	4020	1266	3916	5782	145	5786	5633	1881	4750	4302	1584	702	3452	2649	3603	3726	4298	5540	1502	1230	5354	2336	1698	173	5011	4460	3869	5322	5313	1344	2532	3742	3914	4838	3454	1784	2196	3462	929	3684	5318	4431	1949	1070	3095	1885	5423	4738	5148	438	4306	3181
4779	5235	3847	2344	4593	6106	2374	5756	535	4382	3886	3753	120	5553	5558	333	3599	1891	1200	3439	3242	621	2436	1649	2523	5589	2825	1014	782	3472	3715	2349	3320	3199	4021	3514	3344	2772	460	1009	5562	2048	5509	2389	654	3876	389	3091	937	4249	1524	3653	6045	2789	3669	1533	5284	1088	5110	5891	5389	1589	2512	4037	3227	4137	1871	2377	3283	110	2551	4411	5498	4907	471	4036	4269	4311	1296	1607	3359	5859	3903	4075	4463	4543	2176	476	435	2787	2077	2273	5360	3422	4745	3071	5871	5636	1429	1688	1739	671	4469	2941	4027	2949	4376	3332	3966	1860	5413
548	2981	4474	719	1795	2374	6106	1065	1218	5874	5059	4337	3111	2323	1511	5348	1995	4569	5582	4083	1199	1603	2476	5754	988	1263	1576	5233	5512	1416	1397	516	4113	5920	3825	3130	3758	4470	4807	2902	3895	2020	110	5835	1129	2576	1152	3597	2385	3606	2262	1977	2976	3087	5226	4951	3571	249	4236	1928	2357	4187	5805	291	5418	4014	2086	3575	4723	787	5118	4916	3836	2904	2322	5228	3375	4547	110	3843	767	4749	4006	2656	4414	3827	1243	3267	5197	225	4832	3342	1726	4816	1800	2105	2800	2215	411	1032	2968	5457	3648	4915	1911	4770	2101	2299	4067	4752	5172
5080	4179	4330	5899	820	5756	1065	6106	3417	2398	399	2876	228	212	2572	1252	4358	5836	2114	3106	5452	2157	3411	1539	5050	3941	3341	2688	5807	2850	3248	3989	2309	5821	110	3808	5781	480	5270	884	199	5244	2347	703	4280	1596	1903	2660	3448	4988	747	3817	3418	6105	3702	5967	5260	748	2400	5793	1580	5502	5887	5094	404	738	1277	3662	4868	3453	110	3984	4184	5884	5478	3423	4538	1927	4526	1702	5221	5307	3497	1156	2747	126	6089	4947	3177	497	4004	595	1051	238	2685	1948	5851	3509	233	4169	5408	5117	1365	2875	1417	110	1408	2599	204	5852	4677
3607	5696	6086	2195	1579	535	1218	3417	6106	4531	5374	4182	296	4982	1605	2257	811	1682	2394	2443	4123	2817	1491	3512	2834	5668	1219	2296	4002	4623	1250	4968	3663	2828	5801	2955	2925	781	1467	1030	5755	5949	5903	5482	2120	1831	4349	455	2864	4598	712	3848	5832	5702	5991	2188	5146	765	1669	1681	1448	1426	1955	4993	797	3348	1879	1482	1400	3729	2840	2696	4360	2848	1286	110	4841	4480	3549	2427	3099	3325	3281	5453	2392	3006	5898	5534	1764	3373	1917	4726	2419	1194	512	2041	4019	2231	1216	3148	3291	5004	1737	1597	4829	5592	2416	3186	4164	4507	2130
5942	3619	2109	4917	3003	4382	5874	2398	4531	6106	3353	1063	285	5710	902	4891	5559	4286	143	4198	1566	110	3740	1375	5548	5718	4211	3567	1713	3910	2701	2064	2712	897	5571	2852	2934	1075	1697	194	4098	1354	5792	3329	3677	4180	4377	4615	4319	2888	2341	1235	4700	350	4247	980	3296	3577	2415	1980	4359	110	2971	4401	2795	5475	4546	5935	5443	5013	425	1630	4884	1722	3387	5638	5569	1420	1437	2124	5881	1316	1317	4053	642	5219	6031	887	5325	1377	1984	3421	2450	2420	5651	335	857	253	5441	3471	946	2781	713	5924	5194	5046	427	4452	5762	873	2350
2611	3369	5326	4792	3343	3886	5059	399	5374	3353	6106	1082	4912	3926	4132	4393	1128	5461	1894	4239	3469	2483	3274	3531	1527	5393	3586	1519	1736	3685	4599	2504	4842	4744	835	1440	5673	5344	5190	4381	2785	3485	2399	3738	3557	3823	807	819	4445	5587	3639	396	4850	3476	2620	4294	5708	2405	4579	1436	3944	823	4903	5114	3129	5073	2886	1253	2903	110	4234	2893	138	2885	5934	316	5776	4644	110	1640	5181	1472	2144	2292	1261	5292	4145	5394	146	5319	5010	4804	3790	3656	4835	5657	2897	4403	4059	3456	2633	118	292	2600	4506	269	500	4882	1178	852	1158
5462	4693	3796	307	5666	3753	4337	2876	4182	1063	1082	6106	1604	1160	2706	5125	2329	3675	5336	3269	329	4899	4705	5574	5167	5370	3770	5099	5623	2628	2830	6015	3100	261	2618	735	1583	3430	2054	6026	5072	3073	2811	2924	1573	166	3169	3257	3837	2254	3161	2301	281	3298	5974	3550	2177	2867	3539	1413	2678	2717	3459	2387	4942	2578	1862	4149	4735	110	1283	2249	6059	3134	4428	3631	2782	2837	4673	2636	4879	4925	4637	5894	2084	1850	420	4920	5143	4743	3292	3165	697	2807	2581	382	810	265	3409	1294	1536	2528	2331	5106	6063	4561	1324	1828	2460	5015	328
5578	356	2831	5945	3620	120	3111	228	296	285	4912	1604	6106	5889	339	1637	4512	4928	701	4904	2447	5568	5747	1328	464	682	5507	3743	4275	110	4746	2653	6053	2863	5798	5904	5372	5902	5741	360	3816	1099	5369	6085	299	737	4595	5215	255	3622	5506	4118	5996	5138	1028	110	5150	2937	710	2537	477	3535	2569	3052	633	119	2125	2857	4117	229	1545	2098	3059	2507	4826	1396	4226	3028	2609	2651	4133	5930	3366	4173	4878	2071	4520	2395	5968	5403	4649	4922	1038	4041	799	4375	2495	1719	5397	1424	2367	121	763	686	122	2467	4459	5488	1008	3979	1403
1923	334	3388	2057	832	5553	2323	212	4982	5710	3926	1160	5889	6106	2304	2637	3507	5744	1394	5729	110	3254	216	208	1335	948	1642	5454	191	5514	3637	5358	1787	2148	2638	6011	110	4277	1109	2790	6013	847	250	2433	4185	4997	1994	3107	3946	110	5006	5883	4258	6028	1819	1962	6030	183	5055	1355	3560	3035	3450	2954	2327	5049	5223	2268	2044	1298	2738	2788	3401	1177	4048	1777	5271	2080	140	2127	110	1012	1245	5341	1674	3262	4913	6066	346	2659	2550	2957	5432	3039	728	1410	2471	5531	5626	2769	4854	5999	1838	786	1938	4994	2491	3632	1171	5931	4144
4191	6014	602	2030	419	5558	1511	2572	1605	902	4132	2706	339	2304	6106	3128	5933	3119	624	3027	445	4356	2356	3580	2333	734	1309	4254	3853	4288	5914	4896	4852	4229	1858	4668	1006	6038	987	3805	5031	4444	3121	1188	4665	1762	1896	3034	5327	1169	2915	1124	1090	5045	153	2330	923	2472	1870	718	6095	5107	1973	955	449	5703	3748	112	2509	4667	3124	5275	271	3670	2544	5966	4271	5037	4523	2163	5237	3621	2794	5289	3018	5650	4696	215	2912	2444	5030	5170	4855	4082	3948	110	764	5063	110	5350	839	1601	414	3584	3665	1684	3564	2806	2822	3671	4110
5802	5946	284	5380	1306	333	5348	1252	2257	4891	4393	5125	1637	2637	3128	6106	4115	4353	274	1386	5173	467	1528	5929	3438	1319	268	3314	187	903	4618	2314	1281	991	2961	5000	3905	4408	3581	110	4952	3389	4608	2703	110	2974	1232	3749	1126	5371	236	2029	2005	1419	2982	4889	3776	4741	4290	1330	1422	165	5352	3676	2895	3976	1305	3628	2983	3792	2580	5129	1443	523	736	4453	652	3206	5652	3408	3559	3732	1428	3105	1720	3525	5712	5472	1854	5838	2557	1577	2328	5815	1441	3565	4556	1074	4235	2423	2708	3182	4100	4086	577	3160	2641	2518	5065	4730	2065
1084	1575	5971	1067	5298	3599	1995	4358	811	5559	1128	2329	4512	3507	5933	4115	6106	1935	149	2470	4888	1943	2549	3709	1217	3167	5727	4176	3050	4135	5291	4987	110	5763	4221	2171	685	277	349	5484	700	3508	5897	2050	1865	5888	745	3589	554	842	2575	150	3858	1796	1622	3552	2907	4284	851	5211	2936	6041	3023	4867	3911	3097	724	5956	3510	6046	4326	110	637	2311	603	836	1645	3247	309	2978	5442	2228	1157	956	2246	4824	2237	1667	2024	3717	3336	1593	4333	1418	5136	5643	1368	4890	1493	315	2010	139	1629	5220	2558	6093	1696	1798	3061	2256	5961
1929	4308	1215	5137	3318	1891	4569	5836	1682	4286	5461	3675	4928	5744	3119	4353	1935	6106	5886	3396	1221	157	4709	3347	3481	3063	5109	4830	3993	3112	332	5916	3090	4172	1351	4257	992	4775	2802	1310	860	533	1307	3308	3280	3542	4580	273	895	5564	5544	2959	725	4283	5581	3791	1130	4011	1273	462	3403	4107	5717	2201	3069	5724	2753	5406	4583	6034	4800	3022	246	1877	676	5869	458	3814	5533	5957	2956	3307	4786	5937	4160	4316	3016	5750	1906	2804	5575	110	1990	2263	3338	5526	4698	3019	4659	2110	4383	5541	4682	5947	567	3046	2380	4643	426	625	2474
4613	2988	1026	2646	2851	1200	5582	2114	2394	143	1894	5336	701	1394	624	274	149	5886	6106	1922	2662	1304	2276	3397	3393	1825	4440	337	1507	639	5948	572	5854	3887	1827	2663	1814	541	4596	3010	1898	6040	1289	5399	4672	1782	1567	5561	2711	3739	2877	5639	4941	2251	231	1553	4473	4220	1836	3763	3275	2161	1515	3044	2585	3311	2245	3842	1659	1166	330	3156	3924	3229	6060	4565	2841	5269	4209	4508	4214	4594	3502	2741	3394	854	650	750	1857	2453	3187	3835	967	4849	5676	3530	2045	3209	1042	5438	110	5843	5483	3152	3098	3205	4205	2498	5827	3303	2853
3871	380	2232	5826	3431	3439	4083	3106	2443	4198	4239	3269	4904	5729	3027	1386	2470	3396	1922	6106	1734	2293	3316	614	4631	5054	4396	1773	3585	2003	3158	5500	5364	4544	2780	4106	2718	3666	263	5424	2034	1137	4592	2283	1950	5116	3317	4479	1466	5761	4857	2032	3189	495	5387	128	5203	1120	3258	726	3696	2724	5243	6077	3693	509	1208	806	5973	385	3746	3721	110	4719	4305	690	4944	2784	141	826	2542	1685	5421	4901	444	1406	4424	1899	522	3878	2493	3029	5232	6074	5119	5865	3351	110	2337	2368	1809	1636	2128	5186	5266	2855	1568	4971	203	5742	240
5560	3947	1244	1886	164	3242	1199	5452	4123	1566	3469	329	2447	110	445	5173	4888	1221	2662	1734	6106	130	3276	1988	1363	4910	5256	3943	1349	3048	2613	2272	491	4629	4781	2702	5157	244	4736	3356	2168	3208	4998	5416	2439	1015	1638	3569	2676	3642	4996	5068	2253	198	4751	110	5163	3346	2270	5520	4293	5913	224	840	983	5455	1965	5791	2935	4734	5014	4049	1895	2791	1771	1586	5979	5295	1501	3783	766	1035	918	1904	1725	5624	1036	1993	4880	1924	3424	1884	2100	3865	5299	1205	809	280	5035	2335	3151	4058	5301	3371	376	201	3840	3413	5546	3330	4167
566	1847	4262	4387	3882	621	1603	2157	2817	110	2483	4899	5568	3254	4356	467	1943	157	1304	2293	130	6106	4301	1525	1447	5556	2359	4208	4892	6065	6006	5796	2743	5814	5829	2749	2016	5144	3830	2667	5356	914	574	1248	5067	4430	3651	3214	3756	4954	1484	2519	4397	958	2259	3778	3824	1543	1522	3094	2511	2300	5102	2174	5977	3179	3251	928	5100	2829	4664	2909	2538	1278	3137	3259	5960	4125	4450	4679	5685	2779	1628	4653	110	5383	1552	5385	3766	4228	1106	4657	2316	1048	5980	610	4505	154	4142	2845	789	5675	161	4591	3937	2655	5580	667	675	4225	1944
3974	5769	5599	2486	1279	2436	2476	3411	1491	3740	3274	4705	5747	216	2356	1528	2549	4709	2276	3316	3276	4301	6106	932	4939	185	2814	205	2142	4156	5505	152	2984	110	448	408	4953	630	312	2332	5994	3845	1824	867	5077	2459	1540	5715	2102	5919	1475	5446	2752	248	2218	5670	362	681	833	4634	4165	4674	345	4831	1240	1327	5879	4129	3883	3323	5987	2059	469	2280	110	3266	4686	1174	5198	3833	5481	4260	5422	2037	2083	1111	1785	1808	2241	982	1080	2449	721	6051	4329	818	1555	3714	4295	5943	422	2369	2036	2750	687	2376	1599	582	636	1537	390
403	6083	5310	2492	1801	1649	5754	1539	3512	1375	3531	5574	1328	208	3580	5929	3709	3347	3397	614	1988	1525	932	6106	2832	4572	963	4799	5771	776	5497	2626	2194	2078	2235	4688	4638	158	3699	3184	584	3659	2697	4159	5620	1989	317	5075	4475	760	1889	2252	4639	5401	5412	894	1382	3846	585	5845	5209	2216	3519	2980	110	5145	5206	3527	2258	4120	4624	110	4410	1302	4573	5096	1311	5493	110	679	3885	3475	454	405	2291	5982	4843	110	4759	351	1480	5872	2664	4357	5017	527	2458	4407	242	534	2147	3546	1859	4421	3623	5339	2388	3972	3195	5495	256
1134	5513	5278	882	4438	2523	988	5050	2834	5548	1527	5167	464	1335	2333	3438	1217	3481	3393	4631	1363	1447	4939	2832	6106	2730	210	5528	5086	4369	1648	4919	3284	1631	2135	1608	2756	5074	4839	1969	1455	3757	3874	3802	3261	1671	1427	3554	3217	5337	5306	6023	640	2140	358	180	1010	5329	4121	3141	1068	3618	542	3085	3159	3490	1432	4154	1254	4809	3992	110	2854	3707	904	3534	4436	1933	569	3250	3395	286	2953	5112	2748	1970	939	2812	4732	2878	4983	746	5751	3145	5819	4976	1255	5988	1371	1352	2687	4836	3473	5778	4581	4102	4858	627	1833	2079	629
4692	3754	2363	2408	1071	5589	1263	3941	5668	5718	5393	5370	682	948	734	1319	3167	3063	1825	5054	4910	5556	185	4572	2730	6106	2666	4687	1932	5338	4926	5104	110	4805	1914	3949	926	1754	5637	896	235	4950	1750	1229	294	5160	5433	489	4434	1104	1967	4418	2149	3032	925	3135	6069	5817	2198	1083	4138	2719	5496	3592	6042	4466	5663	6103	4044	1023	5078	5025	3058	270	3025	2313	581	4384	4978	1239	2072	3468	4487	5434	226	2762	3646	6101	5062	972	5105	792	5535	1280	2210	2274	3015	3236	5780	4213	4600	5609	3691	1101	4943	5058	5249	393	4055	3076	2190
463	4758	568	5625	2244	2825	1576	3341	1219	4211	3586	3770	5507	1642	1309	268	5727	5109	4440	4396	5256	2359	2814	963	210	2666	6106	1945	3460	3672	3553	2969	110	1840	3207	3081	4900	515	4684	4590	4930	4621	1676	4625	556	4047	552	4485	1179	4078	264	2438	377	962	770	2713	2159	5335	3486	2053	3033	5661	1380	4345	2421	193	2319	2429	2592	2306	1366	1546	2315	1976	5682	3398	386	3084	4155	227	4309	1882	4264	2786	2777	387	5680	754	4012	1454	2261	2437	2425	1347	5909	1521	2182	3162	3319	5264	5577	938	2275	599	2343	997	5090	951	499	2505	314
5247	532	4513	3954	110	1014	5233	2688	2296	3567	1519	5099	3743	5454	4254	3314	4176	4830	337	1773	3943	4208	205	4799	5528	4687	1945	6106	1373	1133	2985	4259	2898	859	1339	4785	3074	2681	2082	4689	3818	908	2278	1291	2700	1547	110	115	3503	2865	4016	2560	3363	3211	125	4409	977	3641	4962	1996	110	188	3562	1020	2502	5166	4063	3540	2725	3004	287	3066	4497	3998	5122	5426	4056	4175	2553	3654	4574	2565	3197	559	3968	1518	1220	3616	3136	430	4344	110	1718	2372	4695	2645	2169	501	1027	3191	3168	4793	3797	2913	148	6047	2073	132	110	4518	3647
5039	3625	5176	459	5737	782	5512	5807	4002	1713	1736	5623	4275	191	3853	187	3050	3993	1507	3585	1349	4892	2142	5771	5086	1932	3460	1373	6106	1131	5071	2206	5231	1415	110	775	5860	5890	576	4633	2559	4219	5677	1409	5557	4001	2595	1807	5487	3516	2710	1705	4317	1612	1350	4787	1892	1634	239	2768	1340	1664	1089	5917	4533	588	2858	4261	3960	5253	4895	1385	821	1000	4635	656	4865	4148	5939	3166	5213	5113	3762	4008	174	4540	563	1789	2680	5158	4291	3820	5785	2095	6082	1763	1233	5242	401	3056	5034	2944	1661	5092	3983	3083	2106	2074	5311	306	2440
518	3975	3079	3447	1723	3472	1416	2850	4623	3910	3685	2628	110	5514	4288	903	4135	3112	639	2003	3048	6065	4156	776	4369	5338	3672	1133	1131	6106	5240	4654	2522	1639	5214	2923	1887	5201	5630	4545	1276	1823	1231	3011	3142	2166	1548	2085	3204	2018	4670	2905	410	4969	3645	4587	3271	3256	5634	4178	5563	3057	487	2354	2674	5766	3235	2042	3312	5001	4535	5060	3370	5447	4263	2554	4612	1332	1767	4147	5489	4940	1541	1077	4166	5020	3143	1356	4390	6020	5115	2353	1941	1693	3483	1620	5545	4881	808	3042	2728	5473	1873	6049	4425	4484	861	1978	841	1931	1353
1503	5764	2488	2673	2108	3715	1397	3248	1250	2701	4599	2830	4746	3637	5914	4618	5291	332	5948	3158	2613	6006	5505	5497	1648	4926	3553	2985	5071	5240	6106	1651	413	110	4626	1483	774	4312	3608	1747	110	4139	4542	1756	4367	4023	4934	2997	1765	3109	384	3772	279	954	1029	5159	4820	4837	2616	223	1228	478	1778	4325	4318	1987	1462	2076	3078	560	596	3215	2087	4339	1710	289	3118	3787	5187	677	824	2022	6078	2950	1817	6001	6056	4490	4364	2849	144	3810	2648	4109	5593	344	910	2178	669	1072	947	4462	3902	5555	1287	5963	1746	4322	544	2692	5285
3466	5379	612	611	1271	2349	516	3989	4968	2064	2504	6015	2653	5358	4896	2314	4987	5916	572	5500	2272	5796	152	2626	4919	5104	2969	4259	2206	4654	1651	6106	2481	5133	5728	1662	1091	1346	5975	2326	1703	1474	5725	3611	4230	5124	514	5485	4603	3605	2352	3529	2583	4183	110	5024	5770	6061	2891	155	4876	2991	1960	4783	3543	1506	609	1018	2485	1393	3031	2754	1709	3959	110	3674	5149	2039	2582	4130	1389	3410	4189	1964	1249	4481	6081	5246	2644	2180	1197	3155	2012	4959	4088	2543	2679	4894	2764	2456	2684	1237	961	553	1102	1986	5705	450	5765	4840	1818
1076	3962	3782	2906	3538	3320	4113	2309	3663	2712	4842	3100	6053	1787	4852	1281	110	3090	5854	5364	491	2743	2984	2194	3284	110	110	2898	5231	2522	413	2481	6106	5877	4399	370	876	1202	323	4645	5027	4609	2683	6002	3054	1138	5875	1869	3146	2404	2103	5222	391	3175	2052	5411	1185	5597	2382	3183	4157	2040	1143	1333	4494	2797	5811	176	5205	1852	2928	443	4299	4875	979	3900	2729	5619	5499	2513	5777	3499	3378	5033	651	562	1939	5716	5896	2229	2763	5435	2861	2987	3287	4704	695	4351	634	1114	5293	343	2189	4703	1425	5217	2943	340	4090	1201	4661
2260	5524	3532	2303	1265	3199	5920	5821	2828	897	4744	261	2863	2148	4229	991	5763	4172	3887	4544	4629	5814	110	2078	1631	4805	1840	859	1415	1639	110	5133	5877	6106	209	1204	5200	4093	5985	952	266	3904	3238	6029	4986	5720	1509	1337	5932	1609	2055	2745	3225	1045	5151	3230	4365	5822	3804	6025	3350	5184	1926	5081	3021	4300	5083	3391	638	4405	1172	218	3365	2191	2541	1981	1412	3331	5363	4095	1256	5743	207	2266	5834	798	4336	3188	2879	1361	5265	4999	4778	659	5023	4756	601	6071	2526	5463	999	4806	409	3477	3253	5614	5398	934	3088	1195	2803
5362	4043	1791	5953	2540	4021	3825	110	5801	5571	835	2618	5798	2638	1858	2961	4221	1351	1827	2780	4781	5829	448	2235	2135	1914	3207	1339	110	5214	4626	5728	4399	209	6106	3650	1093	2836	4866	2661	4909	4967	1876	2816	5225	4018	1392	517	1564	5304	2452	3449	3345	4845	3777	5257	600	5892	5542	4077	1832	3123	5305	2160	4554	4763	5193	4320	110	5504	2265	3918	723	1315	5312	1060	1381	1187	3511	304	322	1461	1154	1360	1041	2310	3701	3116	3986	272	4423	653	869	3859	4272	5334	1733	133	2654	5028	3185	506	3681	508	3038	3855	658	110	1557	1811	2364
2774	5552	5984	3049	5437	3514	3130	3808	2955	2852	1440	735	5904	6011	4668	5000	2171	4257	2663	4106	2702	2749	408	4688	1608	3949	3081	4785	775	2923	1483	1662	370	1204	3650	6106	3030	1658	2548	5439	1136	2090	3237	1086	1369	2442	2298	3873	6076	1300	5202	4482	437	1845	964	3788	5066	4527	5653	2006	4170	5659	2627	2965	5405	1744	1370	524	2165	1387	812	3927	2004	4449	3467	843	295	1497	3596	5019	3566	2091	4708	2468	622	2104	3012	110	4869	5551	2758	6003	1802	1991	1569	3995	3921	5309	4929	5276	570	1148	1433	5529	2414	2063	5139	796	4918	4099	5648
5525	5346	5856	3492	3981	3344	3758	5781	2925	2934	5673	1583	5372	110	1006	3905	685	992	1814	2718	5157	2016	4953	4638	2756	926	4900	3074	5860	1887	774	1091	876	5200	1093	3030	6106	6050	5012	5378	4560	4611	5436	4575	4348	4245	4602	2238	1572	4784	2846	5230	1037	2264	5635	1799	3053	4457	3232	5239	5111	5667	2612	354	3406	5840	4980	5154	2739	3210	3494	3829	2726	5959	4906	4502	3627	5263	1700	822	4233	4933	2294	1731	3687	1479	1582	1594	5333	3295	4489	3655	5789	2431	863	727	267	663	3821	2973	1772	969	1672	1706	3920	1446	5216	5255	1829	3850	2958
1496	4033	3751	1181	5691	2772	4470	480	781	1075	5344	3430	5902	4277	6038	4408	277	4775	541	3666	244	5144	630	158	5074	1754	515	2681	5890	5201	4312	1346	1202	4093	2836	1658	6050	6106	1708	3971	2424	4973	1665	3212	3610	2601	2371	2916	1570	1907	3240	3724	5168	2818	4570	2675	3664	2998	308	2056	232	3730	4729	3704	2285	2793	4519	5926	4620	693	1391	1992	2760	2579	4776	110	5022	1345	1184	757	3799	1213	5165	3801	4464	5804	2721	3043	2735	1574	2529	2490	4477	1259	2652	1118	439	2432	3680	3131	1530	4237	5644	6064	416	2345	5647	4039	4862	3445	762
1211	2462	1504	5784	5733	460	4807	5270	1467	1697	5190	2054	5741	1109	987	3581	349	2802	4596	263	4736	3830	312	3699	4839	5637	4684	2082	576	5630	3608	5975	323	5985	4866	2548	5012	1708	6106	2561	4000	3999	4955	2475	2351	4140	3070	1139	2642	392	4427	1313	5087	4202	3082	2282	252	110	3547	3285	804	1591	260	336	940	6019	539	3600	4528	2643	1438	571	3407	5486	4468	2240	957	1069	3328	1673	3832	3313	2709	4074	1959	3196	113	778	672	461	4873	3875	1108	1728	1724	2669	5693	5660	680	4647	3809	1003	655	2066	412	1260	4814	1338	788	4222	1919
892	4079	526	5277	1269	1009	2902	884	1030	194	4381	6026	360	2790	3805	110	5484	1310	3010	5424	3356	2667	2332	3184	1969	896	4590	4689	4633	4545	1747	2326	4645	952	2661	5439	5378	3971	2561	6106	4274	4070	5797	3686	5694	5396	4092	785	114	2604	4417	4321	5721	2588	605	5536	494	1435	1592	780	3368	5600	110	2574	2771	587	1312	3446	1760	3096	936	6079	2759	5616	5051	2289	546	3781	2733	2224	1510	5701	985	5047	4641	2324	1619	2606	347	3807	2089	5709	891	3200	1079	4597	3793	1168	4872	4974	5208	6055	3498	2839	5698	4989	1714	301	5365	357	1666
2339	1975	5280	2271	6097	5562	3895	199	5755	4098	2785	5072	3816	6013	5031	4952	700	860	1898	2034	2168	5356	5994	584	1455	235	4930	3818	2559	1276	110	1703	5027	266	4909	1136	4560	2424	4000	4274	6106	922	1653	4354	4034	1872	3682	2516	1958	2489	2233	4419	872	1321	3002	278	4885	5101	1815	784	3040	4564	369	5089	3615	976	5613	4541	2027	4248	2145	1411	794	3657	699	1151	2744	589	4604	3864	803	3278	3263	1251	751	456	418	4331	3404	2116	1523	5342	1834	2778	3024	2184	4970	2899	1013	361	2209	5082	2658	5283	4094	5567	5788	1212	3367	5523	2815
1024	4265	5656	2801	5252	2048	2020	5244	5949	1354	3485	3073	1099	847	4444	3389	3508	533	6040	1137	3208	914	3845	3659	3757	4950	4621	908	4219	1823	4139	1474	4609	3904	4967	2090	4611	4973	3999	4070	922	6106	3068	2993	662	965	5153	3737	5227	4171	664	4529	5128	1644	4442	4441	1085	5617	5740	5915	2866	845	1043	234	4610	5858	110	2525	4350	2770	3372	3294	920	2340	998	2136	1367	875	5464	968	170	1805	3771	2862	594	3222	4292	110	4773	3893	1982	1342	3115	1517	2412	4089	752	5179	525	4030	3241	2496	880	4568	415	1374	5820	177	580	5794	2162
1222	5503	190	1383	3470	5509	110	2347	5903	5792	2399	2811	5369	250	3121	4608	5897	1307	1289	4592	4998	574	1824	2697	3874	1750	1676	2278	5677	1231	4542	5725	2683	3238	1876	3237	5436	1665	4955	5797	1653	3068	6106	1094	5449	2926	4218	5714	3673	3270	1538	1735	1712	169	4388	2406	5026	283	3881	1183	1326	5174	2908	1439	2403	578	3831	4584	5700	3889	5328	678	3750	5584	1262	5460	6036	3149	5579	3036	1909	694	3558	5494	3322	3719	1905	5605	2624	5084	3931	325	2761	2994	753	4080	3014	4372	5180	3528	597	1059	3062	6099	3228	3643	1297	1520	4413	3982	6073
2693	2783	2286	4315	768	2389	5835	703	5482	3329	3738	2924	6085	2433	1188	2703	2050	3308	5399	2283	5416	1248	867	4159	3802	1229	4625	1291	1409	3011	1756	3611	6002	6029	2816	1086	4575	3212	2475	3686	4354	2993	1094	6106	324	1779	1683	1851	3764	4739	5824	5444	1758	4395	3433	2051	3877	5402	2723	5491	1153	4851	531	5477	3321	3769	3716	1616	3932	4346	683	5989	3304	5806	1140	2435	3536	1623	5618	2499	4747	2868	1635	3533	2847	5603	3358	5357	3374	2219	3113	1972	2375	4297	1729	3334	1142	5731	1272	4701	1325	110	2017	1627	5156	4911	1274	5895	1821	5425	5810
5321	5515	2208	5238	4965	654	1129	4280	2120	3677	3557	1573	299	4185	4665	110	1865	3280	4672	1950	2439	5067	5077	5620	3261	294	556	2700	5557	3142	4367	4230	3054	4986	5225	1369	4348	3610	2351	5694	4034	662	5449	324	6106	4017	3429	909	4285	1908	5672	4795	110	5539	5848	3104	2939	3952	3614	2092	1005	4476	5324	2843	5320	5565	2623	258	4902	4392	1534	4343	3005	4790	966	1759	5070	2115	181	6000	5273	2338	5218	2025	3305	3683	1379	1598	1614	2533	708	1167	2824	490	2126	4961	1132	4710	110	3523	135	5076	4558	1238	110	2099	866	877	3515	3465	4963
2466	795	1290	4724	5469	3876	2576	1596	1831	4180	3823	166	737	4997	1762	2974	5888	3542	1782	5116	1015	4430	2459	1989	1671	5160	4047	1547	4001	2166	4023	5124	1138	5720	4018	2442	4245	2601	4140	5396	1872	965	2926	1779	4017	6106	4676	5316	921	4253	297	1227	742	2545	1626	1953	3380	5332	4628	3504	1512	4740	3953	5674	4500	608	4328	3723	4492	4720	3866	2203	5921	945	3315	4398	4152	2808	3223	4256	2170	4281	2422	2948	2775	5361	643	4455	2138	5428	1115	4085	864	995	5837	6091	2940	4694	4134	110	367	4822	2186	1476	598	3898	2501	989	4514	862	858
4071	4562	151	4194	2113	389	1152	1903	4349	4377	807	3169	4595	1994	1896	1232	745	4580	1567	3317	1638	3651	1540	317	1427	5433	552	110	2595	1548	4934	514	5875	1509	1392	2298	4602	2371	3070	4092	3682	5153	4218	1683	3429	4676	6106	3522	3480	4199	3127	3857	5687	2234	1587	2448	3789	1285	1505	4764	3890	110	4313	5870	1384	1863	2212	5095	4769	2917	2250	479	6009	1087	2842	5790	4627	1781	2751	4791	931	4586	1675	5366	1613	2900	2173	5009	5850	2901	1715	5654	451	4504	3282	2454	1562	4289	4550	3037	1161	5108	3139	1888	974	4010	2118	1606	378	3689	5384
5088	2214	4252	4439	1663	3091	3597	2660	455	4615	819	3257	5215	3107	3034	3749	3589	273	5561	4479	3569	3214	5715	5075	3554	489	4485	115	1807	2085	2997	5485	1869	1337	517	3873	2238	2916	1139	785	2516	3737	5714	1851	909	5316	3522	6106	2154	3103	2819	110	5300	2833	5537	2269	5368	1670	3150	1717	5641	5323	3243	688	3221	4332	2503	110	1680	179	1893	5885	110	3844	3588	1241	2204	1963	110	4721	381	3290	2112	3649	5103	4536	543	117	2021	5258	1034	3638	5853	3551	5800	110	3301	4052	4655	1687	5595	5032	4548	5981	1282	4273	3517	348	1186	4801	6054
2312	230	4844	5658	4522	937	2385	3448	2864	4319	4445	3837	255	3946	5327	1126	554	895	2711	1466	2676	3756	2102	4475	3217	4434	1179	3503	5487	3204	1765	4603	3146	5932	1564	6076	1572	1570	2642	114	1958	5227	3673	3764	4285	921	3480	2154	6106	1016	3017	2547	3752	3891	4204	5866	5287	3255	213	195	3925	1485	1934	5479	4267	2856	1334	110	743	2715	3644	2248	3170	1979	5347	2418	1732	5345	3110	6037	5719	2995	5005	3020	716	3963	3000	2844	2757	293	898	4073	5210	1364	1624	3624	2996	3574	1769	6052	4062	2634	941	3967	3226	5958	5021	3964	2325	3760	189
3775	848	5808	2591	759	4249	3606	4988	4598	2888	5587	2254	3622	110	1169	5371	842	5564	3739	5761	3642	4954	5919	760	5337	1104	4078	2865	3516	2018	3109	3605	2404	1609	5304	1300	4784	1907	392	2604	2489	4171	3270	4739	1908	4253	4199	3103	1016	6106	5248	2281	5294	1192	5390	3609	2894	1740	4515	2567	1558	3572	5830	5036	5282	769	801	1711	379	3092	111	3819	5602	440	1308	1841	4161	777	5867	1135	5097	5451	4551	575	3862	3419	668	1918	1757	1054	3700	3339	3233	2390	417	3300	5492	6070	2911	1897	3919	1513	2826	5315	2809	110	3026	5726	4905	5878	1738
665	4143	2536	1920	4136	1524	2262	747	712	2341	3639	3161	5506	5006	2915	236	2575	5544	2877	4857	4996	1484	1475	1889	5306	1967	264	4016	2710	4670	384	2352	2103	2055	2452	5202	2846	3240	4427	4417	2233	664	1538	5824	5672	297	3127	2819	3017	5248	6106	3219	2932	4276	850	4426	3703	4268	1049	6068	3591	4699	2896	993	5519	761	4323	1189	4761	2921	2963	5245	1022	2227	5142	5527	4374	3854	2534	4811	2308	3252	3513	2393	2506	696	1602	5290	1209	3001	5171	3839	805	4946	5738	2933	3007	1842	4990	1460	3077	2986	583	1997	197	2172	5207	942	110	3194	3537
5518	5723	211	3747	4762	3653	1977	3817	3848	1235	396	2301	4118	5883	1124	2029	150	2959	5639	2032	5068	2519	5446	2252	6023	4418	2438	2560	1705	2905	3772	3529	5222	2745	3449	4482	5230	3724	1313	4321	4419	4529	1735	5444	4795	1227	3857	110	2547	2281	3219	6106	1890	5085	1526	5906	3636	4794	3826	1529	2500	1816	483	5382	856	3759	1730	492	4935	4883	4026	196	4131	644	2061	911	3390	4310	4206	2598	431	355	5759	1866	538	1223	2798	984	628	5621	2307	592	1162	1141	1478	4227	5573	4386	3326	2213	2067	3132	5583	3249	853	1544	3192	3264	973	137	162
3310	1173	5768	3996	874	6045	2976	3418	5832	4700	4850	281	5996	4258	1090	2005	3858	725	4941	3189	2253	4397	2752	4639	640	2149	377	3363	4317	410	279	2583	391	3225	3345	437	1037	5168	5087	5721	872	5128	1712	1758	110	742	5687	5300	3752	5294	2932	1890	6106	4042	4717	5470	1149	4754	5251	4788	2469	2410	646	4338	5823	182	4124	1468	2019	4251	1097	1942	1122	3604	5314	5864	3741	4707	3987	5774	5044	2732	1565	3965	1117	3568	1901	4715	5812	6104	3064	550	2990	4231	110	1559	2999	2810	3652	5041	1331	3678	606	4927	6100	783	394	1477	3157	3957	2883
5431	930	1704	4203	986	2789	3087	6105	5702	350	3476	3298	5138	6028	5045	1419	1796	4283	2251	495	198	958	248	5401	2140	3032	962	3211	1612	4969	954	4183	3175	1045	4845	1845	2264	2818	4202	2588	1321	1644	169	4395	5539	2545	2234	2833	3891	1192	4276	5085	4042	6106	5927	4985	3978	2445	4706	4958	3140	5664	2413	3309	1465	3725	1835	245	3544	5281	5430	2081	1677	2945	4728	4447	3798	978	5134	3072	2183	2239	110	4076	1159	996	3441	3852	2650	905	3231	1486	5061	3803	4966	5029	1647	359	4361	1145	4064	1155	5091	4957	670	3526	4465	5772	5052	691	365
5922	4379	4025	5016	1301	3669	5226	3702	5991	4247	2620	5974	1028	1819	153	2982	1622	5581	231	5387	4751	2259	2218	5412	358	925	770	125	1350	3645	1029	110	2052	5151	3777	964	5635	4570	3082	605	3002	4442	4388	3433	5848	1626	1587	5537	4204	5390	850	1526	4717	5927	6106	5645	5601	4105	4847	5873	3518	2181	4616	254	2672	4995	1062	5596	5130	1595	2520	4651	1542	547	5467	814	1207	1761	3929	4096	453	2568	3013	2614	1913	4380	1656	4818	110	4324	2668	5746	1947	446	933	4856	4151	5940	2677	4024	5923	1270	2480	486	3630	2047	3224	4893	1096	6067	2031
3744	5191	1650	4456	2952	1533	4951	5967	2188	980	4294	3550	110	1962	2330	4889	3552	3791	1553	128	110	3778	5670	894	180	3135	2713	4409	4787	4587	5159	5024	5411	3230	5257	3788	1799	2675	2282	5536	278	4441	2406	2051	3104	1953	2448	2269	5866	3609	4426	5906	5470	4985	5645	6106	3555	1498	4650	3493	3392	3973	831	3193	549	1234	2062	3060	3122	3634	5767	388	6080	5250	2119	4931	5732	4964	4342	288	1930	1936	2428	4697	5990	1125	4848	1937	4355	6035	364	3731	1641	2097	3601	503	3045	5303	4577	1470	4241	4948	4250	4385	4658	5234	1775	2217	2570	520	648
398	2362	4923	5550	3897	5284	3571	5260	5146	3296	5708	2177	5150	6030	923	3776	2907	1130	4473	5203	5163	3824	362	1382	1010	6069	2159	977	1892	3271	4820	5770	1185	4365	600	5066	3053	3664	252	494	4885	1085	5026	3877	2939	3380	3789	5368	5287	2894	3703	3636	1149	3978	5601	3555	6106	1092	2593	2060	1247	1571	2383	3432	5417	290	1830	1341	2464	5155	1066	2979	3872	1064	1867	3951	3794	4232	5590	1561	2358	3218	2914	2451	4813	4753	2727	540	110	131	6044	4238	502	4524	5816	2373	557	1407	3668	1786	2977	3153	5224	626	791	5882	3879	4991	4671	3956	3416
4200	828	1449	2970	160	1088	249	748	765	3577	2405	2867	2937	183	2472	4741	4284	4011	4220	1120	3346	1543	681	3846	5329	5817	5335	3641	1634	3256	4837	6061	5597	5822	5892	4527	4457	2998	110	1435	5101	5617	283	5402	3952	5332	1285	1670	3255	1740	4268	4794	4754	2445	4105	1498	1092	6106	5606	110	3379	5296	1056	2152	1600	2799	2657	2530	4503	4669	3286	2922	5175	4622	3708	5126	2487	2881	3272	4737	3612	5182	4802	878	4103	493	2302	711	3506	3451	3442	3491	3138	2123	2964	2430	5286	2820	318	3658	5779	2689	1116	3697	2305	2882	1925	1946	110	1295	1224
4960	740	4636	192	202	5110	4236	2400	1669	2415	4579	3539	710	5055	1870	4290	851	1273	1836	3258	2270	1522	833	585	4121	2198	3486	4962	239	5634	2616	2891	2382	3804	5542	5653	3232	308	3547	1592	1815	5740	3881	2723	3614	4628	1505	3150	213	4515	1049	3826	5251	4706	4847	4650	2593	5606	6106	6102	3086	4780	561	1956	5317	4652	3436	4718	3458	4287	647	4897	2028	4210	353	1399	3997	3613	5297	2740	1951	3051	1176	692	5554	3720	4555	623	890	3867	110	4404	110	2552	641	257	4812	110	1535	1463	565	893	3360	3894	2597	4563	4864	4619	4065	3277	5042
2000	4406	4510	1123	4020	5891	1928	5793	1681	1980	1436	1413	2537	1355	718	1330	5211	462	3763	726	5520	3094	4634	5845	3141	1083	2053	1996	2768	4178	223	155	3183	6025	4077	2006	5239	2056	3285	780	784	5915	1183	5491	2092	3504	4764	1717	195	2567	6068	1529	4788	4958	5873	3493	2060	110	6102	6106	2967	755	5279	423	2838	4819	5501	3327	3357	849	1343	167	4437	5627	2297	5120	5053	2068	3065	3297	3117	732	1581	1878	5141	2887	4498	3163	4190	5749	3354	3913	618	1127	2860	2890	3915	1288	5445	4833	1487	5040	722	1098	2546	1040	4768	5188	3178	2197	5420
2562	5706	2691	3633	1266	5389	2357	1580	1448	4359	3944	2678	477	3560	6095	1422	2936	3403	3275	3696	4293	2511	4165	5209	1068	4138	3033	110	1340	5563	1228	4876	4157	3350	1832	4170	5111	232	804	3368	3040	2866	1326	1153	1005	1512	3890	5641	3925	1558	3591	2500	2469	3140	3518	3392	1247	3379	3086	2967	6106	5386	834	1690	2207	3399	3617	3376	510	4373	2360	1147	4054	5400	4517	4493	5665	714	2370	3482	375	2134	2734	6087	1776	3745	251	1654	3279	2284	5912	2384	1998	3461	959	4789	883	5965	5976	5419	3455	1689	1968	4196	3362	3780	5842	2873	282	6084	1940
2482	4122	1691	3412	3916	1589	4187	5502	1426	110	823	2717	3535	3035	5107	165	6041	4107	2161	2724	5913	2300	4674	2216	3618	2719	5661	188	1664	3057	478	2991	2040	5184	3123	5659	5667	3730	1591	5600	4564	845	5174	4851	4476	4740	110	5323	1485	3572	4699	1816	2410	5664	2181	3973	1571	5296	4780	755	5386	6106	1554	5831	731	1193	504	5093	1657	5901	6090	5254	613	327	2096	2556	5458	4539	555	4797	5456	5511	2035	1390	2225	536	1810	5862	1318	2720	4009	436	2411	2479	705	4992	1492	4429	4559	1915	2478	6021	3578	4242	428	5391	4557	4630	607	4128	1999
4585	3587	311	498	5782	2512	5805	5887	1955	2971	4903	3459	2569	3450	1973	5352	3023	5717	1515	5243	224	5102	345	3519	542	5496	1380	3562	1089	487	1778	1960	1143	1926	5305	2627	2612	4729	260	110	369	1043	2908	531	5324	3953	4313	3243	1934	5830	2896	483	646	2413	4616	831	2383	1056	561	5279	834	1554	6106	528	505	485	5057	4223	837	1299	4525	1660	4347	1404	1275	4045	511	310	2139	221	5162	1165	1150	3969	175	2919	3593	1727	6088	2827	3268	1494	4755	5591	1701	4035	6017	4601	5607	2070	5941	2564	5828	1451	5972	2026	994	3936	2009	4571	3582
2366	591	4488	3755	145	4037	291	5094	4993	4401	5114	2387	3052	2954	955	3676	4867	2201	3044	6077	840	2174	4831	2980	3085	3592	4345	1020	5917	2354	4325	4783	1333	5081	2160	2965	354	3704	336	2574	5089	234	1439	5477	2843	5674	5870	688	5479	5036	993	5382	4338	3309	254	3193	3432	2152	1956	423	1690	5831	528	6106	970	632	715	3860	368	474	1578	4823	371	5970	2141	5267	4936	110	374	2247	4576	3713	466	5880	2524	402	276	3382	4817	1590	1226	1376	2075	927	900	5855	2555	793	4742	4116	5844	6008	1617	2226	4307	5863	2205	1095	2158	2185	2639
1450	3722	302	3767	5786	3227	5418	404	797	2795	3129	4942	633	2327	449	2895	3911	3069	2585	3693	983	5977	1240	110	3159	6042	2421	2502	4533	2674	4318	3543	4494	3021	4554	5405	3406	2285	940	2771	3615	4610	2403	3321	5320	4500	1384	3221	4267	5282	5519	856	5823	1465	2672	549	5417	1600	5317	2838	2207	731	505	970	6106	5476	1745	1532	586	1766	434	4420	1050	5261	110	5415	666	4446	2910	2049	5628	4530	110	5964	773	1618	1883	1952	790	1686	2796	674	2517	2348	3335	1456	530	4467	2694	2396	171	5629	4303	4192	537	5517	3041	4748	1610	5566	4765
779	110	4722	5007	5633	4137	4014	738	3348	5475	5073	2578	119	5049	5703	3976	3097	5724	3311	509	5455	3179	1327	5145	3490	4466	193	5166	588	5766	1987	1506	2797	4300	4763	1744	5840	2793	6019	587	976	5858	578	3769	5565	608	1863	4332	2856	769	761	3759	182	3725	4995	1234	290	2799	4652	4819	3399	1193	485	632	5476	6106	1196	1031	4777	6048	3906	3688	1983	2966	4193	3437	1678	953	4877	5373	3289	3202	1655	5783	4972	110	3896	6016	3815	2153	2192	4945	4861	2617	496	3727	1105	5809	4566	2193	2287	5381	2615	2277	178	645	3705	3125	5950	2187	558
3735	1444	3938	2690	1881	1871	2086	1277	1879	4546	2886	1862	2125	5223	3748	1305	724	2753	2245	1208	1965	3251	5879	5206	1432	5663	2319	4063	2858	3235	1462	609	5811	5083	5193	1370	4980	4519	539	1312	5613	110	3831	3716	2623	4328	2212	2503	1334	801	4323	1730	4124	1835	1062	2062	1830	2657	3436	5501	3617	504	5057	715	1745	1196	6106	5570	5440	1405	889	5699	4937	4924	2121	5983	6075	4914	4714	1057	5196	5669	1473	1055	3340	300	3733	5516	2880	217	2722	2200	407	2608	5962	888	4005	4212	5008	1180	472	1323	1210	5585	3337	5681	2871	906	4534	2736	5543
5377	3478	116	2947	4750	2377	3575	3662	1482	5935	1253	4149	2857	2268	112	3628	5956	5406	3842	806	5791	928	4129	3527	4154	6103	2429	3540	4261	2042	2076	1018	176	3391	4320	524	5154	5926	3600	3446	4541	2525	4584	1616	258	3723	5095	110	110	1711	1189	492	1468	245	5596	3060	1341	2530	4718	3327	3376	5093	4223	3860	1532	1031	5570	6106	3935	2686	1414	200	5986	815	5688	4186	1849	319	220	1046	2773	5748	5508	5683	5410	1264	156	4368	3711	3841	4725	4796	5547	5429	4141	3779	4509	5833	1044	825	4483	4215	1848	1329	2355	2088	924	1004	4188	3761	5043
1007	2584	4111	519	4302	3283	4723	4868	1400	5443	2903	4735	4117	2044	2509	2983	3510	4583	1659	5973	2935	5100	3883	2258	1254	4044	2592	2725	3960	3312	3078	2485	5205	638	110	2165	2739	4620	4528	1760	2027	4350	5700	3932	4902	4492	4769	1680	743	379	4761	4935	2019	3544	5130	3122	2464	4503	3458	3357	510	1657	837	368	586	4777	5440	3935	6106	5048	4860	2484	1770	4662	3863	1058	5288	3265	4282	5152	168	2631	5671	3349	741	1434	4798	529	1806	3364	4642	1793	3521	4243	2931	3427	758	3361	3108	6057	886	6039	1348	4389	373	2975	4712	1464	3907	3690	142
4511	1615	1258	4938	1584	110	787	3453	3729	5013	110	110	229	1298	4667	3792	6046	6034	1166	385	4734	2829	3323	4120	4809	1023	2306	3004	5253	5001	560	1393	1852	4405	5504	1387	3210	693	2643	3096	4248	2770	3889	4346	4392	4720	2917	179	2715	3092	2921	4883	4251	5281	1595	3634	5155	4669	4287	849	4373	5901	1299	474	1766	6048	1405	2686	5048	6106	3133	6033	2236	2605	1868	1378	5414	1954	1284	573	3660	3692	5204	3055	1033	5803	4007	2872	4412	4224	4362	5697	2938	3293	720	3629	1488	2441	5274	3712	473	5471	2577	1556	5993	2515	2069	3220	5132	4588	1017
802	2869	919	5466	702	2551	5118	110	2840	425	4234	1283	1545	2738	3124	2580	4326	4800	330	3746	5014	4664	5987	4624	3992	5078	1366	287	4895	4535	596	3031	2928	1172	2265	812	3494	1391	1438	936	2145	3372	5328	683	1534	3866	2250	1893	3644	111	2963	4026	1097	5430	2520	5767	1066	3286	647	1343	2360	6090	4525	1578	434	3906	889	1414	4860	3133	6106	707	4314	3822	4069	6098	2635	2426	4731	3171	2386	2417	2477	4335	2527	424	1551	1742	698	813	4246	3736	3440	4827	2884	3570	5331	4091	4898	2587	3985	3667	3930	3420	4032	5121	3299	4050	6062	3813	1910
4060	4031	1236	2737	3452	4411	4916	3984	2696	1630	2893	2249	2098	2788	5275	5129	110	3022	3156	3721	4049	2909	2059	110	110	5025	1546	3066	1385	5060	3215	2754	443	218	3918	3927	3829	1992	571	6079	1411	3294	678	5989	4343	2203	479	5885	2248	3819	5245	196	1942	2081	4651	388	2979	2922	4897	167	1147	5254	1660	4823	4420	3688	5699	200	2484	6033	707	6106	709	5480	871	484	2531	1052	5161	5841	163	5353	4821	5169	3164	2705	421	2821	442	3415	4029	5955	2221	1490	1974	5490	5745	1864	3868	1182	4666	1242	4984	3495	4340	4956	4949	975	1500	481	3244
110	3923	4887	3234	2649	5498	3836	4184	4360	4884	138	6059	3059	3401	271	1443	637	246	3924	110	1895	2538	469	4410	2854	3058	2315	4497	821	3370	2087	1709	4299	3365	723	2004	2726	2760	3407	2759	794	920	3750	3304	3005	5921	6009	110	3170	5602	1022	4131	1122	1677	1542	6080	3872	5175	2028	4437	4054	613	4347	371	1050	1983	4937	5986	1770	2236	4314	709	6106	3710	2008	4402	262	3811	2243	717	3126	5711	2046	222	1489	4803	1430	3246	5662	1880	4163	3496	4767	6004	3434	5349	3008	4495	5649	259	4640	3405	3464	3980	5631	4458	2622	800	5992	1741	5177
4068	1336	5722	4177	3603	4907	2904	5884	2848	1722	2885	3134	2507	1177	3670	523	2311	1877	3229	4719	2791	1278	2280	1302	3707	270	1976	3998	1000	5447	4339	3959	4875	2191	1315	4449	5959	2579	5486	5616	3657	2340	5584	5806	4790	945	1087	3844	1979	440	2227	644	3604	2945	547	5250	1064	4622	4210	5627	5400	327	1404	5970	5261	2966	4924	815	4662	2605	3822	5480	3710	6106	452	4432	3444	3425	3180	2942	830	2111	1716	635	1797	5448	3501	2397	5079	5893	4975	4810	2455	3120	1751	3302	3524	5038	2133	129	4853	1267	110	5938	4874	275	5752	4675	3487	172	342
