4096	1475	2219	1395	3834	2833	522	300	3614	1749	965	2005	2705	3456	1778	1675	719	980	257	1327	3549	747	994	2762	1737	1360	832	2019	4024	1622	1392	1562	498	90	90	1256	3162	2539	1582	2918	3640	856	3292	3664	1034	2990	3164	2163	4056	1254	2959	1220	1397	2202	1913	2608	2548	90	2792	236	1704	2265	783	3294	2573	1536	3666	3371	2226	3612	1421	2712	489	550	3941	1287	1155	4068	321	4012	2892	2443	1880	2239	705	206	3630	1204	3423	928	175
1475	4096	2559	1370	3564	3347	3639	432	4009	2787	1300	3872	3953	338	4010	655	1921	3943	3022	1028	3191	2683	2354	2195	1463	3447	1691	3539	347	566	698	211	3419	1166	1491	298	3150	728	3011	3330	1666	1903	224	996	2243	194	2347	1893	3026	2349	3073	4080	1184	701	3326	1482	3269	3338	2183	977	2856	1950	1183	608	1376	3540	1315	2221	90	2060	3593	1597	642	2359	1894	1917	1379	666	575	3215	691	717	1832	3089	2571	3743	3839	1999	926	2328	1731
2219	2559	4096	1966	3857	3066	2094	90	1944	131	308	3610	437	2982	1734	1199	3311	1540	3628	527	3563	3225	1827	3230	2085	3060	2880	1853	2007	3893	304	2342	2375	2674	678	3795	3762	1391	2034	1802	90	3738	2870	794	1324	3481	3289	3873	952	1180	587	3490	3318	2030	2682	3847	567	2686	1646	2004	901	2100	2173	401	677	503	3742	3739	656	626	204	277	93	3638	517	1810	2906	1518	1218	519	1147	2050	2495	3862	3574	1839	2898	1616	2587	1651	3618
1395	1370	1966	4096	4042	1394	1227	3837	191	2625	625	1002	3141	1949	2694	3103	4057	1557	4014	1681	3853	1322	1742	670	2184	2227	1760	3436	2639	624	715	431	1477	368	654	3059	3829	3430	2266	1339	222	1381	3207	2893	2259	2435	1288	2476	2416	907	225	2109	3587	1135	3526	3455	1037	2988	3052	2150	2355	1499	3193	3305	3301	2766	3569	3592	3128	1038	316	2229	1969	3135	3276	2010	3566	800	1013	1719	3766	2285	4075	1091	4015	90	2063	2840	3171	2471	3251
3834	3564	3857	4042	4096	1157	1272	1974	208	1546	3990	1177	1083	2070	1334	1758	1149	4019	2493	1964	2027	2964	3987	3763	2975	4043	2845	1413	1049	1656	3611	2455	512	1684	3185	3483	3377	2102	3321	2107	615	1794	3120	90	2212	90	2861	1012	3009	183	3865	3403	1151	4035	2296	3221	826	1340	3112	1471	3008	3048	3449	762	1729	2730	1342	177	3170	3567	90	1849	90	232	3709	2849	3692	332	1464	3511	1594	3057	2510	1641	836	3770	3260	2169	3055	3979	1835
2833	3347	3066	1394	1157	4096	1469	700	961	2680	1514	3842	2499	739	879	2114	2563	3967	825	1831	3198	1855	1323	713	2968	3848	2963	2852	816	533	1427	4051	828	1026	733	2676	1094	1150	3448	192	406	457	1329	3672	90	496	3106	2598	4001	3249	1968	3764	760	2524	3030	2444	1548	2153	2564	419	3702	1485	1181	3760	3792	1203	1544	3108	2013	3718	1275	272	658	1953	1955	4026	90	4045	2054	2812	3237	2583	3954	248	2590	1841	1073	3467	159	3823	1951
522	3639	2094	1227	1272	1469	4096	3904	2465	4091	984	813	169	2794	3851	2511	808	2043	1602	3387	2734	3902	589	2431	2166	3581	776	3457	2474	2649	296	230	3153	127	405	2353	1910	1401	463	2996	1116	2746	1278	2738	4055	1638	2627	3793	1613	1873	3869	1916	1583	382	90	492	2890	279	2113	1652	686	3142	487	1517	3392	408	509	1946	2478	716	1735	3782	2213	875	2325	1326	4095	1506	900	1743	249	3227	1929	1496	1447	90	3915	3279	2580	501	1952
300	432	90	3837	1974	700	3904	4096	833	1357	1847	392	772	3541	3831	2450	1252	1032	1815	3378	2696	1208	3010	334	2097	874	138	3365	1807	241	2704	2875	1566	1808	2305	1906	2042	3078	2711	4071	237	3667	998	3535	3205	1759	3001	3817	397	1164	1926	1448	2561	704	807	3219	373	1607	2178	3272	2929	2754	1308	1657	3258	1658	3647	172	768	3570	520	1978	1784	2217	1871	3362	386	1626	3515	2940	2161	3497	2055	2132	2846	2783	837	1892	1822	2395	725
3614	4009	1944	191	208	961	2465	833	4096	3855	2044	1330	3512	3791	1331	2715	2357	462	1233	1570	1598	3211	3094	893	1390	3069	3694	1209	2433	1416	311	3493	306	1210	90	568	90	1260	3459	798	2942	2540	3013	287	2924	3264	2616	1414	2488	3787	2956	754	2994	2776	2619	3228	1604	91	1686	1014	90	535	1004	2939	3933	1868	2384	1640	2086	1785	1534	2700	490	3275	203	1378	2953	2810	3416	2831	3938	653	1782	2382	2364	668	291	3229	4000	2979	3596
1749	2787	131	2625	1546	2680	4091	1357	3855	4096	3145	1479	669	2016	2535	953	3425	2823	3107	3997	936	1384	1043	866	638	3487	842	2293	601	767	3045	1902	464	425	1042	702	4062	949	3319	672	632	957	1247	769	1676	532	529	2960	456	1234	3580	90	2058	2529	3134	3374	817	3788	507	2938	1440	806	2981	1650	318	3281	1407	2662	3160	1144	2125	118	173	2862	2607	2312	3461	410	3950	1430	2871	476	1123	1792	292	2238	1451	995	3182	1175	585
965	1300	308	625	3990	1514	984	1847	2044	3145	4096	371	2135	2467	551	1590	2470	2418	1909	3814	3627	2215	1015	3523	2505	1365	3017	1213	1335	478	109	885	3781	630	3124	824	2323	1886	2456	3722	1361	3253	2584	3849	1246	1207	477	3719	2739	1856	90	778	424	1919	99	1459	2744	515	2957	2675	2052	2074	4094	850	3408	3586	247	3339	2201	2143	606	102	2316	933	3306	2275	2368	764	2815	3835	2129	3268	1027	90	3840	3646	1274	2088	3396	3755	3308
2005	3872	3610	1002	1177	3842	813	392	1330	1479	371	4096	245	766	1313	90	634	2644	445	3545	950	3891	2640	2222	256	2937	3500	2827	3531	313	3556	3726	818	543	3901	2806	3674	2179	3820	3622	2983	1198	3942	1325	516	336	1029	337	3824	1457	3924	1561	1212	3594	3209	1751	3065	266	153	1972	1148	2867	2523	1374	2426	2076	467	2425	637	2578	3605	3479	2276	377	446	1798	399	3099	675	2454	2303	264	379	146	90	1279	1648	163	2420	2544	2610
2705	3953	437	3141	1083	2499	169	772	3512	669	2135	245	4096	618	3429	1637	2552	254	595	2039	261	582	2269	290	3042	3016	692	1596	4088	3632	2181	1774	1963	2319	2491	3519	3363	1226	1804	2142	665	3506	1669	484	2116	1779	2967	3626	2022	1809	930	3346	438	3884	1462	226	2659	3123	2415	103	2092	3158	579	1654	3662	1995	3202	2643	3656	3224	3686	2294	4054	90	1445	2244	1628	280	2804	1418	1239	3911	1156	2772	946	2429	1206	90	3554	905	1845
3456	338	2982	1949	2070	739	2794	3541	3791	2016	2467	766	618	4096	3982	1025	1941	1888	2943	2111	3916	2105	2788	2198	1294	3542	343	3297	1146	3105	2080	1018	4073	238	1754	400	1818	3899	3977	3583	1346	2149	2190	2501	746	2242	1005	1991	2120	2159	299	220	474	2891	1956	2254	1881	3907	3711	1896	1573	684	1576	1537	3376	1519	151	3544	1683	3825	2049	90	827	1699	1611	2743	2778	4089	4040	90	1205	1572	1632	2204	1145	430	2665	2698	1593	2351	1624
1778	4010	1734	2694	1334	879	3851	3831	1331	2535	551	1313	3429	3982	4096	2386	3502	1124	1755	3344	2613	3727	2408	1559	1487	854	3491	363	375	1599	3589	307	1623	1425	2180	873	540	2809	2453	2307	2313	1869	588	3910	2553	116	644	90	3687	3450	488	3623	2449	207	3887	3558	3767	3608	2719	1215	1708	3411	3329	3637	3681	3906	627	1078	613	2061	2394	2714	2707	1556	3671	162	1796	3765	2073	2952	756	514	2854	2145	1291	1565	880	2262	323	3428	2655
1675	655	1199	3103	1758	2114	2511	2450	2715	953	1590	90	1637	1025	2386	4096	1610	2090	2196	2464	2404	3615	2923	3889	229	4079	2830	493	2935	3944	1727	1069	3983	736	455	90	3838	90	2210	586	3334	3239	801	3684	3947	2045	4030	3047	2798	90	3642	3080	3863	3588	1229	1932	1569	3324	2928	870	132	3810	1231	349	853	636	1380	3210	2037	2678	2603	1270	3061	1688	1756	1486	695	2432	2835	1701	1104	2186	1863	3538	4049	2681	1468	412	1621	1074	3918
719	1921	3311	4057	1149	2563	808	1252	2357	3425	2470	634	2552	1941	3502	1610	4096	1812	3794	954	919	2621	1998	1161	2020	223	3187	2352	3636	934	791	90	646	3498	3993	1377	2631	3816	1191	161	737	90	3435	3921	3240	1345	966	755	3379	2646	2925	1574	2706	1746	4077	1668	1707	1592	2844	2731	281	3685	2458	945	1169	1980	2434	1505	2372	2041	3075	947	709	330	2633	2288	651	1500	2770	2327	218	2331	90	250	694	90	1817	2134	2557	2895	3285
980	3943	1540	1557	4019	3967	2043	1032	462	2823	2418	2644	254	1888	1124	2090	1812	4096	2509	90	2632	3020	2151	3043	90	2886	90	3731	1072	2377	3351	2630	3668	2542	1697	510	1958	1677	1396	2487	179	3707	2591	861	3226	2348	3882	3818	434	433	106	1176	3852	916	542	773	4083	1667	1690	2216	2424	202	441	761	720	1273	4048	124	1262	1806	2284	1280	3550	1862	1763	3813	2124	937	574	989	1398	3140	956	2669	1634	1702	1722	491	939	918	504
257	3022	3628	4014	2493	825	1602	1815	1233	3107	1909	445	595	2943	1755	2196	3794	2509	4096	2099	3774	1444	1139	3809	3072	1674	90	3905	531	123	2148	2718	2286	2071	1081	3613	4007	2958	1320	1333	3342	2379	1764	2291	3804	3471	1878	629	1837	1748	1633	3844	3381	1084	781	1665	2773	418	2031	3783	3756	1523	2624	472	1039	1201	2732	1408	3798	628	2141	657	3843	366	3383	1659	1501	915	499	1564	3866	265	2869	1465	1721	365	620	3528	804	2309	1264
1327	1028	527	1681	1964	1831	3387	3378	1570	3997	3814	3545	2039	2111	3344	2464	954	90	2099	4096	572	1821	1961	156	3510	3489	844	1549	260	3332	170	3410	157	1281	3370	1269	3677	2626	573	1067	1861	3914	3169	482	1192	742	1879	724	1563	1682	458	2197	3147	1132	2758	3565	3222	2162	3879	348	2606	1883	3208	2300	3077	2600	1415	2507	1943	1285	2281	90	1159	1033	3881	3856	3067	2568	3730	3063	2920	1825	1922	1366	3243	616	269	1820	3995	1417	3422
3549	3191	3563	3853	2027	3198	2734	2696	1598	936	3627	950	261	3916	2613	2404	919	2632	3774	572	4096	1364	2399	3850	1228	1857	1126	1087	1338	2902	1503	2687	2250	2131	2023	3682	1766	449	2317	2267	274	3980	2203	2533	1629	2969	201	2701	235	3085	1982	270	2597	1934	1875	1173	90	302	1617	2494	2588	2668	2108	1223	2839	2106	2784	814	3598	358	2629	3196	90	1472	2438	2304	1526	3553	1439	2440	2733	2248	3263	3036	1098	732	3031	2168	2393	2051	3776
747	2683	3225	1322	2964	1855	3902	1208	3211	1384	2215	3891	582	2105	3727	3615	2621	3020	1444	1821	1364	4096	797	4038	3000	3433	3513	3599	1740	442	3148	858	2270	3348	2685	3302	815	648	243	1481	239	385	2297	2101	1011	2504	1017	2582	3552	2872	4064	2358	3382	3970	908	973	325	2066	3721	3505	1424	3023	1905	3391	364	2549	1138	2936	1520	610	1194	904	2984	2172	1945	3650	789	2344	90	855	3874	1071	1579	1543	2205	2820	1434	3959	3337	1420	1095
994	2354	1827	1742	3987	1323	589	3010	3094	1043	1015	2640	2269	2788	2408	2923	1998	2151	1139	1961	2399	797	4096	3113	2897	2757	3244	2808	3375	2290	1765	3768	3104	3172	3390	2620	2555	3352	1356	354	4044	2024	2761	969	2691	1977	3785	1531	3937	1714	3562	90	1693	650	2723	3130	1895	2663	1897	1167	1493	3309	3631	3195	554	2211	2069	696	1860	2463	2909	2941	1107	2889	3213	3619	526	1773	361	3364	1442	2335	1635	2035	2185	521	2385	2472	1736	3986	758
2762	2195	3230	670	3763	713	2431	334	893	866	3523	2222	290	2198	1559	3889	1161	3043	3809	156	3850	4038	3113	4096	1422	1516	1372	3801	3861	2188	3772	3877	711	611	2722	513	1529	2894	1924	3432	275	3641	1795	538	2133	2263	1160	1359	3463	420	90	3442	2083	2430	3900	2927	342	2483	4092	1075	3012	255	740	2934	753	3689	3871	3129	3661	1382	2388	3708	3958	3537	4082	3928	2277	1354	395	1182	1541	1560	3464	2126	2498	617	3086	3304	1165	3475	2987
1737	1463	2085	2184	2975	2968	2166	2097	1390	638	2505	256	3042	1294	1487	229	2020	90	3072	3510	1228	3000	2897	1422	4096	714	2519	2850	2976	1606	2948	3673	1055	2720	3437	591	253	1119	94	1178	841	214	884	1006	1321	451	774	90	1568	788	90	1113	1959	1309	1243	2123	155	970	1114	1639	958	3492	2038	3373	859	3212	924	997	2611	1588	436	1612	1930	3165	889	295	2315	1473	2737	4005	1299	1232	2260	3216	749	2165	2536	2218	3488	473	722
1360	3447	3060	2227	4043	3848	3581	874	3069	3487	1365	2937	3016	3542	854	4079	223	2886	1674	3489	1857	3433	2757	1516	714	4096	881	673	1567	4004	830	2554	1976	1925	3091	1048	1587	3046	967	90	389	775	199	2068	988	3284	165	906	2246	2326	1249	444	3571	2040	4067	3821	849	3206	2011	3815	2103	539	2592	2755	964	1989	972	2586	2157	1111	1070	1301	3033	288	3892	324	2018	2703	355	3336	3888	2445	3536	835	3693	2883	3266	2796	1030	2819	2826
832	1691	2880	1760	2845	2963	776	138	3694	842	3017	3500	692	343	3491	2830	3187	90	90	844	1126	3513	3244	1372	2519	881	4096	1819	1649	860	2411	2232	3245	417	3934	1128	2565	3197	2847	1450	1336	388	525	2752	233	2383	602	971	3314	4066	3062	1867	2579	1197	3655	541	2813	534	185	398	1261	1387	1851	1179	2479	3501	3734	2015	3812	3757	3439	1428	3504	3936	3315	2446	3320	578	802	3168	1476	2237	3176	2466	3532	2279	3478	2003	843	2402	3496
2019	3539	1853	3436	1413	2852	3457	3365	1209	2293	1213	2827	1596	3297	363	493	2352	3731	3905	1549	1087	3599	2808	3801	2850	673	1819	4096	4027	811	1524	511	2025	402	303	682	577	1715	90	2797	4065	564	922	635	1767	1353	3333	738	3093	1997	505	3761	1224	1725	2751	3725	3854	920	662	2405	108	935	2171	3173	759	1306	809	1584	2782	871	217	2516	1811	3299	1110	3163	1987	1527	793	2096	2785	244	2545	3037	2235	3157	90	164	2373	1061	2873
4024	347	2007	2639	1049	816	2474	1807	2433	601	1335	3531	4088	1146	375	2935	3636	1072	531	260	1338	1740	3375	3861	2976	1567	1649	4027	4096	2362	549	3466	309	2518	3156	113	2637	263	2367	90	927	3805	1319	1423	3960	2753	1467	3303	3696	2651	3880	2477	3138	114	3724	1533	384	2999	890	2485	1591	1020	1065	909	1410	1458	2771	112	90	2522	3969	4023	1936	968	3271	787	2528	152	1438	2901	2087	1830	2128	1456	3695	1041	1079	2396	2000	90	1511
1622	566	3893	624	1656	533	2649	241	1416	767	478	313	3632	3105	1599	3944	934	2377	123	3332	2902	442	2290	2188	1606	4004	860	811	2362	4096	2821	3972	3404	346	1129	652	1362	3896	883	1775	3912	1292	1016	1662	1297	3534	727	2878	2645	1842	212	2601	1286	115	4020	3939	1211	1836	3223	2745	1137	690	3775	314	2885	1739	2231	3859	3741	3307	2421	2970	1393	1136	144	1106	443	1625	3400	145	805	864	2439	3007	633	1789	90	1010	141	2369	3606
1392	698	304	715	3611	1427	296	2704	311	3045	109	3556	2181	2080	3589	1727	791	3351	2148	170	1503	3148	1765	3772	2948	830	2411	1524	549	2821	4096	639	4034	2638	1217	2095	2156	3090	3426	4032	2017	2721	1492	3119	3867	2728	1744	938	3006	1967	3555	2657	3127	1404	2805	1542	3864	3178	2570	3388	518	1937	1577	2879	2954	2807	2423	90	1854	4036	1317	2028	3527	197	2824	1992	2441	3705	731	3518	3940	3369	3799	469	3885	1068	3968	1695	2877	3242	1419
1562	211	2342	431	2455	4051	230	2875	3493	1902	885	3726	1774	1018	307	1069	90	2630	2718	3410	2687	858	3768	3877	3673	2554	2232	511	3466	3972	639	4096	2236	3575	876	508	2842	3771	1085	1289	2191	663	2118	3773	3406	1720	331	3250	1059	917	974	2241	1127	999	3670	3676	3514	3476	2380	1931	3832	2321	2907	2247	2298	1253	2021	593	329	2628	699	353	2189	4086	1515	4037	2428	3421	4006	1512	427	423	293	2062	3081	1882	90	982	174	133	262
498	3419	2375	1477	512	828	3153	1566	306	464	3781	818	1963	4073	1623	3983	646	3668	2286	157	2250	2270	3104	711	1055	1976	3245	2025	309	3404	4034	2236	4096	2170	1412	1680	2864	90	186	1142	2666	1983	3703	1248	2614	2914	3265	475	1092	1960	3064	3186	1389	792	3548	877	3361	2689	3557	3600	1753	2469	3350	2881	2098	2695	3520	1728	3828	376	3917	494	1283	4058	523	1077	2406	4003	2257	3359	3729	839	3280	3393	1645	3131	3038	3578	1781	3231	2841
90	1166	2674	368	1684	1026	127	1808	1210	425	630	543	2319	238	1425	736	3498	2542	2071	1281	2131	3348	3172	611	2720	1925	417	402	2518	346	2638	3575	2170	4096	1400	2971	3040	744	1507	1063	1494	4070	4087	1973	2365	1036	3645	465	2447	2158	757	3546	1933	3295	1799	481	1483	2457	1237	3908	1954	3024	2670	2502	1347	1986	2448	3485	799	90	1058	193	1196	1344	631	3800	2690	1939	2661	1601	1035	2264	3199	1907	4078	1236	2851	3507	3883	3155	614
90	1491	678	654	3185	733	405	2305	90	1042	3124	3901	2491	1754	2180	455	3993	1697	1081	3370	2023	2685	3390	2722	3437	3091	3934	303	3156	1129	1217	876	1412	1400	4096	3976	168	1970	981	3573	779	3932	3949	796	1097	1965	3149	3233	3409	409	1513	2560	2853	271	2977	553	1679	1263	3181	921	2786	111	3789	422	763	2572	3189	2366	987	378	228	1050	3585	3503	3860	184	2672	3151	1271	2972	3966	3058	3945	3697	1741	2240	2194	2224	2581	3780	176
1256	298	3795	3059	3483	2676	2353	1906	568	702	824	2806	3519	400	873	90	1377	510	3613	1269	3682	3302	2620	513	591	1048	1128	682	113	652	2095	508	1680	2971	3976	4096	3482	3050	3341	2121	3994	594	3079	360	1761	643	2908	979	896	2053	2848	3440	2576	2079	1530	2921	370	2903	428	2258	1768	3582	4060	3446	3579	592	2910	2081	3629	903	1838	2410	3097	1086	823	362	2710	1003	1117	421	3952	3833	1670	2343	2346	3254	2575	3234	2763	506	2492
3162	3150	3762	3829	3377	1094	1910	2042	90	4062	2323	3674	3363	1818	540	3838	2631	1958	4007	3677	1766	815	2555	1529	253	1587	2565	577	2637	1362	2156	2842	2864	3040	168	3482	4096	1595	3609	98	90	2363	785	1580	583	3115	1901	1711	2207	3076	3469	2072	3704	359	3360	1522	1490	350	647	1484	2992	2764	2152	2635	2517	470	1938	1316	1284	1187	2371	2594	3154	986	154	2980	3366	1193	1643	2273	3192	3807	1383	2905	3427	3525	820	1461	3584	1185	712
2539	728	1391	3430	2102	1150	1401	3078	1260	949	1886	2179	1226	3899	2809	90	3816	1677	2958	2626	449	648	3352	2894	1119	3046	3197	1715	263	3896	3090	3771	90	744	1970	3050	1595	4096	3978	1787	819	166	3136	562	3624	110	1923	2442	3486	3701	3445	1200	129	598	1369	2595	149	3561	780	305	2484	2896	1705	3653	524	3056	4059	2220	1386	500	3633	1671	1001	1793	863	4013	3777	845	147	2547	2726	2609	1834	2623	3572	3931	3733	1555	1833	681	2654
1582	3011	2034	2266	3321	3448	463	2711	3459	3319	2456	3820	1804	3977	2453	2210	1191	1396	1320	573	2317	243	1356	1924	94	967	2847	90	2367	883	3426	1085	186	1507	981	3341	3609	3978	4096	750	3402	2271	1757	959	821	2930	426	2468	387	3283	1047	294	667	1678	912	90	978	3495	2634	2774	1769	576	1109	3313	2530	547	552	2144	1508	1726	1433	3830	1443	1692	3287	829	3203	600	4016	3957	2919	1044	985	1007	710	2546	447	1100	770	2650	2419
2918	3330	1802	1339	2107	192	2996	4071	798	672	3722	3622	2142	3583	2307	586	161	2487	1333	1067	2267	1481	354	3432	1178	90	1450	2797	90	1775	4032	1289	1142	1063	3573	2121	98	1787	750	4096	2760	2330	2697	3919	310	3712	134	605	1718	3903	3368	3720	2223	1019	558	2789	3420	3438	391	1355	137	3992	2278	1661	1581	2961	3524	1498	2569	357	2791	3468	3644	381	231	448	4085	2944	2174	344	1112	3317	2534	2997	1914	1788	1480	1367	1904	2727	546
3640	1666	90	222	615	406	1116	237	2942	632	1361	2983	665	1346	2313	3334	737	179	3342	1861	274	239	4044	275	841	389	1336	4065	927	3912	2017	2191	2666	1494	779	3994	90	819	3402	2760	4096	3262	2245	3683	822	2857	565	2334	4025	2858	252	1373	2709	2228	2182	3110	2513	2790	2311	3559	2653	1154	2768	2033	3516	181	2154	3398	743	3074	3920	1466	1724	121	90	383	3603	3354	2301	3480	150	1884	1988	142	205	1703	537	2832	2825	2314	1057
856	1903	3738	1381	1794	457	2746	3667	2540	957	3253	1198	3506	2149	1869	3239	90	3707	2379	3914	3980	385	2024	3641	214	775	388	564	3805	1292	2721	663	1983	4070	3932	594	2363	166	2271	2330	3262	4096	3122	3121	1062	2538	688	454	3752	3985	530	1600	2059	2777	3340	3357	2268	3132	3278	2986	561	2656	3989	215	831	2064	3071	2765	1031	2292	703	2965	1750	2793	3220	1158	3126	182	479	679	143	3232	3530	1797	3909	888	1942	2818	2955	2412	1368
3292	224	2870	3207	3120	1329	1278	998	3013	1247	2584	3942	1669	2190	588	801	3435	2591	1764	3169	2203	2297	2761	1795	884	199	525	922	1319	1016	1492	2118	3703	4087	3949	3079	785	3136	1757	2697	2245	3122	4096	282	3621	1510	90	882	1502	1630	1985	1948	2962	2860	2780	1866	1202	932	1474	1552	2407	570	2283	3355	90	3328	2337	3797	2566	1575	2324	3846	3651	198	259	3372	3274	2985	2951	560	645	2289	1553	2480	3700	2747	1844	3291	3235	3027	3658
3664	996	794	2893	90	3672	2738	3535	287	769	3849	1325	484	2501	3910	3684	3921	861	2291	482	2533	2101	969	538	1006	2068	2752	635	1423	1662	3119	3773	1248	1973	796	360	1580	562	959	3919	3683	3121	282	4096	283	2882	2001	1307	2991	2206	3051	2817	4031	1268	751	352	1780	3256	3053	2310	590	2660	2350	460	2596	3356	838	2801	685	929	2077	3399	107	1694	3035	2521	1521	555	3715	1984	3109	2803	2065	1550	1189	2119	3021	2233	2974	3748	723
1034	2243	1324	2259	2212	90	4055	3205	2924	1676	1246	516	2116	746	2553	3947	3240	3226	3804	1192	1629	1011	2691	2133	1321	988	233	1767	3960	1297	3867	3406	2614	2365	1097	1761	583	3624	821	310	822	1062	3621	283	4096	1525	1805	2147	3974	276	2900	659	3049	1435	1245	3039	341	3474	1509	1131	2462	2828	4084	90	1009	328	416	1122	3417	2915	3956	251	2167	1717	544	782	3054	2742	2009	2130	2647	1615	2208	3895	3543	2932	1786	289	2164	3963	3246
2990	194	3481	2435	90	496	1638	1759	3264	532	1207	336	1779	2242	116	2045	1345	2348	3471	742	2969	2504	1977	2263	451	3284	2383	1353	2753	3534	2728	1720	2914	1036	1965	643	3115	110	2930	3712	2857	2538	1510	2882	1525	4096	1040	2056	2641	2995	2585	485	2838	1609	913	3922	3407	3998	1250	2947	1429	2436	1528	200	1846	1653	891	1101	3462	3190	2779	1713	1899	3620	3894	3649	2048	390	2811	1865	1685	2618	2859	90	3522	139	278	563	273	726	3322
3164	2347	3289	1288	2861	3106	2627	3001	2616	529	477	1029	2967	1005	644	4030	966	3882	1878	1879	201	1017	3785	1160	774	165	602	3333	1467	727	1744	331	3265	3645	3149	2908	1901	1923	426	134	565	688	90	2001	1805	1040	4096	3749	1453	2091	3453	3521	3005	931	2515	2452	3418	3019	2029	1605	4021	1105	2177	1504	2836	2931	1828	3710	548	1539	3803	1090	3822	188	878	894	3962	671	2525	1258	3714	3101	2769	104	90	1791	2917	3095	1163	3508	2437
2163	1893	3873	2476	1012	2598	3793	3817	1414	2960	3719	337	3626	1991	90	3047	755	3818	629	724	2701	2582	1531	1359	90	906	971	738	3303	2878	938	3250	475	465	3233	979	1711	2442	2468	605	2334	454	882	1307	2147	2056	3749	4096	3875	2795	2082	1363	3984	1332	3117	3926	1813	1311	1745	3405	2255	3267	3252	2390	3597	1826	3018	1024	1816	268	1235	1700	840	4052	1411	1532	3659	2713	2256	3819	3796	3029	1023	2652	3991	3927	122	2032	2503	942	3698
4056	3026	952	2416	3009	4001	1613	397	2488	456	2739	3824	2022	2120	3687	2798	3379	434	1837	1563	235	3552	3937	3463	1568	2246	3314	3093	3696	2645	3006	1059	1092	2447	3409	896	2207	3486	387	1718	4025	3752	1502	2991	3974	2641	1453	3875	4096	2699	135	2012	351	1801	1099	2160	3784	1478	3177	1349	3343	1314	1709	2904	1497	902	285	2482	1152	1762	404	90	951	3935	1814	689	3353	2531	3003	597	3732	1689	1358	2287	3395	2574	1388	2413	2338	1454	1747
1254	2349	1180	907	183	3249	1873	1164	3787	1234	1856	1457	1809	2159	3450	90	2646	433	1748	1682	3085	2872	1714	420	788	2326	4066	1997	2651	1842	1967	917	1960	2158	409	2053	3076	3701	3283	3903	2858	3985	1630	2206	276	2995	2091	2795	2699	4096	2475	944	148	1488	1402	3261	528	1021	97	190	1225	90	3790	3349	3568	2866	3634	3517	3595	2863	1716	708	4033	3728	3745	2834	734	3458	2075	3412	2998	3477	1920	963	1918	3143	1080	1385	3965	990	3367
2959	3073	587	225	3865	1968	3869	1926	2956	3580	90	3924	930	299	488	3642	2925	106	1633	458	1982	4064	3562	90	90	1249	3062	505	3880	212	3555	974	3064	757	1513	2848	3469	3445	1047	3368	252	530	1985	3051	2900	2585	3453	2082	135	2475	4096	2868	1698	1242	1302	219	955	2356	3100	1375	795	1752	2800	3441	3241	2329	1770	3460	3159	3414	3204	2642	3137	415	1120	1545	2577	3961	480	1672	2104	4076	1406	2749	2340	439	1935	584	3472	327	2046
1220	4080	3490	2109	3403	3764	1916	1448	754	90	778	1561	3346	220	3623	3080	1574	1176	3844	2197	270	2358	90	3442	1113	444	1867	3761	2477	2601	2657	2241	3186	3546	2560	3440	2072	1200	294	3720	1373	1600	1948	2817	659	485	3521	1363	2012	944	2868	4096	320	3754	1449	2370	3116	3955	2345	3296	1351	1352	1341	1096	536	2888	2978	3014	1710	326	2658	741	3654	333	2887	803	3358	92	301	812	910	2537	2735	3590	3286	3996	2192	90	3971	2966	3691
1397	1184	3318	3587	1151	760	1583	2561	2994	2058	424	1212	438	474	2449	3863	2706	3852	3381	3147	2597	3382	1693	2083	1959	3571	2579	1224	3138	1286	3127	1127	1389	1933	2853	2576	3704	129	667	2223	2709	2059	2962	4031	3049	2838	3005	3984	351	148	1698	320	4096	1915	3434	2926	2541	1994	2451	2306	2067	2950	1571	2339	2084	1732	2127	3002	1790	569	641	1885	317	1874	2252	2916	158	3397	1089	2855	3277	2341	90	3690	1255	2299	3200	1008	3300	2615	3316
2202	701	2030	1135	4035	2524	382	704	2776	2529	1919	3594	3884	2891	207	3588	1746	916	1084	1132	1934	3970	650	2430	1309	2040	1197	1725	114	115	1404	999	792	3295	271	2079	359	598	1678	1019	2228	2777	2860	1268	1435	1609	931	1332	1801	1488	1242	3754	1915	4096	396	3180	1858	1240	1723	1076	3643	892	649	3808	372	160	3144	3152	90	721	2391	1318	136	1409	1631	2332	1295	914	697	847	497	3102	1996	1848	3946	735	1777	2506	3214	887	2550
1913	3326	2682	3526	2296	3030	90	807	2619	3134	99	3209	1462	1956	3887	1229	4077	542	781	2758	1875	908	2723	3900	1243	4067	3655	2751	3724	4020	2805	3670	3548	1799	2977	1530	3360	1369	912	558	2182	3340	2780	751	1245	913	2515	3117	1099	1402	1302	1449	3434	396	4096	960	2520	1241	3068	3878	3259	3890	258	3602	674	2002	1589	3270	2648	556	3669	868	90	3310	1426	2741	2750	2514	2376	1162	3802	545	3034	1214	1551	3088	3675	3345	3657	3577	983
2608	1482	3847	3455	3221	2444	492	3219	3228	3374	1459	1751	226	2254	3558	1932	1668	773	1665	3565	1173	973	3130	2927	2123	3821	541	3725	1533	3939	1542	3676	877	481	553	2921	1522	2595	90	2789	3110	3357	1866	352	3039	3922	2452	3926	2160	3261	219	2370	2926	3180	960	4096	2403	943	3913	3779	3092	468	2374	3111	1558	1000	1303	962	2333	3096	4017	502	2122	1195	834	571	1230	898	2473	2622	2401	2602	607	3201	2274	3248	1730	2692	1962	96	1843
2548	3269	567	1037	826	1548	2890	373	1604	817	2744	3065	2659	1881	3767	1569	1707	4083	2773	3222	90	325	1895	342	155	849	2813	3854	384	1211	3864	3514	3361	1483	1679	370	1490	149	978	3420	2513	2268	1202	1780	341	3407	3418	1813	3784	528	955	3116	2541	1858	2520	2403	4096	1776	1452	1636	3648	340	4047	461	693	1371	777	1687	2558	367	2308	3146	1859	2078	2973	3769	1824	1655	90	1171	3133	4008	2140	3139	3717	1772	1840	2781	2708	3087	2302
90	3338	2686	2988	1340	2153	279	1607	91	3788	515	266	3123	3907	3608	3324	1592	1667	418	2162	302	2066	2663	2483	970	3206	534	920	2999	1836	3178	3476	2689	2457	1263	2903	350	3561	3495	3438	2790	3132	932	3256	3474	3998	3019	1311	1478	1021	2356	3955	1994	1240	1241	943	1776	4096	2500	2593	2115	3547	2397	1141	3751	3929	1108	3999	3415	680	284	621	1216	1296	1620	1927	1928	1673	90	3386	90	3868	394	3750	1046	3925	3576	3312	872	1912	1265
2792	2183	1646	3052	3112	2564	2113	2178	1686	507	2957	153	2415	3711	2719	2928	2844	1690	2031	3879	1617	3721	1897	4092	1114	2011	185	662	890	3223	2570	2380	3557	1237	3181	428	647	780	2634	391	2311	3278	1474	3053	1509	1250	2029	1745	3177	97	3100	2345	2451	1723	3068	3913	1452	2500	4096	2799	3930	1051	2489	227	209	3858	90	2320	865	3041	2874	120	1957	730	2225	1172	1614	2756	1403	1911	790	886	1738	1066	3736	1310	90	356	1312	2526	3688
236	977	2004	2150	1471	419	1652	3272	1014	2938	2675	1972	103	1896	1215	870	2731	2216	3783	348	2494	3505	1167	1075	1639	3815	398	2405	2485	2745	3388	1931	3600	3908	921	2258	1484	305	2774	1355	3559	2986	1552	2310	1131	2947	1605	3405	1349	190	1375	3296	2306	1076	3878	3779	1636	2593	2799	4096	2567	4050	623	2136	3218	1259	3183	2486	3652	2599	3870	3635	1282	125	580	471	2459	3975	2378	2138	3836	2725	748	1115	1060	90	1125	246	3551	100	2946
1704	2856	901	2355	3008	3702	686	2929	90	1440	2052	1148	2092	1573	1708	132	281	2424	3756	2606	2588	1424	1493	3012	958	2103	1261	108	1591	1137	518	3832	1753	1954	2786	1768	2992	2484	1769	137	2653	561	2407	590	2462	1429	4021	2255	3343	1225	795	1351	2067	3643	3259	3092	3648	2115	3930	2567	4096	3335	3473	1174	1647	407	622	1348	1900	1054	3247	676	1293	2724	1979	3443	393	1823	374	2884	2047	2543	604	3617	4029	2175	2617	2716	1850	1908	3028
2265	1950	2100	1499	3048	1485	3142	2754	535	806	2074	2867	3158	684	3411	3810	3685	202	1523	1883	2668	3023	3309	255	3492	539	1387	935	1020	690	1937	2321	2469	3024	111	3582	2764	2896	576	3992	1154	2656	570	2660	2828	2436	1105	3267	1314	90	1752	1352	2950	892	3890	468	340	3547	1051	4050	3335	4096	3194	1663	867	810	1337	3236	101	3827	1343	2899	167	1627	2512	1771	948	1266	3876	1940	1093	925	2767	2427	1350	2497	2490	2911	4002	687	3964
783	1183	2173	3193	3449	1181	487	1308	1004	2981	4094	2523	579	1576	3329	1231	2458	441	2624	3208	2108	1905	3631	740	2038	2592	1851	2171	1065	3775	1577	2907	3350	2670	3789	4060	2152	1705	1109	2278	2768	3989	2283	2350	4084	1528	2177	3252	1709	3790	2800	1341	1571	649	258	2374	4047	2397	2489	623	3473	3194	4096	784	4074	1470	450	897	2110	3699	2234	90	3431	4090	466	1170	315	2481	3217	1186	848	706	3604	2006	2361	2556	2671	3723	411	3114	1190
3294	608	401	3305	762	3760	1517	1657	2939	1650	850	1374	1654	1537	3637	349	945	761	472	2300	1223	3391	3195	2934	3373	2755	1179	3173	909	314	2879	2247	2881	2502	422	3446	2635	3653	3313	1661	2033	215	3355	460	90	200	1504	2390	2904	3349	3441	1096	2339	3808	3602	3111	461	1141	227	2136	1174	1663	784	4096	612	2865	596	2702	3255	2816	1053	140	1712	1460	2414	1733	3167	240	1852	619	2949	581	2036	991	3025	128	4069	1664	862	1064	322
2573	1376	677	3301	1729	3792	3392	3258	3933	318	3408	2426	3662	3376	3681	853	1169	720	1039	3077	2839	364	554	753	859	964	2479	759	1410	2885	2954	2298	2098	1347	763	3579	2517	524	2530	1581	3516	831	90	2596	1009	1846	2836	3597	1497	3568	3241	536	2084	372	674	1558	693	3751	209	3218	1647	867	4074	612	4096	3188	4046	429	90	267	4072	3015	117	4061	3394	664	941	2496	718	3923	2759	3898	2026	2829	975	3897	1877	3886	210	1143	2093
1536	3540	503	2766	2730	1203	408	1658	1868	3281	3586	2076	1995	1519	3906	636	1980	1273	1201	2600	2106	2549	2211	3689	3212	1989	3501	1306	1458	1739	2807	1253	2695	1986	2572	592	470	3056	547	2961	181	2064	3328	3356	328	1653	2931	1826	902	2866	2329	2888	1732	160	2002	1000	1371	3929	3858	1259	407	810	1470	2865	3188	4096	2272	414	453	3444	234	3616	2387	2876	1056	3389	221	1328	3601	1829	3494	403	683	90	2679	3257	1696	1399	3744	3331	1495
3666	1315	3742	3569	1342	1544	509	3647	2384	1407	247	467	3202	151	627	1380	2434	4048	2732	1415	2784	1138	2069	3871	924	972	3734	809	2771	2231	2423	2021	3520	2448	3189	2910	1938	4059	552	3524	2154	3071	2337	838	416	891	1828	3018	285	3634	1770	2978	2127	3144	1589	1303	777	1108	90	3183	622	1337	450	596	4046	2272	4096	3032	4041	1405	1257	1052	1298	1168	1290	3125	752	3327	2605	3678	2146	452	1890	660	846	2508	2137	3560	195	2664	661
3371	2221	3739	3592	177	3108	1946	172	1640	2662	3339	2425	2643	3544	1078	3210	1505	124	1408	2507	814	2936	696	3129	997	2586	2015	1584	112	3859	90	593	1728	3485	2366	2081	1316	2220	2144	1498	3398	2765	3797	2801	1122	1101	3710	1024	2482	3517	3460	3014	3002	3152	3270	962	1687	3999	2320	2486	1348	3236	897	2702	429	414	3032	4096	3973	3004	180	1134	105	2251	1619	189	3452	4022	90	852	3988	3282	3174	3811	1133	1267	3716	1222	459	3325	2089
2226	90	656	3128	3170	2013	2478	768	2086	3160	2201	637	3656	1683	613	2037	2372	1262	3798	1943	3598	1520	1860	3661	2611	2157	3812	2782	90	3741	1854	329	3828	799	987	3629	1284	1386	1508	2569	743	1031	2566	685	3417	3462	548	1816	1152	3595	3159	1710	1790	90	2648	2333	2558	3415	865	3652	1900	101	2110	3255	90	453	4041	3973	4096	2360	729	1547	1121	2381	2945	1642	4011	3323	369	1221	2527	3070	1981	3740	3747	3118	3290	3499	1244	1304	178
3612	2060	626	1038	3567	3718	716	3570	1785	1144	2143	2578	3224	3825	2061	2678	2041	1806	628	1285	358	610	2463	1382	1588	1111	3757	871	2522	3307	4036	2628	376	90	378	903	1187	500	1726	357	3074	2292	1575	929	2915	3190	1539	268	1762	2863	3414	326	569	721	556	3096	367	680	3041	2599	1054	3827	3699	2816	267	3444	1405	3004	2360	4096	557	1431	2636	2253	2736	869	1102	1188	1103	2400	707	187	3161	380	1088	1436	1446	1238	2322	1887	335
1421	3593	204	316	90	1275	1735	520	1534	2125	606	3605	3686	2049	2394	2603	3075	2284	2141	2281	2629	1194	2909	2388	436	1070	3439	217	3969	2421	1317	699	3917	1058	228	1838	2371	3633	1433	2791	3920	703	2324	2077	3956	2779	3803	1235	404	1716	3204	2658	641	2391	3669	4017	2308	284	2874	3870	3247	1343	2234	1053	4072	234	1257	180	729	557	4096	3845	3806	2912	3660	1783	2693	895	765	2989	992	2155	786	339	2230	413	2280	3786	1276	2282	1277
2712	1597	277	2229	1849	272	3782	1978	2700	118	102	3479	2294	90	2714	1270	947	1280	657	90	3196	904	2941	3708	1612	1301	1428	2516	4023	2970	2028	353	494	193	1050	2410	2594	1671	3830	3468	1466	2965	3846	3399	251	1713	1090	1700	90	708	2642	741	1885	1318	868	502	3146	621	120	3635	676	2899	90	140	3015	3616	1052	1134	1547	1431	3845	4096	1082	1554	3753	2392	1219	3759	3385	2187	3384	2193	2993	3084	242	3529	2604	1864	2822	1535	1118
489	642	93	1969	90	658	2213	1784	490	173	2316	2276	4054	827	2707	3061	709	3550	3843	1159	90	2984	1107	3958	1930	3033	3504	1811	1936	1393	3527	2189	1283	1196	3585	3097	3154	1001	1443	3644	1724	1750	3651	107	2167	1899	3822	840	951	4033	3137	3654	317	136	90	2122	1859	1216	1957	1282	1293	167	3431	1712	117	2387	1298	105	1121	2636	3806	1082	4096	495	745	90	2775	213	3841	1153	2318	3706	1022	1608	1870	3293	3625	857	3737	2551	2814
550	2359	3638	3135	232	1953	875	2217	3275	2862	933	377	90	1699	1556	1688	330	1862	366	1033	1472	2172	2889	3537	3165	288	3936	3299	968	1136	197	4086	4058	1344	3503	1086	986	1793	1692	381	121	2793	198	1694	1717	3620	188	4052	3935	3728	415	333	1874	1409	3310	1195	2078	1296	730	125	2724	1627	4090	1460	4061	2876	1168	2251	2381	2253	2912	1554	495	4096	1872	3778	1891	90	911	286	1898	2336	3098	2422	1660	4063	4081	899	3679	126	2261
3941	1894	517	3276	3709	1955	2325	1871	203	2607	3306	446	1445	1611	3671	1756	2633	1763	3383	3881	2438	1945	3213	4082	889	3892	3315	1110	3271	144	2824	1515	523	631	3860	823	154	863	3287	231	90	3220	259	3035	544	3894	878	1411	1814	3745	1120	2887	2252	1631	1426	834	2973	1620	2225	580	1979	2512	466	2414	3394	1056	1290	1619	2945	2736	3660	3753	745	1872	4096	3981	3533	1578	435	3465	2112	1993	2740	2398	2748	3470	1889	3044	3175	2729	1455
1287	1917	1810	2010	2849	4026	1326	3362	1378	2312	2275	1798	2244	2743	162	1486	2288	3813	1659	3856	2304	3650	3619	3928	295	324	2446	3163	787	1106	1992	4037	1077	3800	184	362	2980	4013	829	448	383	1158	3372	2521	782	3649	894	1532	689	2834	1545	803	2916	2332	2741	571	3769	1927	1172	471	3443	1771	1170	1733	664	3389	3125	189	1642	869	1783	2392	90	3778	3981	4096	90	923	3454	3948	1586	1803	216	119	2008	3451	3713	851	3166	3758	3663
1155	1379	2906	3566	3692	90	4095	386	2953	3461	2368	399	1628	2778	1796	695	651	2124	1501	3067	1526	789	526	2277	2315	2018	3320	1987	2528	443	2441	2428	2406	2690	2672	2710	3366	3777	3203	4085	3603	3126	3274	1521	3054	2048	3962	3659	3353	734	2577	3358	158	1295	2750	1230	1824	1928	1614	2459	393	948	315	3167	941	221	752	3452	4011	1102	2693	1219	2775	1891	3533	90	4096	2199	3273	559	2461	1603	3607	1538	3288	2176	4053	3401	3826	2677	1644
4068	666	1518	800	332	4045	1506	1626	2810	410	764	3099	280	4089	3765	2432	1500	937	915	2568	3553	2344	1773	1354	1473	2703	578	1527	152	1625	3705	3421	4003	1939	3151	1003	1193	845	600	2944	3354	182	2985	555	2742	390	671	2713	2531	3458	3961	92	3397	914	2514	898	1655	1673	2756	3975	1823	1266	2481	240	2496	1328	3327	4022	3323	1188	895	3759	213	90	1578	923	2199	4096	1876	3591	3238	2249	3083	2460	2409	976	4018	3184	2139	2214	90
321	575	1218	1013	1464	2054	900	3515	3416	3950	2815	675	2804	4040	2073	2835	2770	574	499	3730	1439	90	361	395	2737	355	802	793	1438	3400	731	4006	2257	2661	1271	1117	1643	147	4016	2174	2301	479	2951	3715	2009	2811	2525	2256	3003	2075	480	301	1089	697	2376	2473	90	90	1403	2378	374	3876	3217	1852	718	3601	2605	90	369	1103	765	3385	3841	911	435	3454	3273	1876	4096	1045	1971	1618	3484	1947	3746	3680	2717	345	171	1489	2532
4012	3215	519	1719	3511	2812	1743	2940	2831	1430	3835	2454	1418	90	2952	1701	2327	989	1564	3063	2440	855	3364	1182	4005	3336	3168	2096	2901	145	3518	1512	3359	1601	2972	421	2273	2547	3957	344	3480	679	560	1984	2130	1865	1258	3819	597	3412	1672	812	2855	847	1162	2622	1171	3386	1911	2138	2884	1940	1186	619	3923	1829	3678	852	1221	2400	2989	2187	1153	286	3465	3948	559	3591	1045	4096	3298	2589	993	1305	1432	609	4093	319	1441	1140	771
2892	691	1147	3766	1594	3237	249	2161	3938	2871	2129	2303	1239	1205	756	1104	218	1398	3866	2920	2733	3874	1442	1541	1299	3888	1476	2785	2087	805	3940	427	3729	1035	3966	3952	3192	2726	2919	1112	150	143	645	3109	2647	1685	3714	3796	3732	2998	2104	910	3277	497	3802	2401	3133	90	790	3836	2047	1093	848	2949	2759	3494	2146	3988	2527	707	992	3384	2318	1898	2112	1586	2461	3238	1971	3298	4096	90	4039	2684	603	312	4028	1130	3179	2117	130
2443	717	2050	2285	3057	2583	3227	3497	653	476	3268	264	3911	1572	514	2186	2331	3140	265	1825	2248	1071	2335	1560	1232	2445	2237	244	1830	864	3369	423	839	2264	3058	3833	3807	2609	1044	3317	1884	3232	2289	2803	1615	2618	3101	3029	1689	3477	4076	2537	2341	3102	545	2602	4008	3868	886	2725	2543	925	706	581	3898	403	452	3282	3070	187	2155	2193	3706	2336	1993	1803	1603	2249	1618	2589	90	4096	2802	2295	2837	440	3665	599	2612	2417	3951
1880	1832	2495	4075	2510	3954	1929	2055	1782	1123	1027	379	1156	1632	2854	1863	90	956	2869	1922	3263	1579	1635	3464	2260	3536	3176	2545	2128	2439	3799	293	3280	3199	3945	1670	1383	1834	985	2534	1988	3530	1553	2065	2208	2859	2769	1023	1358	1920	1406	2735	90	1996	3034	607	2140	394	1738	748	604	2767	3604	2036	2026	683	1890	3174	1981	3161	786	2993	1022	3098	2740	216	3607	3083	3484	993	4039	2802	4096	196	3380	2673	1800	1585	640	3413	3424
2239	3089	3862	1091	1641	248	1496	2132	2382	1792	90	146	2772	2204	2145	3538	250	2669	1465	1366	3036	1543	2035	2126	3216	835	2466	3037	1456	3007	469	2062	3393	1907	3697	2343	2905	2623	1007	2997	142	1797	2480	1550	3895	90	104	2652	2287	963	2749	3590	3690	1848	1214	3201	3139	3750	1066	1115	3617	2427	2006	991	2829	90	660	3811	3740	380	339	3084	1608	2422	2398	119	1538	2460	1947	1305	2684	2295	196	4096	2057	1251	2014	940	3735	1990	2200
705	2571	3574	4015	836	2590	1447	2846	2364	292	3840	90	946	1145	1291	4049	694	1634	1721	3243	1098	2205	2185	2498	749	3693	3532	2235	3695	633	3885	3081	1645	4078	1741	2346	3427	3572	710	1914	205	3909	3700	1189	3543	3522	90	3991	3395	1918	2340	3286	1255	3946	1551	2274	3717	1046	3736	1060	4029	1350	2361	3025	975	2679	846	1133	3747	1088	2230	242	1870	1660	2748	2008	3288	2409	3746	1432	603	2837	3380	2057	4096	1706	1437	2389	2922	2933	3509
206	3743	1839	90	3770	1841	90	2783	668	2238	3646	1279	2429	430	1565	2681	90	1702	365	616	732	2820	521	617	2165	2883	2279	3157	1041	1789	1068	1882	3131	1236	2240	3254	3525	3931	2546	1788	1703	888	2747	2119	2932	139	1791	3927	2574	3143	439	3996	2299	735	3088	3248	1772	3925	1310	90	2175	2497	2556	128	3897	3257	2508	1267	3118	1436	413	3529	3293	4063	3470	3451	2176	976	3680	609	312	440	2673	1251	1706	4096	2209	2913	90	2688	297
3630	3839	2898	2063	3260	1073	3915	837	291	1451	1274	1648	1206	2665	880	1468	1817	1722	620	269	3031	1434	2385	3086	2536	3266	3478	90	1079	90	3968	90	3038	2851	2194	2575	820	3733	447	1480	537	1942	1844	3021	1786	278	2917	122	1388	1080	1935	2192	3200	1777	3675	1730	1840	3576	90	1125	2617	2490	2671	4069	1877	1696	2137	3716	3290	1446	2280	2604	3625	4081	1889	3713	4053	4018	2717	4093	4028	3665	1800	2014	1437	2209	4096	2843	483	90	95
1204	1999	1616	2840	2169	3467	3279	1892	3229	995	2088	163	90	2698	2262	412	2134	491	3528	1820	2168	3959	2472	3304	2218	2796	2003	164	2396	1010	1695	982	3578	3507	2224	3234	1461	1555	1100	1367	2832	2818	3291	2233	289	563	3095	2032	2413	1385	584	90	1008	2506	3345	2692	2781	3312	356	246	2716	2911	3723	1664	3886	1399	3560	1222	3499	1238	3786	1864	857	899	3044	851	3401	3184	345	319	1130	599	1585	940	2389	2913	2843	4096	486	1975	3082
3423	926	2587	3171	3055	159	2580	1822	4000	3182	3396	2420	3554	1593	323	1621	2557	939	804	3995	2393	3337	1736	1165	3488	1030	843	2373	2000	141	2877	174	1781	3883	2581	2763	3584	1833	770	1904	2825	2955	3235	2974	2164	273	1163	2503	2338	3965	3472	3971	3300	3214	3657	1962	2708	872	1312	3551	1850	4002	411	862	210	3744	195	459	1244	2322	1276	2822	3737	3679	3175	3166	3826	2139	171	1441	3179	2612	640	3735	2922	90	483	486	4096	2667	2562
928	2328	1651	2471	3979	3823	501	2395	2979	1175	3755	2544	905	2351	3428	1074	2895	918	2309	1417	2051	1420	3986	3475	473	2819	2402	1061	90	2369	3242	133	3231	3155	3780	506	1185	681	2650	2727	2314	2412	3027	3748	3963	726	3508	942	1454	990	327	2966	2615	887	3577	96	3087	1912	2526	100	1908	687	3114	1064	1143	3331	2664	3325	1304	1887	2282	1535	2551	126	2729	3758	2677	2214	1489	1140	2117	2417	3413	1990	2933	2688	90	1975	2667	4096	90
175	1731	3618	3251	1835	1951	1952	725	3596	585	3308	2610	1845	1624	2655	3918	3285	504	1264	3422	3776	1095	758	2987	722	2826	3496	2873	1511	3606	1419	262	2841	614	176	2492	712	2654	2419	546	1057	1368	3658	723	3246	3322	2437	3698	1747	3367	2046	3691	3316	2550	983	1843	2302	1265	3688	2946	3028	3964	1190	322	2093	1495	661	2089	178	335	1277	1118	2814	2261	1455	3663	1644	90	2532	771	130	3951	3424	2200	3509	297	95	3082	2562	90	4096
