6106	235	354	1977	456	1075	3039	4088	2135	5877	5718	3527	4898	2034	302	1821	6091	5456	2451	1027	3439	461	2303	1754	4803	1024	5356	3321	2350	2380	2926	306	4657	2235	630	203	2269	4937	2916	518	3927	5037	4388	3232	2980	2145	183	110	5906	1250	5145	5997	4446	4660	2176	3560	3896	3194	4314	2032	4420	5611	5485	4397	5108	3758	6033	2569	358	4970	1391	1396	3346	2415	5594	1235	4028	5658	2888	2172	231	5925	1963	1781	1356	3757	5569	5048	3898	4221	1030	3855	4919	1835	1450	5941	3551	3151	4160	2215	5641	5353	1218	3471	712	5012	5943	4598	1449	1152	704
235	6106	3243	296	5403	5822	1209	931	196	2058	3718	950	3891	3159	1509	3280	2059	3003	2090	4075	2623	2915	4748	3005	5148	1844	3367	3777	1362	895	6088	4456	5316	4071	1938	2317	4782	5326	3011	3396	4723	2326	5087	2767	110	3392	5106	250	5702	4526	4522	2397	1627	5283	4007	1765	145	3351	2874	402	914	6014	2496	5985	110	3569	3505	3670	332	1162	2437	5819	1783	3676	2099	844	3105	1104	3424	2698	751	827	3037	1333	110	551	5180	1541	4836	4349	5626	5504	110	428	5662	5808	3192	5254	5090	1942	5142	3770	5666	1306	5197	1648	2701	6035	2668	1571	4943
354	3243	6106	3630	1589	1567	5657	1484	1688	2318	2832	3169	3614	5240	983	2577	3876	4073	110	1908	255	1630	569	3576	2771	903	2241	479	5074	323	5367	5272	2924	2562	2704	3157	1193	621	2052	866	4174	2676	4769	5042	2228	2851	5570	3871	3025	3528	1086	1321	2075	303	2193	3840	4475	3978	550	1146	4439	1339	3586	2001	2992	4364	3111	2449	4907	1473	339	451	4935	3245	1163	1378	2411	4328	5813	3866	5924	335	1351	4150	1759	5713	3738	2230	598	2220	3539	5083	2645	4313	5046	3476	6070	2087	364	441	2749	2634	3246	3875	5203	4158	5919	459	4566	1904	3836
1977	296	3630	6106	4228	3519	5362	930	4003	5927	144	2461	5861	5836	4122	3204	4303	3130	5011	871	988	5156	2917	1458	2284	449	796	4896	3233	3056	2528	2524	580	110	4219	1469	4128	4595	6046	1294	1980	5555	3538	1840	3103	953	1018	2929	2714	4046	1731	4594	603	2932	4589	928	399	2258	5904	4217	2290	313	2989	1593	1930	4392	2642	994	4299	1151	1859	1434	5562	2839	4917	689	146	5970	4259	963	5182	3955	110	3478	110	5473	4811	1227	5143	5584	2622	5754	4447	4765	5961	4960	4049	223	5482	3445	5721	2378	808	5022	334	4116	3022	1017	4857	3284	2779
456	5403	1589	4228	6106	2780	3580	4316	1709	4471	410	5921	3941	2430	379	2866	3429	3446	2532	1231	2526	2468	3710	1668	2935	6086	4882	3382	2506	6063	5223	3313	3940	1345	1041	4967	5645	5949	425	5287	739	5977	602	1456	3308	1008	4940	110	5616	1118	6083	1913	345	492	547	2639	4854	1293	3911	5748	5192	5388	1522	3086	697	4894	6051	2475	4849	2051	4920	679	3920	4030	4805	4163	993	3415	1216	5041	1537	5695	1355	3631	1079	5563	4107	4747	1492	2709	6092	4295	1850	3730	4271	1166	1498	3972	2603	1685	3719	2895	1259	5413	5832	4829	5922	3850	3633	175	520
1075	5822	1567	3519	2780	6106	1110	2227	2375	5325	5467	5759	3625	881	4688	2432	2337	2111	4584	3368	1558	1431	3298	2137	646	4690	1100	4885	2692	1889	2488	3038	5120	5366	259	2286	2323	3817	2288	1614	110	4677	561	3134	968	2079	5005	4662	1433	2109	2369	906	3561	4371	954	5948	3664	3975	333	3900	129	1215	4740	2648	2652	110	851	285	1222	2431	6094	2814	1507	997	964	4941	5264	1211	2875	5726	4519	4608	1805	744	5307	1233	4273	4578	1513	5762	1532	5731	1074	5390	5607	2275	4543	5296	5165	6011	5137	3790	927	4185	5121	4288	3256	703	1253	1466	2766
3039	1209	5657	5362	3580	1110	6106	3247	5086	5640	5494	5338	773	1153	2200	719	2177	3016	4468	4547	4307	3646	1021	5769	3355	5258	5865	2019	5261	2179	2931	4988	4969	3722	5396	1753	3253	3887	4780	2544	3792	2003	1744	2412	3342	3190	3714	2561	754	5917	3000	4658	1406	5768	3487	4902	4503	6000	3430	4582	2522	5527	4255	910	430	3448	3593	2154	838	4430	1616	1596	4118	3171	2764	179	2352	2840	5893	3108	2355	2681	487	6060	2340	5016	110	1861	2547	4329	5947	1488	1064	1829	4901	3229	1014	2937	2481	3434	1860	626	1613	3442	2396	317	135	3209	5076	3381	3199
4088	931	1484	930	4316	2227	3247	6106	3562	3288	3779	6058	2684	2392	110	3317	2332	755	5593	110	326	5575	2419	3523	3179	4831	1539	4568	2756	2757	1344	5940	4470	3062	3068	3274	174	4414	2011	2633	4175	3353	2769	2685	3958	4302	357	3017	4306	5122	1025	5986	1708	3681	1176	438	110	3999	2080	2734	2207	3437	1620	4153	1129	2973	4146	533	4034	5183	1603	2740	4205	4869	2074	1463	3076	429	2786	2385	1748	3767	4464	2004	3521	2911	446	3311	4195	700	5417	2880	5249	3235	2962	2596	6100	4239	3687	1082	3161	3029	3828	2295	1780	1659	917	2029	3125	3615	2887
2135	196	1688	4003	1709	2375	5086	3562	6106	1315	4004	2383	2938	5026	4673	207	4029	4278	4952	3307	3184	5872	110	4822	5000	3263	4839	3645	2250	2015	4830	110	6082	4931	5327	4734	2240	1482	3863	790	1257	3385	1846	4020	3974	2159	3069	4806	1097	5987	3548	4026	1010	5771	3935	765	2986	4489	3584	3684	5841	5468	5433	5599	4208	4959	3026	5608	612	2849	586	3295	539	722	1117	4550	1557	406	4060	5067	2727	1868	4211	1858	1252	493	3720	5825	798	110	6012	2625	4913	4685	3732	2643	579	3988	1277	1465	2118	4946	1285	3066	1988	730	5842	373	2393	3330	110
5877	2058	2318	5927	4471	5325	5640	3288	1315	6106	1527	1417	734	2162	1480	2525	126	4749	1792	4661	1592	4277	2891	447	178	2670	3435	5025	5146	370	4110	4833	5790	4113	2066	4755	205	5058	880	4955	4440	433	4968	3104	252	5670	3296	2694	4878	5783	3618	867	4194	5995	692	1665	2086	4289	960	4223	809	2456	2796	5902	4152	5463	194	2144	2807	5266	2788	4056	3602	5929	125	3032	338	5335	3369	124	131	1188	4564	2224	1199	418	3524	4178	1991	3606	3553	4421	769	1818	1392	110	5799	3832	431	631	2607	3668	1907	3391	6027	287	1276	4742	2364	1159	1643
5718	3718	2832	144	410	5467	5494	3779	4004	1527	6106	3014	4612	5364	5028	5969	1262	286	3913	2889	2789	2666	4513	3734	4647	389	1746	5030	2521	1388	110	4462	2035	426	1758	2993	3079	1069	3231	2606	5688	4904	2418	2374	5982	1090	572	1782	4540	5639	114	4883	4369	3326	5910	3906	4321	5655	3438	2233	3219	5405	2210	5817	3925	4587	5684	3500	1094	2719	5942	5596	3474	458	2864	2263	5302	2558	705	972	5882	2781	6054	2587	3977	5907	5638	1348	2057	1037	3535	2480	4418	1524	2530	4031	588	5412	4437	2865	2859	4487	2117	4090	2844	1381	209	1785	5290	1542	5547
3527	950	3169	2461	5921	5759	5338	6058	2383	1417	3014	6106	2923	849	4070	3167	2627	4686	1470	909	276	5019	2096	1269	3842	265	4701	3333	355	4045	3849	1323	3365	1043	3138	4384	3133	574	454	3443	567	605	5389	1500	5952	1421	3002	486	435	664	3174	5370	3287	5784	5179	4802	549	3377	2913	624	2667	2516	1710	3225	2675	1611	4929	1331	5084	424	4097	1672	975	1970	1763	1808	3360	5779	5374	3781	2925	1171	3413	4066	4426	5513	5201	400	4133	4619	1579	5330	4692	2433	1016	5870	110	4275	4532	3215	434	1314	4975	5410	5829	1890	3804	3895	4752	1327	735
4898	3891	3614	5861	3941	3625	773	2684	2938	734	4612	2923	6106	5635	3090	1654	4035	4887	4771	3834	3033	496	4665	3740	3747	6017	5349	241	6050	2297	3252	224	239	3129	1533	4720	110	173	940	1039	3107	5677	110	2752	5149	5892	5532	3456	3820	1011	213	324	857	1574	2722	2794	1324	2984	5265	1999	3899	4444	1795	4846	5333	5687	5170	4143	2491	4818	2647	6005	3591	6059	1713	4767	3794	4322	1201	4166	5422	5314	5939	110	3259	3791	4479	2342	4667	3191	1714	1718	745	1387	622	327	3599	4659	4879	1060	4191	118	4037	5093	4922	6049	4484	5656	780	1148	3573
2034	3159	5240	5836	2430	881	1153	2392	5026	2162	5364	849	5635	6106	474	1071	1506	2136	5114	4518	3185	3364	375	1564	640	4510	2649	6032	529	3886	933	1879	5649	670	5956	4362	1226	3534	2947	1551	232	5216	3943	1625	5096	1800	772	4825	256	3649	1749	3049	3047	4529	5724	4458	665	5006	3244	3821	5725	2738	618	1883	6095	5458	6055	166	1832	4344	2106	4455	1605	1119	5271	6093	1546	4305	1044	885	628	2609	1839	5945	4169	3616	5278	3583	4076	110	3910	4932	2046	1793	3290	5794	1444	1281	249	5559	1820	4699	2239	3542	176	4237	5833	750	5453	423	497
302	1509	983	4122	379	4688	2200	110	4673	1480	5028	4070	3090	474	6106	3092	1815	5875	4644	480	3581	110	5038	723	1769	264	5219	1384	3494	4521	2515	1664	3853	6068	2414	5539	864	3815	5510	2823	1013	941	1954	889	5198	814	1877	4074	5385	2811	2774	2381	3383	5476	3028	1264	3328	616	3587	4638	879	5434	5040	662	1882	2138	5595	2049	4944	961	1976	4745	5605	5455	201	110	839	4872	1357	6061	3803	337	989	5354	1317	1061	4834	5332	3188	110	1591	4493	1501	3879	1604	3507	1192	3459	4476	5035	4283	3598	1108	5633	110	3704	987	2939	1855	5664	5538
1821	3280	2577	3204	2866	2432	719	3317	207	2525	5969	3167	1654	1071	3092	6106	4287	321	5348	2370	5690	6075	4580	4736	1128	2841	5103	2349	5186	1125	5560	848	4768	1984	5618	3431	1857	141	2706	1934	4674	3091	5606	4602	1478	2465	1910	4272	5867	3780	2067	272	6039	5699	1410	5981	5163	5232	1445	5484	3461	770	3131	5737	4360	2060	1965	110	2299	2592	4481	5740	2101	3857	3632	4291	2838	981	3023	3699	4721	683	216	110	1093	4296	2112	5097	1416	220	470	5262	2760	4707	5632	1217	1520	4033	1367	2054	2353	891	2834	4915	471	5009	5920	4101	2842	1739	5448
6091	2059	3876	4303	3429	2337	2177	2332	4029	126	1262	2627	4035	1506	1815	4287	6106	1208	2695	3715	110	4214	2354	5139	2583	1330	2408	4366	2710	2164	4631	5185	2818	3195	3470	4379	5291	4495	5512	5474	812	2519	758	436	328	2585	5746	1328	167	1893	1408	5993	3350	3841	1254	726	3924	4571	2896	3106	5319	3214	3763	5116	2723	1757	4982	1121	641	2466	2881	4207	4705	5242	2610	1828	2206	3063	3388	5743	1502	4567	4212	3447	2817	139	3213	5876	1676	1690	1906	1197	3692	4202	2657	2198	5749	3027	1735	1405	2688	5239	2733	3048	3694	4714	1706	3182	1642	4368	3136
5456	3003	4073	3130	3446	2111	3016	755	4278	4749	286	4686	4887	2136	5875	321	1208	6106	143	5580	4419	2754	3638	4065	1771	3755	6084	5495	1887	828	1034	5217	2813	3565	2509	2579	3183	1700	2909	912	5404	2023	4480	6099	5556	3035	4537	4167	372	2103	668	1729	1845	2422	1902	5529	2732	1819	1635	110	1228	110	5871	1459	510	4994	1874	2503	5792	5004	1899	5909	2201	1789	2012	4592	1439	884	1229	2537	2184	2821	2529	5574	3013	3837	3248	4951	5615	5071	444	3465	4225	2677	440	4993	3619	837	1914	3893	793	715	2156	5429	2507	1051	3806	974	432	2910	1711
2451	2090	110	5011	2532	4584	4468	5593	4952	1792	3913	1470	4771	5114	4644	5348	2695	143	6106	1230	3568	3436	589	5339	4147	289	5065	5392	4285	5767	1660	1182	5564	2731	1675	5950	1755	3862	5237	1929	2969	5407	163	309	2167	5277	2697	5344	4712	3890	5801	3114	633	4727	182	4819	2494	1816	3761	1073	4737	4762	3702	5220	2953	5824	4799	521	4057	3724	2654	3986	3721	2459	1767	3654	1905	659	3885	5778	4079	110	5323	2033	4763	4709	2188	2689	1305	3748	349	6090	4199	4246	1986	1076	3467	3303	1398	4546	3315	1943	1048	403	3228	1851	193	2894	6065	5955	2974
1027	4075	1908	871	1231	3368	4547	110	3307	4661	2889	909	3834	4518	480	2370	3715	5580	1230	6106	5306	1937	2985	5292	301	1875	3074	3909	368	4798	3072	1251	5051	1462	4921	3818	5978	4758	5162	2251	5503	2955	2208	4280	4562	5818	5644	2784	6016	5486	5730	4862	3809	4501	1941	3128	4840	5321	4427	2142	4186	2850	5294	1634	2368	5912	3508	5685	5128	2324	4080	2021	5365	731	4693	3201	1511	5669	1354	346	4649	620	1161	4351	3665	4111	1745	2152	4265	944	2078	708	3348	5681	134	369	2234	148	4394	1933	1338	2531	110	1553	3695	1797	110	4884	4332	2628	3117
3439	2623	255	988	2526	1558	4307	326	3184	1592	2789	276	3033	3185	3581	5690	110	4419	3568	5306	6106	1715	110	5059	6064	2115	1098	3046	4378	540	5708	2401	1923	781	1337	3341	3506	4365	5251	3205	5727	775	2345	1349	1047	2191	3316	4091	398	1837	5406	110	2271	1046	2785	350	162	4928	1764	3944	4469	3165	4551	6041	5896	3823	3983	4347	3969	1631	1626	3733	1570	5144	4850	2300	3198	2921	2620	791	1640	2294	1950	3690	5209	1353	2831	874	1598	5167	4494	1385	976	663	419	937	4615	1536	4790	2484	4606	466	3423	1891	5235	3372	1295	1189	1510	5859	2190
461	2915	1630	5156	2468	1431	3646	5575	5872	4277	2666	5019	496	3364	110	6075	4214	2754	3436	1937	1715	6106	2873	3113	3629	4538	1050	4916	3994	1944	2691	1726	4119	4985	3929	3051	5805	761	4357	2556	617	5967	5421	2379	2651	1915	1205	2816	5263	3457	5427	563	275	2211	408	1452	2417	4979	390	2426	4242	958	5781	5898	1390	2061	2195	2273	3951	198	5136	1430	3709	5360	5465	4853	5158	1610	202	5451	4234	3472	5960	3371	5689	4442	2293	1311	2557	4233	4726	110	932	1650	2999	4370	1088	5820	484	2908	2588	1618	1177	5336	365	3152	5624	5343	4733	5439	4460
2303	4748	569	2917	3710	3298	1021	2419	110	2891	4513	2096	4665	375	5038	4580	2354	3638	589	2985	110	2873	6106	2902	222	4764	2508	5298	311	4434	481	672	4067	2665	5881	1647	3544	208	936	110	4215	188	4620	116	5617	3525	5868	905	2476	218	112	3595	4895	2280	4575	829	3475	3095	1572	2797	4706	3967	3004	1777	2287	5340	3762	5826	1597	5830	759	2076	1376	3648	3655	5643	4014	5375	152	4210	5243	4996	1103	4485	1038	4112	310	6006	718	6043	6030	5507	3669	1438	5070	4634	5257	4318	5839	5659	110	3312	3617	3990	4023	3737	3928	253	2077	3230	1009
1754	3005	3576	1458	1668	2137	5769	3523	4822	447	3734	1269	3740	1564	723	4736	5139	4065	5339	5292	5059	3113	2902	6106	180	3746	2933	5057	4005	1993	1393	110	322	5241	1436	5371	1895	4651	3742	5878	2160	4184	2131	4633	4395	2940	3661	1773	149	467	298	2584	5959	1712	2548	110	490	4413	5996	4973	3071	5587	1495	4909	4257	973	234	5032	380	3860	5462	5426	420	2680	5378	1185	817	2266	1940	4958	1909	2964	2005	4683	2486	5127	4323	4267	1538	5901	3268	1448	2246	2867	5760	2030	4508	3540	3200	2124	2141	3418	2443	1335	4676	2391	3405	2618	4156	3729	5831
4803	5148	2771	2284	2935	646	3355	3179	5000	178	4647	3842	3747	640	1769	1128	2583	1771	4147	301	6064	3629	222	180	6106	186	3526	4048	5911	3223	4140	2599	716	4040	177	1169	4224	788	5440	3101	1336	660	2038	5550	5888	5227	5017	3338	2360	5418	1733	2399	3570	4269	2535	5288	3309	613	4785	2801	3080	5135	5260	1587	3357	1810	934	110	2885	648	2520	3966	3868	3903	4127	2967	777	4708	515	1523	5488	5492	2601	2219	2650	1876	1238	5614	5674	2429	1969	2037	2517	2205	5328	1728	1864	1972	4196	1455	548	5972	5528	1063	2593	215	532	4536	4402	1559	1089
1024	1844	903	449	6086	4690	5258	4831	3263	2670	389	265	6017	4510	264	2841	1330	3755	289	1875	2115	4538	4764	3746	186	6106	5461	3683	2277	5723	4449	1964	1799	2981	545	3112	1585	2827	3335	3727	1786	3604	4545	4319	254	3267	3993	2247	3705	2498	3170	2872	3603	344	3425	299	3319	1313	3175	290	3238	2125	5536	1316	5068	2950	5525	3942	4696	619	2316	4697	5285	3207	3864	4387	3973	782	5733	2312	948	227	5045	2679	1994	5857	853	847	1202	6057	1736	5460	1521	4256	3751	2458	3407	2056	110	701	4516	4646	3147	1062	172	3406	4903	1402	1158	1878	2359
5356	3367	2241	796	4882	1100	5865	1539	4839	3435	1746	4701	5349	2649	5219	5103	2408	6084	5065	3074	1098	1050	2508	2933	3526	5461	6106	2631	2289	1245	291	460	110	1004	4666	2279	5642	2956	5542	3557	3241	1106	5487	4542	815	2358	5521	5932	4924	4637	4675	2845	830	3543	852	3651	2787	3124	3964	749	2386	1036	3390	4826	2081	3566	3186	2084	3160	1935	5248	140	2197	5810	2262	4751	2045	3807	3504	2743	1599	2231	1213	5854	3838	1825	5586	4087	3148	1035	4162	4972	2510	4997	2777	3006	5698	6067	2268	280	1612	3578	698	1196	1120	3750	3660	806	1340	710	4654
3321	3777	479	4896	3382	4885	2019	4568	3645	5025	5030	3333	241	6032	1384	2349	4366	5495	5392	3909	3046	4916	5298	5057	4048	3683	2631	6106	824	2127	1109	5150	1420	1723	924	816	5697	268	4939	2216	2945	4041	3236	4808	5937	3153	2686	3572	3426	3362	3644	3905	1732	1113	4483	1734	4911	942	3768	1143	2083	1195	383	3087	1437	3097	1114	3945	5072	1584	4472	5075	1364	5739	5029	3177	2830	3922	3907	2395	2253	5213	3163	1687	4401	4645	2972	1812	546	1508	5552	5647	2014	4276	3458	5245	1029	4345	5862	4042	1067	110	4192	843	767	2511	1369	6101	3334	3121	4554
2350	1362	5074	3233	2506	2692	5261	2756	2250	5146	2521	355	6050	529	3494	5186	2710	1887	4285	368	4378	3994	311	4005	5911	2277	2289	824	6106	2310	3400	5092	3725	4148	4457	5062	6037	503	2600	992	2559	2833	3571	5744	1260	4650	3869	4429	5402	5036	1897	5652	4011	5573	2423	4117	5913	2319	3813	260	1560	2942	3827	2213	282	248	2472	4335	2636	2315	4408	4245	3370	1987	1809	1031	901	5113	5043	724	2427	2682	776	4670	1670	3050	2438	4359	5489	978	923	5732	2105	4611	6019	110	4161	3659	1286	2270	1435	5498	2490	4949	764	5738	4629	3018	5549	5903	2072
2380	895	323	3056	6063	1889	2179	2757	2015	370	1388	4045	2297	3886	4521	1125	2164	828	5767	4798	540	1944	4434	1993	3223	5723	1245	2127	2310	6106	3774	2826	1525	4286	1070	3491	2183	4966	329	6029	877	475	4548	984	5002	2382	3479	1545	2582	5715	6104	3596	3503	1658	4783	5044	4552	3601	5957	3744	293	3331	5851	110	921	5780	3452	5359	2890	1556	2653	4240	427	2632	4900	3577	1568	5438	2120	4613	1220	2591	916	2791	411	526	5515	1768	494	1483	5293	2225	5648	3954	3115	5352	6062	3872	3667	3077	4134	110	4731	5315	1880	2810	245	3919	2944	3172	623
2926	6088	5367	2528	5223	2488	2931	1344	4830	4110	110	3849	3252	933	2515	5560	4631	1034	1660	3072	5708	2691	481	1393	4140	4449	291	1109	3400	3774	6106	1489	342	2017	110	3847	5161	4504	4809	2069	3480	2260	407	2899	5692	1519	4804	2805	1142	1561	3931	3226	4077	5151	1865	283	5380	3563	3453	5001	2214	1347	4684	6080	226	240	3196	3880	1681	818	110	4144	4978	5561	4398	5963	5663	3677	1594	810	3653	4367	2028	3088	1471	4784	4279	2977	1400	5973	2439	2434	3482	601	1834	5990	2747	115	1823	5282	582	872	3098	1854	4858	3511	3939	2997	1239	1590	491
306	4456	5272	2524	3313	3038	4988	5940	110	4833	4462	1323	224	1879	1664	848	5185	5217	1182	1251	2401	1726	672	110	2599	1964	460	5150	5092	2826	1489	6106	1147	2534	4126	1730	1762	2435	2782	2298	3019	4409	450	2169	2285	1656	1696	5420	2232	5523	599	971	1641	4310	3275	959	5210	5989	1775	4971	732	5490	4022	4284	1407	4925	5233	6021	3273	1461	2513	4264	3585	3514	6009	1479	2711	4750	966	691	1615	4892	3258	3682	1476	453	5905	4761	1894	4373	789	4198	1282	2798	4209	4015	5447	3012	3339	2703	4108	2008	2039	5850	1418	1911	5322	2758	318	3830	2918
4657	5316	2924	580	3940	5120	4969	4470	6082	5790	2035	3365	239	5649	3853	4768	2818	2813	5564	5051	1923	4119	4067	322	716	1799	110	1420	3725	1525	342	1147	6106	1358	4936	2389	5974	2180	1892	4383	110	2820	1707	5756	4453	2320	3449	2025	3883	3007	2110	3600	3518	5693	2729	1309	3904	1931	4478	2930	528	2091	4563	3647	5992	5751	4182	1843	4713	412	5244	803	5184	3877	1225	4054	3867	4865	1798	1516	4999	609	4828	5720	713	4992	1301	1838	2031	1679	5665	1442	5709	4890	1595	5694	4962	6040	4201	1175	2886	4244	3989	5975	3816	2793	4604	2151	2946	1236	382
2235	4071	2562	110	1345	5366	3722	3062	4931	4113	426	1043	3129	670	6068	1984	3195	3565	2731	1462	781	4985	2665	5241	4040	2981	1004	1723	4148	4286	2017	2534	1358	6106	5014	5008	1924	5027	4744	743	4477	1811	919	3237	5123	3775	3663	5650	949	1057	2976	5517	536	3787	1682	2196	5930	3323	3545	5853	2975	4945	955	1847	1751	2471	442	1244	1325	4082	747	3782	1287	4791	4743	2664	3278	678	986	225	5637	185	2055	6015	1242	3961	2949	1006	3765	155	3082	1531	1457	3488	2678	5031	4043	4389	3917	699	1636	892	578	6004	5329	5782	991	690	3637	5634	4668
630	1938	2704	4219	1041	259	5396	3068	5327	2066	1758	3138	1533	5956	2414	5618	3470	2509	1675	4921	1337	3929	5881	1436	177	545	4666	924	4457	1070	110	4126	4936	5014	6106	543	5592	1095	263	804	645	2344	652	4635	642	3858	2242	4893	2905	4652	4415	5883	2862	3154	4974	236	3844	1279	189	4044	3696	4605	1042	2261	3078	5493	151	1319	1761	387	5166	246	5791	5252	5450	1609	2941	110	2347	5195	4523	1137	4927	366	4794	1334	2971	1154	5758	5176	5088	6102	2469	5132	840	5056	2147	1032	5419	3726	4326	242	4717	257	4934	2119	5078	2512	3440	4268	469
203	2317	3157	1469	4967	2286	1753	3274	4734	4755	2993	4384	4720	4362	5539	3431	4379	2579	5950	3818	3341	3051	1647	5371	1169	3112	2279	816	5062	3491	3847	1730	2389	5008	543	6106	4796	3127	4923	2809	5964	476	1801	3218	3671	908	5267	1183	4247	206	110	4135	5259	5860	5255	3325	1534	5537	1725	2843	5110	110	5811	499	2467	4984	3499	3865	3558	3119	3706	1350	5100	2799	833	1081	1602	1813	4820	2013	2460	3150	266	2994	4377	1139	4703	457	2878	5464	2132	4173	3918	448	1443	2836	802	696	1133	4226	267	156	3728	2629	564	5795	3495	2870	504	3031	3963
2269	4782	1193	4128	5645	2323	3253	174	2240	205	3079	3133	110	1226	864	1857	5291	3183	1755	5978	3506	5805	3544	1895	4224	1585	5642	5697	6037	2183	5161	1762	5974	1924	5592	4796	6106	5554	4241	5395	6073	2598	2991	221	4312	2673	2852	1322	4655	1702	2543	3363	4530	1275	1141	4672	5173	3067	5202	1394	5478	5572	4574	649	5745	3276	5603	3642	1740	362	5228	348	2860	3394	4506	2808	5668	2746	5218	3786	1481	1023	3064	3329	2041	4356	3800	4991	4032	3484	3141	4000	2450	2171	3532	1496	4138	5526	4488	4151	3979	1059	3711	4019	1901	5305	1343	5345	1580	4339	6052
4937	5326	621	4595	5949	3817	3887	4414	1482	5058	1069	574	173	3534	3815	141	4495	1700	3862	4758	4365	761	208	4651	788	2827	2956	268	503	4966	4504	2435	2180	5027	1095	3127	5554	6106	1554	4870	5597	2306	3680	2716	5301	1936	4678	1380	2575	359	733	611	5408	1181	1015	5696	2173	4507	110	1472	2546	4013	2739	3976	192	5750	3537	500	2264	1168	4123	5320	2428	2130	5951	5446	657	1028	110	3987	2165	4625	1975	3384	4738	1982	3579	5399	4301	473	5141	709	4432	1303	4490	2570	2068	3749	5317	4663	1022	4381	1170	5372	4050	5274	4835	110	110	3208	4570
2916	3011	2052	6046	425	2288	4780	2011	3863	880	3231	454	940	2947	5510	2706	5512	2909	5237	5162	5251	4357	936	3742	5440	3335	5542	4939	2600	329	4809	2782	1892	4744	263	4923	4241	1554	6106	943	1289	1535	842	1359	3336	5095	4739	4232	123	5914	2053	5983	1486	1607	3239	4078	1296	2736	4027	831	911	5098	4448	2394	4061	702	1601	2148	5673	2848	784	5887	2869	5840	2071	2500	142	3402	3808	4772	5409	5200	2919	5879	110	4817	4874	967	3089	437	778	2442	509	3254	110	5579	2336	5424	1817	938	5806	3894	1794	2178	1948	4092	3626	3574	6026	4981	4722
518	3396	866	1294	5287	1614	2544	2633	790	4955	2606	3443	1039	1551	2823	1934	5474	912	1929	2251	3205	2556	110	5878	3101	3727	3557	2216	992	6029	2069	2298	4383	743	804	2809	5395	4870	943	6106	261	3075	2301	2954	762	946	3261	2705	506	3432	5138	5661	4114	1677	1200	3502	4249	269	1848	1223	5401	6056	2444	2351	5466	4653	2093	5522	4926	965	1778	5719	3697	2806	2957	1566	5442	1720	1737	1898	681	3327	4051	1187	3597	585	3592	5884	746	4842	869	753	1487	352	5565	5480	3531	3776	3389	1140	2302	3712	4964	525	5763	3861	2372	6077	1960	2687	1207
3927	4723	4174	1980	739	110	3792	4175	1257	4440	5688	567	3107	232	1013	4674	812	5404	2969	5503	5727	617	4215	2160	1336	1786	3241	2945	2559	877	3480	3019	110	4477	645	5964	6073	5597	1289	261	6106	2566	2116	4983	542	4176	110	5194	5082	1447	656	4682	4281	3301	2702	607	3464	4441	5852	4451	1588	896	1131	4732	1003	1703	4346	3137	4333	5425	1927	3673	1453	4068	2281	2328	2222	6007	1644	5189	210	3473	3953	5312	5073	4293	5069	1221	661	2175	1804	1203	1796	4535	4756	110	5889	3142	5134	1190	951	2721	3674	1978	3799	5676	4656	1701	1918	2321	5863
5037	2326	2676	5555	5977	4677	2003	3353	3385	433	4904	605	5677	5216	941	3091	2519	2023	5407	2955	775	5967	188	4184	660	3604	1106	4041	2833	475	2260	4409	2820	1811	2344	476	2598	2306	1535	3075	2566	6106	4832	1304	1779	4405	1346	5918	5581	4718	1415	110	4691	3403	5400	1540	4155	3042	4096	1066	695	1637	2256	4463	5174	1366	2373	876	4841	3675	4760	2192	5304	110	279	5610	110	4411	935	395	2346	1760	2898	1900	5204	110	3541	3477	5531	2861	3848	2493	6053	637	3349	2877	5152	4700	1628	4520	2421	5541	3657	4009	1249	4404	5710	2330	4407	1974	4746
4388	5087	4769	3538	602	561	1744	2769	1846	4968	2418	5389	110	3943	1954	5606	758	4480	163	2208	2345	5421	4620	2131	2038	4545	5487	3236	3571	4548	407	450	1707	919	652	1801	2991	3680	842	2301	2116	4832	6106	2107	2238	110	2581	1423	893	1033	1925	1575	4309	4095	4204	1870	4583	5431	2904	5998	5187	2683	2311	5085	5576	1903	738	1288	1617	5747	5636	3401	1318	2538	929	590	639	2829	4062	137	5621	4704	4497	502	3550	1981	2943	1373	3547	2445	110	5864	3211	5873	4729	3741	3416	2644	729	110	5777	110	4104	4213	211	5984	468	5765	2735	1932	4410
3232	2767	5042	1840	1456	3134	2412	2685	4020	3104	2374	1500	2752	1625	889	4602	436	6099	309	4280	1349	2379	116	4633	5550	4319	4542	4808	5744	984	2899	2169	5756	3237	4635	3218	221	2716	1359	2954	4983	1304	2107	6106	4168	4505	3609	405	2155	3009	5475	4827	2552	4466	4348	385	3293	228	5566	4039	1962	110	4137	3462	3693	1632	2572	779	119	110	4716	1475	110	2708	3956	158	4317	5383	1583	559	4069	5775	1441	200	445	1955	305	110	1122	2404	2123	164	2868	794	4531	610	3178	3409	4710	5169	2927	1586	3397	294	2149	5053	4781	2638	2100	2900	5341
2980	110	2228	3103	3308	968	3342	3958	3974	252	5982	5952	5149	5096	5198	1478	328	5556	2167	4562	1047	2651	5617	4395	5888	254	815	5937	1260	5002	5692	2285	4453	5123	642	3671	4312	5301	3336	762	542	1779	2238	4168	6106	351	2772	5284	4539	3640	523	4177	2762	110	1833	5679	5712	2403	1429	5303	4063	3374	2223	4290	1503	2000	3679	2199	2545	785	2153	4930	4083	5268	258	5398	4572	1191	3995	4498	3582	3933	4235	4324	2126	2098	5843	3829	1939	2763	2384	3772	5946	4473	3846	3915	5585	2819	3300	4353	766	575	4093	1368	1549	4341	4581	1474	356	4248	5895
2145	3392	2851	953	1008	2079	3190	4302	2159	5670	1090	1421	5892	1800	814	2465	2585	3035	5277	5818	2191	1915	3525	2940	5227	3267	2358	3153	4650	2382	1519	1656	2320	3775	3858	908	2673	1936	5095	946	4176	4405	110	4505	351	6106	2327	374	3250	2574	3707	651	583	2527	720	1884	4837	1497	4855	514	3793	4106	1582	1998	1248	2185	1274	1427	1020	1822	5391	888	4338	915	5899	5926	3337	3061	4600	3498	4274	5646	2660	2168	5119	4987	5856	2616	482	565	238	5222	5181	711	5355	1432	728	2776	5630	2901	4770	1704	3162	2960	3517	2462	1263	184	2202	4304	4593
183	5106	5570	1018	4940	5005	3714	357	3069	3296	572	3002	5532	772	1877	1910	5746	4537	2697	5644	3316	1205	5868	3661	5017	3993	5521	2686	3869	3479	4804	1696	3449	3663	2242	5267	2852	4678	4739	3261	110	1346	2581	3609	2772	2327	6106	3685	4859	1374	2447	2122	5976	6034	110	4775	834	393	3635	5500	251	5786	5226	5686	5483	2728	1267	1292	2737	6105	1149	4363	4412	421	632	1646	878	5229	1752	6022	3302	2335	2339	4793	4220	3417	3305	5800	5115	2254	3073	1666	5269	4632	4948	3852	2248	3753	2963	4899	288	3870	110	5153	2259	1772	5191	4741	5394	5704	2825
110	250	3871	2929	110	4662	2561	3017	4806	2694	1782	486	3456	4825	4074	4272	1328	4167	5344	2784	4091	2816	905	1773	3338	2247	5932	3572	4429	1545	2805	5420	2025	5650	4893	1183	1322	1380	4232	2705	5194	5918	1423	405	5284	374	3685	6106	760	3277	508	165	926	1001	5430	5250	985	439	5346	2139	4391	1040	4947	4058	2026	1529	3189	5318	643	5377	3202	4454	4425	1107	883	4730	5766	195	1130	3375	1084	4252	170	2463	576	3361	5094	4719	3831	5849	2448	3496	4282	1164	3404	3769	1072	5168	706	587	2988	2612	5814	5774	3773	495	2113	110	3623	1862	5105
5906	5702	3025	2714	5616	1433	754	4306	1097	4878	4540	435	3820	256	5385	5867	167	372	4712	6016	398	5263	2476	149	2360	3705	4924	3426	5402	2582	1142	2232	3883	949	2905	4247	4655	2575	123	506	5082	5581	893	2155	4539	3250	4859	760	6106	478	1186	3324	3851	1849	5804	898	5787	2502	5886	1446	3621	5350	4340	2990	3554	5205	5452	2602	1342	212	4617	4435	2847	5571	4585	4222	2718	882	5770	110	3044	2724	756	3240	1824	1886	2040	4502	1885	2092	4576	331	644	1258	3094	1261	386	2464	5518	1750	2505	2065	1105	501	1490	4702	1172	562	3010	6024	1989
1250	4526	3528	4046	1118	2109	5917	5122	5987	5783	5639	664	1011	3649	2811	3780	1893	2103	3890	5486	1837	3457	218	467	5418	2498	4637	3362	5036	5715	1561	5523	3007	1057	4652	206	1702	359	5914	3432	1447	4718	1033	3009	3640	2574	1374	3277	478	6106	2283	2150	1085	3260	1926	1375	4998	4821	214	2477	1308	5256	1667	969	687	5171	2044	3343	4641	3878	4918	416	5874	3515	6076	4648	3379	5435	4664	4500	1219	2170	5273	1297	5600	568	1102	5755	5289	1928	3678	5347	5540	5803	3902	5900	1581	873	147	3701	1967	1115	2995	694	3140	2662	3802	110	1983	4337	4553
5145	4522	1086	1731	6083	2369	3000	1025	3548	3618	114	3174	213	1749	2774	2067	1408	668	5801	5730	5406	5427	112	298	1733	3170	4675	3644	1897	6104	3931	599	2110	2976	4415	110	2543	733	2053	5138	656	1415	1925	5475	523	3707	2447	508	1186	2283	6106	110	1422	3481	2114	5796	925	1493	3197	5470	5543	684	4385	5221	995	512	821	813	1569	304	4910	1555	2140	5548	4778	748	2970	530	4558	577	4963	2402	1206	2863	3874	5129	4573	5384	3594	2377	1563	4308	2134	615	826	159	1577	2204	6031	5798	5055	2966	680	5933	4038	2914	1426	4154	5368	5505	4810
5997	2397	1321	4594	1913	906	4658	5986	4026	867	4883	5370	324	3049	2381	272	5993	1729	3114	4862	110	563	3595	2584	2399	2872	2845	3905	5652	3596	3226	971	3600	5517	5883	4135	3363	611	5983	5661	4682	110	1575	4827	4177	651	2122	165	3324	2150	110	6106	4614	2186	5276	593	6072	1012	6103	6078	110	1919	4868	3962	2158	855	2042	2309	2893	2325	391	5675	1241	5155	2646	1026	4403	5816	2959	5342	768	2700	6038	3992	3934	3427	537	2308	3845	465	3132	363	3210	292	1389	4556	4179	1742	1270	5020	5199	4190	904	5230	1966	4639	5954	316	886	5701	1299
4446	1627	2075	603	345	3561	1406	1708	1010	4194	4369	3287	857	3047	3383	6039	3350	1845	633	3809	2271	275	4895	5959	3570	3603	830	1732	4011	3503	4077	1641	3518	536	2862	5259	4530	5408	1486	4114	4281	4691	4309	2552	2762	583	5976	926	3851	1085	1422	4614	6106	1005	1049	2815	2367	4297	2329	2892	4867	4258	5761	1624	3589	3143	3613	1212	4591	4036	3466	5706	3181	4089	4812	5411	2523	2803	3923	4120	4300	1413	4851	519	1123	130	862	5628	1424	3698	187	6023	5516	4561	110	2726	3884	5060	3264	4596	3454	3950	3529	4386	2604	1440	3938	5279	4400	2540	5757
4660	5283	303	2932	492	4371	5768	3681	5771	5995	3326	5784	1574	4529	5476	5699	3841	2422	4727	4501	1046	2211	2280	1712	4269	344	3543	1113	5573	1658	5151	4310	5693	3787	3154	5860	1275	1181	1607	1677	3301	3403	4095	4466	110	2527	6034	1001	1849	3260	3481	2186	1005	6106	1946	860	4129	4774	1272	3607	2573	1853	5112	1477	4986	477	2560	4002	3045	5117	597	489	4292	554	2440	5003	2446	1717	5598	3270	1863	160	2855	3451	3164	5177	5700	1312	5908	5013	281	5018	627	1896	2928	4626	1917	5118	2907	5812	854	5496	4590	2804	371	4886	2717	832	488	2608	4438
2176	4007	2193	4589	547	954	3487	1176	3935	692	5910	5179	2722	5724	3028	1410	1254	1902	182	1941	2785	408	4575	2548	2535	3425	852	4483	2423	4783	1865	3275	2729	1682	4974	5255	1141	1015	3239	1200	2702	5400	4204	4348	1833	720	110	5430	5804	1926	2114	5276	1049	1946	6106	4311	127	771	4860	1467	5711	2748	2812	2002	330	3251	3262	3826	5414	3292	5459	4610	1150	5373	1638	1652	2357	570	939	4171	2792	2209	1284	653	4355	4852	2542	3605	2614	1136	4586	1979	1949	859	121	5968	1278	5753	2413	2313	3322	1135	1971	4055	2024	1565	113	247	1543	736	5311
3560	1765	3840	928	2639	5948	4902	438	765	1665	3906	4802	2794	4458	1264	5981	726	5529	4819	3128	350	1452	829	110	5288	299	3651	1734	4117	5044	283	959	1309	2196	236	3325	4672	5696	4078	3502	607	1540	1870	385	5679	1884	4775	5250	898	1375	5796	593	2815	860	4311	6106	5866	1691	2407	1382	4792	1956	6081	1600	1552	1784	4838	4687	4880	1724	825	498	190	2016	5506	4933	1007	786	3795	5837	5979	2146	4891	2744	2400	3286	4474	4557	3001	6079	5234	4094	5855	1695	5441	2018	2951	1145	4298	841	2265	1460	2624	3509	5361	2617	6098	417	2640	757	4358
3896	145	4475	399	4854	3664	4503	110	2986	2086	4321	549	1324	665	3328	5163	3924	2732	2494	4840	162	2417	3475	490	3309	3319	2787	4911	5913	4552	5380	5210	3904	5930	3844	1534	5173	2173	1296	4249	3464	4155	4583	3293	5712	4837	834	985	5787	4998	925	6072	2367	4129	127	5866	6106	3146	3139	3102	3310	5546	422	573	4757	2635	1831	347	2237	2699	4125	3493	1054	5845	5962	5308	2229	3656	1716	2454	1499	284	650	5680	1578	671	3221	5894	3888	534	2194	5050	4132	1922	1945	4624	2669	1019	3093	3754	388	2104	2871	2036	846	5015	3193	3083	3688	3658	2979
3194	3351	3978	2258	1293	3975	6000	3999	4489	4289	5655	3377	2984	5006	616	5232	4571	1819	1816	5321	4928	4979	3095	4413	613	1313	3124	942	2319	3601	3563	5989	1931	3323	1279	5537	3067	4507	2736	269	4441	3042	5431	228	2403	1497	393	439	2502	4821	1493	1012	4297	4774	771	1691	3146	6106	6097	4428	1329	4621	5445	1619	5206	1842	110	1518	110	5010	5936	5729	5828	4789	3490	5066	560	1302	1639	5081	5428	3810	1271	3187	805	2595	4680	1953	4085	5629	5885	5844	5660	1766	2533	4525	2712	270	2655	5802	5923	5033	3271	4990	4193	3926	3766	3588	4461	2398	2255
4314	2874	550	5904	3911	333	3430	2080	3584	960	3438	2913	5265	3244	3587	1445	2896	1635	3761	4427	1764	390	1572	5996	4785	3175	3964	3768	3813	5957	3453	1775	4478	3545	189	1725	5202	110	4027	1848	5852	4096	2904	5566	1429	4855	3635	5346	5886	214	3197	6103	2329	1272	4860	2407	3139	6097	6106	1065	4579	4236	4800	5054	4086	2696	2181	6085	128	3279	1699	741	5880	2089	4025	4382	2291	899	918	3359	4492	1693	3736	5331	4953	2589	1165	1814	3314	2884	1872	4601	638	233	2626	3168	5351	4016	1127	3771	1494	2920	5387	404	4098	5253	6018	1112	3352	1194	2166
2032	402	1146	4217	5748	3900	4582	2734	3684	4223	2233	624	1999	3821	4638	5484	3106	110	1073	2142	3944	2426	2797	4973	2801	290	749	1143	260	3744	5001	4971	2930	5853	4044	2843	1394	1472	831	1223	4451	1066	5998	4039	5303	514	5500	2139	1446	2477	5470	6078	2892	3607	1467	1382	3102	4428	1065	6106	1826	2338	634	5299	3643	5140	2102	2457	1395	1633	4725	1365	5716	5021	2897	4597	5736	524	2605	353	319	122	4100	4270	2020	2958	5104	2371	686	1873	462	3822	4047	6013	4511	2996	1689	4227	4577	409	2495	5133	1083	1573	5953	452	2212	3533	6074	861	4694
4420	914	4439	2290	5192	129	2522	2207	5841	809	3219	2667	3899	5725	879	3461	5319	1228	4737	4186	4469	4242	4706	3071	3080	3238	2386	2083	1560	293	2214	732	528	2975	3696	5110	5478	2546	911	5401	1588	695	5187	1962	4063	3793	251	4391	3621	1308	5543	110	4867	2573	5711	4792	3310	1329	4579	1826	6106	3959	4807	4001	3783	907	4555	4052	4380	3155	4499	3881	2082	1320	5196	5717	5091	2455	3785	4861	2576	397	2800	677	4352	3483	320	3135	2387	1056	5776	5415	5578	4396	277	3666	4908	5300	169	4376	5101	3297	1310	4599	3084	558	1077	1662	295	237	2409
5611	6014	1339	313	5388	1215	5527	3437	5468	2456	5405	2516	4444	2738	5434	770	3214	110	4762	2850	3165	958	3967	5587	5135	2125	1036	1195	2942	3331	1347	5490	2091	4945	4605	110	5572	4013	5098	6056	896	1637	2683	110	3374	4106	5786	1040	5350	5256	684	1919	4258	1853	2748	1956	5546	4621	4236	2338	3959	6106	4863	4957	2765	3552	5705	3281	5788	5130	5551	217	2143	4977	314	1404	3937	6028	947	835	2713	243	1280	2274	230	2218	4609	2903	1827	1096	3513	897	2707	3492	5609	2978	592	2252	4942	2245	1386	865	3398	1649	4856	556	1491	6036	1997	2217	133
5485	2496	3586	2989	1522	4740	4255	1620	5433	2796	2210	1710	1795	618	5040	3131	3763	5871	3702	5294	4551	5781	3004	1495	5260	5536	3390	383	3827	5851	4684	4022	4563	955	1042	5811	4574	2739	4448	2444	1131	2256	2311	4137	2223	1582	5226	4947	4340	1667	4385	4868	5761	5112	2812	6081	422	5445	4800	634	4807	4863	6106	5815	4331	5208	595	3784	5231	5508	2182	4671	5823	2441	3081	5651	2674	740	1454	2276	1968	1697	4912	1996	3575	5999	673	4527	2770	5838	4294	5423	4130	5683	361	415	110	858	3949	110	2064	3752	4334	5444	1867	1412	2128	4866	3294	3285	3058
4397	5985	2001	1593	3086	2648	910	4153	5599	5902	5817	3225	4846	1883	662	5737	5116	1459	5220	1634	6041	5898	1777	4909	1587	1316	4826	3087	2213	110	6080	4284	3647	1847	2261	499	649	3976	2394	2351	4732	4463	5085	3462	4290	1998	5686	4058	2990	969	5221	3962	1624	1477	2002	1600	573	1619	5054	5299	4001	4957	5815	6106	3065	1959	2343	5938	2073	1401	3222	1606	4343	2121	4679	3024	5376	3622	5707	5379	4053	3234	3034	3634	4266	3060	2314	1920	2108	685	4315	3641	2129	4431	5064	1265	4406	2420	3266	6042	2424	5807	890	4399	5007	3971	4010	4528	2982	4142	887
5108	110	2992	1930	697	2652	430	1129	4208	4152	3925	2675	5333	6095	1882	4360	2723	510	2953	2368	5896	1390	2287	4257	3357	5068	2081	1437	282	921	226	1407	5992	1751	3078	2467	5745	192	4061	5466	1003	5174	5576	3693	1503	1248	5483	2026	3554	687	995	2158	3589	4986	330	1552	4757	5206	4086	3643	3783	2765	4331	3065	6106	2331	3030	4950	340	1099	2936	4773	557	2846	3968	219	5558	4375	4109	5530	3991	4889	4072	535	5858	3611	273	1514	5238	807	376	4795	5099	1623	1961	2671	3930	6025	4149	3332	2221	2906	3345	1403	1379	3123	2564	1515	3756	1722	136
3758	3569	4364	4392	4894	110	3448	2973	4959	5463	4587	1611	5687	5458	2138	2060	1757	4994	5824	5912	3823	2061	5340	973	1810	2950	3566	3097	248	5780	240	4925	5751	2471	5493	4984	3276	5750	702	4653	1703	1366	1903	1632	2000	2185	2728	1529	5205	5171	512	855	3143	477	3251	1784	2635	1842	2696	5140	907	3552	5208	1959	2331	6106	2483	581	4569	4559	5270	4843	5501	3731	2243	1985	5160	2961	1866	792	1705	2390	5553	1363	1912	5602	5397	4422	4695	2879	3901	2586	3716	2768	3636	4372	3957	3897	4517	4814	1806	157	2837	1300	3996	5958	505	1802	4491	3320	4452
6033	3505	3111	2642	6051	851	3593	4146	3026	194	5684	4929	5170	6055	5595	1965	4982	1874	4799	3508	3983	2195	3762	234	934	5525	3186	1114	2472	3452	3196	5233	4182	442	151	3499	5603	3537	1601	2093	4346	2373	738	2572	3679	1274	1267	3189	5452	2044	821	2042	3613	2560	3262	4838	1831	110	2181	2102	4555	5705	595	2343	3030	2483	6106	3410	2482	5079	676	3096	1680	110	2795	990	5280	4813	3043	1663	4320	3366	3414	2453	4017	4018	1756	5567	5846	1237	2539	5734	4197	4231	384	982	5916	3546	154	2047	1517	3652	552	5793	4877	3522	3700	3620	4261	3486	3778
2569	3670	2449	994	2475	285	2154	533	5608	2144	3500	1331	4143	166	2049	110	1121	2503	521	5685	4347	2273	5826	5032	110	3942	2084	3945	4335	5359	3880	6021	1843	1244	1319	3865	3642	500	2148	5522	3137	876	1288	779	2199	1427	1292	5318	2602	3343	813	2309	1212	4002	3826	4687	347	1518	6085	2457	4052	3281	3784	5938	4950	581	3410	6106	4325	2563	2773	1856	800	1173	1721	5583	3299	307	3421	1156	1657	4262	5499	6003	2783	5357	5126	1111	513	2501	3224	822	4875	5437	4560	5061	336	3021	600	1360	171	4848	4514	3824	2567	3291	110	4443	4588	2452	3856
358	332	4907	4299	4849	1222	838	4034	612	2807	1094	5084	2491	1832	4944	2299	641	5792	4057	5128	3969	3951	1597	380	2885	4696	3160	5072	2636	2890	1681	3273	4713	1325	1761	3558	1740	2264	5673	4926	4333	4841	1617	119	2545	1020	2737	643	1342	4641	1569	2893	4591	3045	5414	4880	2237	110	128	1395	4380	5788	5231	2073	340	4569	2482	4325	6106	507	5432	1674	4801	5039	2922	3053	2759	5436	2361	4164	1232	5612	4715	571	1727	3914	2388	3173	4512	2157	783	4735	3952	3176	5124	1790	2858	5358	3376	4342	4816	2097	3717	3932	3070	4102	3272	5703	4482	1078	799
4970	1162	1473	1151	2051	2431	4430	5183	2849	5266	2719	424	4818	4344	961	2592	2466	5004	3724	2324	1631	198	5830	3860	648	619	1935	1584	2315	1556	818	1461	412	4082	387	3119	362	1168	2848	965	5425	3675	5747	110	785	1822	6105	5377	212	3878	304	2325	4036	5117	3292	1724	2699	5010	3279	1633	3155	5130	5508	1401	1099	4559	5079	2563	507	6106	4253	5728	1973	5577	811	5207	4121	2983	714	2348	4711	3156	5310	658	3788	4423	4544	669	945	117	1464	998	5164	5588	3373	394	1743	5154	3166	2742	2406	856	3122	2745	5509	6071	4180	725	5671	5589	4786
1391	2437	339	1859	4920	6094	1616	1603	586	2788	5942	4097	2647	2106	1976	4481	2881	1899	2654	4080	1626	5136	759	5462	2520	2316	5248	4472	4408	2653	110	2513	5244	747	5166	3706	5228	4123	784	1778	1927	4760	5636	4716	2153	5391	1149	3202	4617	4918	4910	391	3466	597	5459	825	4125	5936	1699	4725	4499	5551	2182	3222	2936	5270	676	2773	5432	4253	6106	3040	625	483	4084	3672	110	5653	4565	2376	1881	4873	3564	3489	2755	5386	2568	3386	797	1871	3358	5619	4824	5479	1409	2571	6069	5497	1836	472	3882	443	4845	4628	4797	1058	4465	1830	5533	4105	1958
1396	5819	451	1434	679	2814	1596	2740	3295	4056	5596	1672	6005	4455	4745	5740	4207	5909	3986	2021	3733	1430	2076	5426	3966	4697	140	5075	4245	4240	4144	4264	803	3782	246	1350	348	5320	5887	5719	3673	2192	3401	1475	4930	888	4363	4454	4435	416	1555	5675	5706	489	4610	498	3493	5729	741	1365	3881	217	4671	1606	4773	4843	3096	1856	1674	5728	3040	6106	5797	4200	2663	5089	3118	4254	5471	4844	6045	360	367	688	4216	4145	3497	378	1341	1673	1530	3854	2753	110	4188	4141	2133	2022	4467	1246	5534	120	110	3960	3412	2857	111	5741	413	3743	3689
3346	1783	4935	5562	3920	1507	4118	4205	539	3602	3474	975	3591	1605	5605	2101	4705	2201	3721	5365	1570	3709	1376	420	3868	5285	2197	1364	3370	427	4978	3585	5184	1287	5791	5100	2860	2428	2869	3697	1453	5304	1318	110	4083	4338	4412	4425	2847	5874	2140	1241	3181	4292	1150	190	1054	5828	5880	5716	2082	2143	5823	4343	557	5501	1680	800	4801	1973	625	5797	6106	4881	902	4627	5111	1298	3036	5109	4021	5080	3985	5557	5457	3052	1952	2876	3469	3411	2597	863	5764	2550	2934	1776	4914	922	2690	5337	3468	3318	181	4618	3892	5773	629	6066	2322	3203	3180
2415	3676	3245	2839	4030	997	3171	4869	722	5929	458	1970	6059	1119	5455	3857	5242	1789	2459	731	5144	5360	3648	2680	3903	3207	5810	5739	1987	2632	5561	3514	3877	4791	5252	2799	3394	2130	5840	2806	4068	110	2538	2708	5268	915	421	1107	5571	3515	5548	5155	4089	554	5373	2016	5845	4789	2089	5021	1320	4977	2441	2121	2846	3731	110	1173	5039	5577	483	4200	4881	6106	5613	5934	2163	6008	1080	168	312	3059	1995	2541	5785	3149	199	3662	3158	325	3612	4643	1179	2594	5519	4445	1888	1791	2998	3549	2693	2775	1655	6089	2741	4459	3265	555	5047	110	5472
