3241	577	2575	278	1607	1101	753	2510	122	1030	748	143	1956	1524	86	1595	1214	1421	1598	350	1072	1768	808	2620	559	2401	505	2280	1567	3190	3114	1553	80	2482	2162	1659	2254	2147	2283	2146	1739	1377	1816	2035	1481	1091	3123	3193	2126	581	274	912	2600	650	267	831	840	80	3073	816	571	2603	2334	2013	80	3006	2787	2748	2788	1163	1602	809	2755	1558	2865	218	2303	2868	2646	2988	605
577	3241	1270	486	1304	1289	2406	1029	1006	2971	462	1614	3079	2285	1901	3018	2215	554	1004	1840	2087	320	1355	822	904	1435	504	85	791	3218	2451	290	2348	3093	2054	2729	1925	2459	2625	2030	3109	1833	2298	2206	1110	847	3099	1859	1855	742	2034	80	2838	2008	1515	2415	3140	1485	3106	1572	490	746	1514	2091	1033	2080	1884	3014	1559	2235	793	2969	951	449	2238	503	1758	319	295	1696	1701
2575	1270	3241	663	365	84	780	551	850	1517	3004	80	1359	1135	749	389	540	2641	137	2042	484	2185	257	1327	723	687	1408	2222	1095	3217	2829	923	2664	2263	3197	328	408	211	1885	706	2709	80	2501	1489	2574	342	2003	531	1821	1531	1784	80	1931	1940	1969	434	3130	2046	2982	2341	1198	724	231	542	756	2550	167	80	901	1539	2151	788	1679	2428	1482	2442	390	1322	921	1394	192
278	486	663	3241	1887	3033	1387	1081	885	2430	1990	960	2017	470	1715	1063	593	977	3148	1102	2778	168	2407	2015	2192	314	1985	636	560	2294	1578	2610	1610	242	2129	3198	1080	2214	1979	1218	1222	2302	1297	1809	886	2769	2051	276	201	1727	887	3082	2218	1790	2473	2697	707	2531	3230	710	2681	141	3110	2432	2390	2120	2338	435	2049	80	573	2580	2239	1968	1352	1951	2337	3134	1646	2392	3024
1607	1304	365	1887	3241	331	2269	80	2571	735	2131	1778	1700	673	2472	2622	950	1619	693	1570	402	1652	2309	2942	3143	1713	259	1060	1875	731	2484	1402	2887	1564	1710	2943	1596	169	3126	1648	153	837	2819	730	626	3232	2423	675	1645	2780	1027	1049	2204	1744	163	1465	1963	994	869	1734	1300	1382	701	2266	2023	867	283	1703	712	1416	1721	123	1215	3005	1615	120	1707	3068	1777	2022	80
1101	1289	84	3033	331	3241	2382	827	243	1486	1048	1097	2695	1171	80	2509	80	1826	2545	900	2209	2934	1237	80	774	2792	2805	619	1024	1997	1992	1256	3180	2690	2841	1681	1366	96	2193	1458	3115	2524	550	356	1405	2070	2651	582	1143	2318	3062	2872	2693	227	2205	2425	1569	2027	367	943	3102	2176	2818	2660	2246	1532	1015	2212	1462	2734	1945	2773	418	2373	2446	1187	186	2323	1338	2728	1839
753	2406	780	1387	2269	2382	3241	539	451	3113	1354	249	157	596	1611	2795	2914	1005	397	1285	965	3155	2232	296	1350	2520	80	80	1174	2270	2957	2277	726	1933	273	518	330	2648	2588	2174	2454	2986	3189	2456	2911	2040	1953	2882	615	1196	1719	681	482	954	199	1400	1192	2721	1165	1757	264	1948	783	467	2633	683	2836	2902	3091	946	1043	1330	1278	3048	2111	612	1814	522	2598	2559	2308
2510	1029	551	1081	80	827	539	3241	1691	2134	269	2745	757	3192	206	3234	3107	1841	1324	1658	222	715	396	2820	799	2828	1756	1127	2276	865	1527	2409	1970	2326	2845	1697	2661	1661	3090	1725	2048	2092	297	2130	230	1258	1835	1108	204	308	891	1348	2922	2101	2043	684	190	584	2903	3084	1944	941	2342	1877	193	294	1536	425	2875	513	1269	589	964	2273	1510	1319	3150	1689	2278	555	2931
122	1006	850	885	2571	243	451	1691	3241	1152	80	2417	1129	1157	229	1436	3038	200	3017	1672	602	734	2381	2913	2844	662	1775	752	685	1717	2675	195	1301	80	798	2723	1535	2635	284	1147	1709	1874	2217	395	649	247	1649	1498	2041	1225	80	2211	1090	2637	2444	1664	2065	3021	2505	1511	656	3070	806	413	2196	2810	2655	620	80	971	1311	2775	2156	2372	1326	2364	508	3049	1860	1442	3151
1030	2971	1517	2430	735	1486	3113	2134	1152	3241	2777	765	1533	1766	2229	483	2219	1641	3119	2613	2161	3229	1164	1474	182	2121	884	80	3118	2972	1280	697	2727	1767	644	2594	2088	1099	633	2860	134	2601	2435	1797	1550	1625	2984	2817	2106	2403	1793	2187	492	770	1811	1857	496	2878	624	1121	528	3124	2602	131	2127	1013	2579	1333	2148	1459	80	3058	475	973	682	2516	572	2181	2871	383	2534
748	462	3004	1990	2131	1048	1354	269	80	2777	3241	1035	2535	2568	446	2674	2375	2097	1853	1667	2297	1589	2898	2471	2108	1738	813	3096	1386	1111	80	933	2961	2802	2002	495	2286	1908	132	1444	2057	733	2396	1950	898	2895	1622	1871	1823	979	2720	1685	953	388	261	80	2856	1612	2203	896	176	409	361	2000	3238	2881	2858	1455	922	431	429	344	1812	543	2615	1520	2102	2573	836	2012	1980
143	1614	80	960	1778	1097	249	2745	2417	765	1035	3241	2141	2905	139	2762	1235	2894	1045	225	124	144	2378	2233	2596	3028	975	437	1296	2195	2642	661	2001	1087	2694	1424	1883	2271	1155	1989	2606	3210	2177	459	2522	1541	2339	1021	80	1025	510	1505	1232	3225	1002	1239	2963	1261	2757	2414	2290	354	2319	2098	1905	1760	1138	154	635	2252	789	1231	578	80	100	1639	346	634	119	2768	135
1956	3079	1359	2017	1700	2695	157	757	1129	1533	2535	2141	3241	2740	2689	362	1124	562	234	322	1864	371	3101	814	2173	874	601	2460	1675	187	3157	524	1640	817	2208	198	194	3199	3178	196	285	622	2589	1083	2707	920	1749	2004	244	818	616	80	1267	2512	2019	2228	400	1395	1638	2379	1252	1747	1984	1748	280	3060	417	1479	3112	873	766	2250	1773	2564	133	1184	858	507	1575	2665	140
1524	2285	1135	470	673	1171	596	3192	1157	1766	2568	2905	2740	3241	2242	3122	1409	2316	3057	2301	2713	1284	1294	2981	1907	1540	1428	2071	2996	2656	2611	2537	2560	1557	2064	1986	1587	2857	2324	2514	621	412	890	281	2020	1911	2711	2567	2262	1253	2491	2941	1548	1608	1846	2576	832	2546	304	1562	1452	2493	2304	925	3072	1283	2124	674	2750	1058	1233	287	1678	763	80	2143	2167	2854	3184	2781	2031
86	1901	749	1715	2472	80	1611	206	229	2229	446	139	2689	2242	3241	1210	2741	2752	3224	888	862	2708	368	152	2315	945	2605	2184	3067	245	660	2039	861	1334	1653	3158	3207	2616	2761	2005	1626	1185	2411	2696	2915	1670	327	812	2074	2123	1167	631	2349	450	1671	2332	1718	1845	81	1265	80	611	1890	2527	566	1353	2891	2639	1336	310	80	2356	91	2500	1780	2450	2704	1751	2494	570	2047
1595	3018	389	1063	2622	2509	2795	3234	1436	483	2674	2762	362	3122	1210	3241	97	889	80	3063	1824	1636	553	1663	1071	1113	300	892	1158	2306	1866	2885	2159	2445	2570	3139	876	2171	1898	853	1273	2116	3142	760	2577	219	1879	3051	1433	369	2966	2804	1529	117	170	2938	588	445	1112	2347	2654	2499	2935	948	1463	2307	981	1863	3047	1078	2322	1796	1074	2684	2904	2183	444	1411	509	312	2330
1214	2215	540	593	950	80	2914	3107	3038	2219	2375	1235	1124	1409	2741	97	3241	456	3172	3087	657	2237	2789	386	609	1954	2145	1822	1593	348	538	574	1039	1759	1878	424	1561	2312	655	2385	3052	530	1133	3156	393	2528	2628	962	1298	1894	1543	2624	105	1764	2806	2137	2018	149	82	2888	1785	1191	92	95	1742	2436	1142	102	419	2395	1193	228	2737	835	1378	1490	2916	2933	318	241	1802
1421	554	2641	977	1619	1826	1005	1841	200	1641	2097	2894	562	2316	2752	889	456	3241	2503	165	1434	1000	1737	903	1383	2029	268	3202	2758	2105	705	2736	1432	2889	1492	1369	2994	1842	469	1145	80	466	1272	552	2165	1711	1132	1590	2837	2867	639	1181	1381	2109	2439	567	1028	1794	1805	2389	2249	2785	935	147	998	1023	3146	1716	882	138	878	2897	931	3147	3111	1852	2735	672	526	263	3066
1598	1004	137	3148	693	2545	397	1324	3017	3119	1853	1045	234	3057	3224	80	3172	2503	3241	3045	2770	2973	1257	1915	336	3137	191	1168	755	842	1182	2800	1162	485	1207	1743	2305	569	1947	3226	1694	2798	407	1328	2965	1732	870	2879	80	255	1687	1478	2354	1674	643	1955	1861	3170	2840	1952	1128	2096	1154	2260	3240	399	2967	1938	2864	1545	2631	197	2507	2831	1588	2554	3055	443	2313	871	2629
350	1840	2042	1102	1570	900	1285	1658	1672	2613	1667	225	322	2301	888	3063	3087	165	3045	3241	834	2949	736	2374	1290	2157	2234	968	982	487	1073	600	754	938	547	129	2149	996	2197	2489	2103	1194	1637	2686	171	236	669	277	353	1477	910	1928	99	2144	1499	2251	2989	579	535	1179	1991	3145	162	521	404	815	3132	80	1103	2553	1011	1647	80	2530	1606	3108	1804	2715	1495	126	1959
1072	2087	484	2778	402	2209	965	222	602	2161	2297	124	1864	2713	862	1824	657	1434	2770	834	3241	2468	608	1149	251	145	594	3009	1329	3016	2649	2927	2566	743	1065	597	477	1415	1361	1617	2636	2010	2526	1504	978	1563	343	1630	2402	1736	224	702	1316	80	1212	232	3227	1920	3205	1770	2299	2078	1188	1746	1862	1634	2585	279	2387	1591	1475	3213	2024	455	376	740	337	1251	80	1356	2774
1768	320	2185	168	1652	2934	3155	715	734	3229	1589	144	371	1284	2708	1636	2237	1000	2973	2949	2468	3241	80	1161	2586	2353	453	1690	2284	80	3011	2650	1438	2037	2478	179	2801	1729	271	2954	357	2640	3117	3152	1118	3159	2469	3177	2405	2413	761	501	2245	2351	2437	2485	1345	744	3013	2997	2873	80	159	1488	516	1621	2426	239	3144	2267	2498	1062	3223	2910	1627	1843	2119	1032	2998	2630	1522
808	1355	257	2407	2309	1237	2232	396	2381	1164	2898	2378	3101	1294	368	553	2789	1737	1257	736	608	80	3241	1926	1240	1973	333	2397	1440	1123	464	2572	1331	1299	2551	1825	911	2293	1500	1208	2062	423	1313	741	2154	326	1919	80	1169	80	3043	1723	2599	2189	1399	80	3026	3188	80	2565	80	2380	478	1981	1876	2172	1094	1565	2812	790	166	872	3164	1341	2216	894	1755	468	2259	967	2408
2620	822	1327	2015	2942	80	296	2820	2913	1474	2471	2233	814	2981	152	1663	386	903	1915	2374	1149	1161	1926	3241	2085	1357	1306	1271	1471	358	1410	918	2797	303	1669	430	2281	1523	2492	1930	2113	3085	3092	491	2059	2604	1942	1401	2244	2779	2683	472	2153	1891	2363	2076	1012	1613	2807	1119	1016	1516	1819	2100	2563	908	317	2449	1632	2083	1995	3034	1889	3206	387	906	1542	338	1009	1412	2355
559	904	723	2192	3143	774	1350	799	2844	182	2108	2596	2173	1907	2315	1071	609	1383	336	1290	251	2586	1240	2085	3241	2917	1830	3074	1581	80	1134	1122	3095	1349	1390	2404	2883	630	1937	302	1226	1600	2936	2638	1994	3012	1086	2300	1975	599	2461	704	1141	1574	3046	1917	2327	172	3080	665	1706	151	824	721	217	316	2557	2060	2243	1787	952	2465	1546	2371	110	1761	517	1445	1064	1592	2090
2401	1435	687	314	1713	2792	2520	2828	662	2121	1738	3028	874	1540	945	1113	1954	2029	3137	2157	145	2353	1973	1357	2917	3241	1245	2427	3235	2321	2089	2688	272	1417	937	1844	2429	1173	340	2886	1363	1380	2699	1109	2072	101	1556	2117	1508	974	2536	148	2853	1197	1042	3029	3078	1076	439	80	2950	1393	1107	2135	1139	1238	1966	1003	1850	969	80	2422	3008	3208	849	2194	3239	970	2956	3200	2335
505	504	1408	1985	259	2805	80	1756	1775	884	813	975	601	1428	2605	300	2145	268	191	2234	594	453	333	1306	1830	1245	3241	421	452	2619	1340	1799	130	3077	638	2725	2540	2314	1430	2227	2926	1791	544	2128	203	2136	471	2265	2067	98	3010	2669	2980	2518	212	829	1242	1714	2880	2504	155	1547	202	1837	725	1088	1427	558	1372	235	2901	1642	1431	2343	480	3175	2365	2311	2581	2591	3135
2280	85	2222	636	1060	619	80	1127	752	80	3096	437	2460	2071	2184	892	1822	3202	1168	968	3009	1690	2397	1271	3074	2427	421	3241	125	1828	732	221	841	161	2164	1461	2653	266	1815	214	699	2210	410	3191	111	1403	1949	1620	877	2730	2995	794	852	1126	2558	2521	1599	1228	1146	2050	2399	534	1832	722	2095	784	2756	1429	1034	958	3022	1782	2350	1506	3032	352	1310	828	114	1929	1243
1567	791	1095	560	1875	1024	1174	2276	685	3118	1386	1296	1675	2996	3067	1158	1593	2758	755	982	1329	2284	1440	1471	1581	3235	452	125	3241	2370	1295	985	632	1454	575	2990	1286	414	2433	2479	2987	2945	2677	2476	80	2718	2340	1654	864	1262	2790	1655	1827	1014	2555	3221	2608	2006	2202	1423	2028	1594	695	178	1385	2977	1199	1525	2724	115	2932	1325	2045	1010	3131	2710	563	2261	1075	1114	680
3190	3218	3217	2294	731	1997	2270	865	1717	2972	1111	2195	187	2656	245	2306	348	2105	842	487	3016	80	1123	358	80	2321	2619	1828	2370	3241	3138	2706	422	1662	2676	1509	3195	3044	1897	1936	2104	3097	1906	2200	909	2834	1551	2692	1175	1895	677	1900	3166	2607	2946	1420	237	3065	3220	2359	1526	2912	607	3002	189	2274	2866	3169	93	80	1093	2253	3105	2230	2851	1538	1051	1404	3231	679	1939
3114	2451	2829	1578	2484	1992	2957	1527	2675	1280	80	2642	3157	2611	660	1866	538	705	1182	1073	2649	3011	464	1410	1134	2089	1340	732	1295	3138	3241	991	2846	3187	591	2960	1705	506	1260	1656	3182	949	488	2191	604	2921	1085	379	2525	1450	3061	2517	80	2747	1503	587	1360	250	307	2870	1464	2362	1209	465	1202	2542	3186	1918	415	1521	1579	2025	2794	1999	416	80	1688	1888	2474	2970	116
1553	290	923	2610	1402	1256	2277	2409	195	697	933	661	524	2537	2039	2885	574	2736	2800	600	2927	2650	2572	918	1122	2688	1799	221	985	2706	991	3241	2813	993	1666	2985	265	2657	3035	654	2053	899	848	1365	80	606	990	1211	1847	3071	2670	282	351	185	1893	804	1469	80	2983	777	1633	1089	2862	924	112	2590	1537	1084	694	1418	2672	1203	2410	1854	2466	1693	1159	373	1255	556	80
80	2348	2664	1610	2887	3180	726	1970	1301	2727	2961	2001	1640	2560	861	2159	1039	1432	1162	754	2566	1438	1331	2797	3095	272	130	841	632	422	2846	2813	3241	1170	1037	398	1190	2799	1801	825	1230	1026	1092	1136	1810	786	1263	2082	2884	703	2968	771	360	1117	2685	1448	696	2668	1935	1397	347	2612	2859	80	2617	2477	2726	494	1379	1375	2186	2434	2495	2746	2541	2282	391	1730	1321	479	520
2482	3093	2263	242	1564	2690	1933	2326	80	1767	2802	1087	817	1557	1334	2445	1759	2889	485	938	743	2037	1299	303	1349	1417	3077	161	1454	1662	3187	993	1170	3241	830	2497	223	905	955	1302	2821	385	762	2376	1605	2978	846	438	118	1684	2861	2481	1892	997	1439	476	1266	1974	1480	689	2850	2506	1052	583	1913	2391	2464	226	3215	1259	1712	2979	1282	915	341	1686	2055	709	2722	1728	549
2162	2054	3197	2129	1710	2841	273	2845	798	644	2002	2694	2208	2064	1653	2570	1878	1492	1207	547	1065	2478	2551	1669	1390	937	638	2164	575	2676	591	1666	1037	830	3241	795	2223	2179	1291	859	2069	3174	1865	2701	1368	1566	1708	927	1765	2899	987	805	3201	80	779	2760	1702	2383	275	2893	2138	1323	2839	3030	1534	2331	3233	2140	2112	2139	3027	2352	738	2561	1001	2115	1140	2099	2964	1342	158
1659	2729	328	3198	2943	1681	518	1697	2723	2594	495	1424	198	1986	3158	3139	424	1369	1743	129	597	179	1825	430	2404	1844	2725	1461	2990	1509	2960	2985	398	2497	795	3241	2739	851	2086	215	372	1274	2496	2847	2791	700	548	666	598	324	1047	1932	2753	3041	3204	1576	1396	89	382	2765	1493	1392	80	332	940	2160	595	2955	2815	2448	80	1834	2400	2463	323	2890	1414	2268	2863	745	1441
2254	1925	408	1080	1596	1366	330	2661	1535	2088	2286	1883	194	1587	3207	876	1561	2994	2305	2149	477	2801	911	2281	2883	2429	2540	2653	1286	3195	1705	265	1190	223	2223	2739	3241	1618	1867	2438	1137	83	1583	3176	2075	1374	2366	2257	2766	1370	458	2467	1036	529	3025	2906	2073	2114	3236	256	868	1586	270	1788	1699	80	2386	88	1472	519	856	1391	1281	1668	80	233	210	2336	1069	1038	104
2147	2459	211	2214	169	96	2648	1661	2635	1099	1908	2271	3199	2857	2616	2171	2312	1842	569	996	1415	1729	2293	1523	630	1173	2314	266	414	3044	506	2657	2799	905	2179	851	1618	3241	1347	108	80	80	183	930	980	2452	580	536	1903	1473	2220	2344	2976	1856	2539	541	2826	1870	80	1066	671	293	525	3001	3040	1635	2993	2462	403	1068	2419	370	2763	711	627	2533	1008	893	428	907	772
2283	2625	1885	1979	3126	2193	2588	3090	284	633	132	1155	3178	2324	2761	1898	655	469	1947	2197	1361	271	1500	2492	1937	340	1430	1815	2433	1897	1260	3035	1801	955	1291	2086	1867	1347	3241	1604	2623	2026	2959	1337	1774	448	321	2066	1344	1924	2784	454	1998	3015	2920	1577	3154	2948	2552	80	511	2991	2627	803	3064	688	1960	1752	2825	175	173	1096	618	2975	2056	2556	3209	2247	658	2155	1941
2146	2030	706	1218	1648	1458	2174	1725	1147	2860	1444	1989	196	2514	2005	853	2385	1145	3226	2489	1617	2954	1208	1930	302	2886	2227	214	2479	1936	1656	654	825	1302	859	215	2438	108	1604	3241	1987	2440	2547	2226	719	345	80	90	87	3031	420	1571	1362	384	2317	473	514	1972	306	2892	1426	2719	2325	1457	3194	1597	1292	109	1449	1731	3000	2929	2732	2052	1818	3129	1971	181	1413	3100	142
1739	3109	2709	1222	153	3115	2454	2048	1709	134	2057	2606	285	621	1626	1273	3052	80	1694	2103	2636	357	2062	2113	1226	1363	2926	699	2987	2104	3182	2053	1230	2821	2069	372	1137	80	2623	1987	3241	857	1501	776	2221	1631	778	919	177	366	299	1100	2626	1019	498	1519	1373	3125	1287	2367	2443	2441	213	2388	2258	1657	2384	810	2738	2021	1916	3222	2486	2345	1983	2377	2068	2548	1244	2178	1234
1377	1833	80	2302	837	2524	2986	2092	1874	2601	733	3210	622	412	1185	2116	530	466	2798	1194	2010	2640	423	3085	1600	1380	1791	2210	2945	3097	949	899	1026	385	3174	1274	83	80	2026	2440	857	3241	3103	2764	1848	3088	2702	590	381	2595	2680	913	976	1549	1704	800	2291	2771	1677	668	1957	1041	1961	1817	1254	2958	1406	2398	2133	928	1279	80	2084	2643	1335	585	2823	1904	750	1275	335
1816	2298	2501	1297	2819	550	3189	297	2217	2435	2396	2177	2589	890	2411	3142	1133	1272	407	1637	2526	3117	1313	3092	2936	2699	544	410	2677	1906	488	848	1092	762	1865	2496	1583	183	2959	2547	1501	3103	3241	2908	2213	2583	2487	2569	1726	1624	262	2420	708	80	292	311	2036	586	2621	613	637	2198	1104	2360	2168	2658	2811	2848	917	1733	1909	2475	1178	3104	380	2275	1676	364	433	1967	1912
2035	2206	1489	1809	730	356	2456	2130	395	1797	1950	459	1083	281	2696	760	3156	552	1328	2686	1504	3152	741	491	2638	1109	2128	3191	2476	2200	2191	1365	1136	2376	2701	2847	3176	930	1337	2226	776	2764	2908	3241	2094	2999	80	1315	844	2776	3141	1507	2455	1869	1172	1831	1277	2255	1628	3203	3056	2919	3042	209	821	1683	2809	1976	2742	2592	1660	1053	1224	3094	1220	1560	2782	1779	1789	610	2918
1481	1110	2574	886	626	1405	2911	230	649	1550	898	2522	2707	2020	2915	2577	393	2165	2965	171	978	1118	2154	2059	1994	2072	203	111	80	909	604	80	1810	1605	1368	2791	2075	980	1774	719	2221	1848	2213	2094	3241	767	2584	698	775	2549	2538	260	1460	1491	121	1293	2743	1750	1307	463	797	3211	2328	436	1851	499	2907	2645	1673	2925	2014	1376	2118	481	1388	1923	1682	363	474	1470	1776
1091	847	342	2769	3232	2070	2040	1258	247	1625	2895	1541	920	1911	1670	219	2528	1711	1732	236	1563	3159	326	2604	3012	101	2136	1403	2718	2834	2921	606	786	2978	1566	700	1374	2452	448	345	1631	3088	2583	2999	767	3241	2523	401	764	1144	897	1120	1836	1040	664	880	686	739	80	1988	1858	1156	956	2180	2849	653	2876	895	432	156	2733	936	1407	3003	934	1116	1650	160	1115	3161	792
3123	3099	2003	2051	2423	2651	1953	1835	1649	2984	1622	2339	1749	2711	327	1879	2628	1132	870	669	343	2469	1919	1942	1086	1556	471	1949	2340	1551	1085	990	1263	846	1708	548	2366	580	321	80	778	2702	2487	80	2584	2523	3241	1601	1082	392	1934	80	2644	773	1247	3162	2951	334	2394	854	164	1807	3128	713	288	2529	1692	1425	1530	3083	3136	2044	3133	959	2287	1467	2673	747	2142	678	2544
3193	1859	531	276	675	582	2882	1108	1498	2817	1871	1021	2004	2567	812	3051	962	1590	2879	277	1630	3177	80	1401	2300	2117	2265	1620	1654	2692	379	1211	2082	438	927	666	2257	536	2066	90	919	590	2569	1315	698	401	1601	3241	2457	447	1651	2928	2369	2333	787	3076	826	1781	1098	2502	692	1643	2632	1609	1584	1007	1389	2190	523	1502	3086	1079	963	932	532	2447	2703	2830	1554	2634	2562
2126	1855	1821	201	1645	1143	615	204	2041	2106	1823	80	244	2262	2074	1433	1298	2837	80	353	2402	2405	1169	2244	1975	1508	2067	877	864	1175	2525	1847	2884	118	1765	598	2766	1903	1344	87	177	381	1726	844	775	764	1082	2457	3241	188	1309	1544	3098	1528	298	545	646	208	839	329	2705	1180	1276	359	1487	2877	2652	1308	1476	254	2992	460	1358	2940	2256	103	1740	1582	2188	1044	652
581	742	1531	1727	2780	2318	1196	308	1225	2403	979	1025	818	1253	2123	369	1894	2867	255	1477	1736	2413	80	2779	599	974	98	2730	1262	1895	1450	3071	703	1684	2899	324	1370	1473	1924	3031	366	2595	1624	2776	2549	1144	392	447	188	3241	1568	127	2361	80	80	782	1927	80	2712	309	1166	205	3149	2231	2292	1189	80	716	1896	427	988	1735	929	883	2962	2416	313	1753	866	1176	2587
274	2034	1784	887	1027	3062	1719	891	80	1793	2720	510	616	2491	1167	2966	1543	639	1687	910	224	761	3043	2683	2461	2536	3010	2995	2790	677	3061	2670	2968	2861	987	1047	458	2220	2784	420	299	2680	262	3141	2538	897	1934	1651	1309	1568	3241	301	1754	1451	1177	289	2241	2678	246	441	2368	1150	2814	2470	3173	1288	3116	1346	2480	2490	642	1585	2107	727	405	2061	1483	2236	1246	737	3036
912	80	80	3082	1049	2872	681	1348	2211	2187	1685	1505	80	2941	631	2804	2624	1181	1478	1928	702	501	1723	472	704	148	2669	794	1655	1900	2517	282	771	2481	805	1932	2467	2344	454	1571	1100	913	2420	1507	260	1120	80	2928	1544	127	301	3241	1219	2458	174	728	252	1769	2944	286	3053	1695	2793	2011	2077	1205	2822	2169	926	150	1982	811	1160	1018	527	1868	2038	1067	406	2682	2488
2600	2838	1931	2218	2204	2693	482	2922	1090	492	953	1232	1267	1548	2349	1529	105	1381	2354	99	1316	2245	2599	2153	1141	2853	2980	852	1827	3166	80	351	360	1892	3201	2753	1036	2976	1998	1362	2626	976	708	2455	1460	1836	2644	2369	3098	2361	1754	1219	3241	2717	1339	184	2513	2691	1200	879	676	2667	641	1312	1305	2248	1993	2824	823	845	1320	1820	843	1771	1186	939	2093	2163	1880	640	1456
650	2008	1940	1790	1744	227	954	2101	2637	770	388	3225	2512	1608	450	117	1764	2109	1674	2144	80	2351	2189	1891	1574	1197	2518	1126	1014	2607	2747	185	1117	997	80	3041	529	1856	3015	384	1019	1549	80	1869	1491	1040	773	2333	1528	80	1451	2458	2717	3241	1808	3219	2418	1580	2240	1054	240	807	2937	1497	1958	648	2289	1466	248	1512	515	565	983	645	1318	2842	1603	3059	914	1468	1881
267	1515	1969	2473	163	2205	199	2043	2444	1811	261	1002	2019	1846	1671	170	2806	2439	643	1499	1212	2437	1399	2363	3046	1042	212	2558	2555	2946	1503	1893	2685	1439	779	3204	3025	2539	2920	2317	498	1704	292	1172	121	664	1247	787	298	80	1177	174	1339	1808	3241	489	1741	1513	2869	2152	1813	1221	1629	2751	2671	180	3212	1829	1314	500	690	2909	1151	1248	1216	1031	972	3054	647	1616	394
831	2415	434	2697	1465	2425	1400	684	1664	1857	80	1239	2228	2576	2332	2938	2137	567	1955	2251	232	2485	80	2076	1917	3029	829	2521	3221	1420	587	804	1448	476	2760	1576	2906	541	1577	473	1519	800	311	1831	1293	880	3162	3076	545	782	289	728	184	3219	489	3241	2421	2803	2609	2310	3050	1367	1996	136	1946	2511	2207	1056	2947	378	2079	113	537	916	1745	1057	1351	875	751	838	107
840	3140	3130	707	1963	1569	1192	190	2065	496	2856	2963	400	832	1718	588	2018	1028	1861	2989	3227	1345	3026	1012	2327	3078	1242	1599	2608	237	1360	1469	696	1266	1702	1396	2073	2826	3154	514	1373	2291	2036	1277	2743	686	2951	826	646	1927	2241	252	2513	2418	1741	2421	3241	2201	80	426	902	1886	819	2272	1873	2952	1803	942	3037	1698	1798	457	258	2508	833	592	3020	2519	1921	1201	1223
80	1485	2046	2531	994	2027	2721	584	3021	2878	1612	1261	1395	2546	1845	445	149	1794	3170	579	1920	744	3188	1613	172	1076	1714	1228	2006	3065	250	80	2668	1974	2383	89	2114	1870	2948	1972	3125	2771	586	2255	1750	739	334	1781	208	80	2678	1769	2691	1580	1513	2803	2201	3241	2295	1343	1453	1762	3183	325	564	1371	1317	2424	94	349	1783	1046	2593	2953	617	1623	2009	2358	305	1303	2412
3073	3106	2982	3230	869	367	1165	2903	2505	624	2203	2757	1638	304	81	1112	82	1805	2840	535	3205	3013	80	2807	3080	439	2880	1146	2202	3220	307	2983	1935	1480	275	382	3236	80	2552	306	1287	1677	2621	1628	1307	80	2394	1098	839	2712	246	2944	1200	2240	2869	2609	80	2295	3241	497	3039	1447	2930	502	1268	2716	1070	986	2744	1227	2288	253	659	2393	2357	1763	3007	2007	1236	1644	1398
816	1572	2341	710	1734	943	1757	3084	1511	1121	896	2414	2379	1562	1265	2347	2888	2389	1952	1179	1770	2997	2565	1119	665	80	2504	2050	1423	2359	2870	777	1397	689	2893	2765	256	1066	80	2892	2367	668	613	3203	463	1988	854	2502	329	309	441	286	879	1054	2152	2310	426	1343	497	3241	493	2532	2833	2224	546	1792	2320	2731	999	1494	2843	3069	2279	759	220	375	1148	2597	512	1910	1555
571	490	1198	2681	1300	3102	264	1944	656	528	176	2290	1252	1452	80	2654	1785	2249	1128	1991	2299	2873	80	1016	1706	2950	155	2399	2028	1526	1464	1633	347	2850	2138	1493	868	671	511	1426	2443	1957	637	3056	797	1858	164	692	2705	1166	2368	3053	676	240	1813	3050	902	1453	3039	493	3241	411	2296	614	2855	238	2754	1105	146	3171	625	1206	855	801	769	2032	1872	2122	966	568	781
2603	746	724	141	1382	2176	1948	941	3070	3124	409	354	1747	2493	611	2499	1191	2785	2096	3145	2078	80	2380	1516	151	1393	1547	534	1594	2912	2362	1089	2612	2506	1323	1392	1586	293	2991	2719	2441	1041	2198	2919	3211	1156	1807	1643	1180	205	1150	1695	2667	807	1221	1367	1886	1762	1447	2532	411	3241	2852	3228	1772	1213	691	1183	2346	2939	1022	2808	461	128	2700	2329	3163	623	2063	1722	1264
2334	1514	231	3110	701	2818	783	2342	806	2602	361	2319	1984	2304	1890	2935	92	935	1154	162	1188	159	478	1819	824	1107	202	1832	695	607	1209	2862	2859	1052	2839	80	270	525	2627	2325	213	1961	1104	3042	2328	956	3128	2632	1276	3149	2814	2793	641	2937	1629	1996	819	3183	2930	2833	2296	2852	3241	3237	667	2666	2663	947	1978	1484	989	768	629	881	1786	628	2832	3165	2659	2924	2698
2013	2091	542	2432	2266	2660	467	1877	413	131	2000	2098	1748	925	2527	948	95	147	2260	521	1746	1488	1981	2100	721	2135	1837	722	178	3002	465	924	80	583	3030	332	1788	3001	803	1457	2388	1817	2360	209	436	2180	713	1609	359	2231	2470	2011	1312	1497	2751	136	2272	325	502	2224	614	3228	3237	3241	1332	1962	2132	1059	1437	3167	3153	1443	2158	1496	1130	2431	860	1922	216	1131	291
80	1033	756	2390	2023	2246	2633	193	2196	2127	3238	1905	280	3072	566	1463	1742	998	3240	404	1862	516	1876	2563	217	1139	725	2095	1385	189	1202	112	2617	1913	1534	940	1699	3040	3064	3194	2258	1254	2168	821	1851	2849	288	1584	1487	2292	3173	2077	1305	1958	2671	1946	1873	564	1268	546	2855	1772	667	1332	3241	1077	2759	984	533	2016	2687	377	2483	2199	3196	863	80	2647	995	758	714
3006	2080	2550	2120	867	1532	683	294	2810	1013	2881	1760	3060	1283	1353	2307	2436	1023	399	815	1634	1621	2172	908	316	1238	1088	784	2977	2274	2542	2590	2477	2391	2331	2160	80	1635	688	1597	1657	2958	2658	1683	499	653	2529	1007	2877	1189	1288	1205	2248	648	180	2511	2952	1371	2716	1792	238	1213	2666	1962	1077	3241	374	2166	2182	2835	1806	2874	1724	1229	1241	1446	1964	3127	717	1518	106
2787	1884	167	2338	283	1015	2836	1536	2655	2579	2858	1138	417	2124	2891	981	1142	3146	2967	3132	2585	2426	1094	317	2557	1966	1427	2756	1199	2866	3186	1537	2726	2464	3233	595	2386	2993	1960	1292	2384	1406	2811	2809	2907	2876	1692	1389	2652	80	3116	2822	1993	2289	3212	2207	1803	1317	1070	2320	2754	691	2663	2132	2759	374	3241	3185	2786	557	2081	1364	1680	1902	720	1849	1965	820	2679	442	785
2748	3014	80	435	1703	2212	2902	425	620	1333	1455	154	1479	674	2639	1863	102	1716	1938	80	279	239	1565	2449	2060	1003	558	1429	1525	3169	1918	1084	494	226	2140	2955	88	2462	1752	109	810	2398	2848	1976	2645	895	1425	2190	1308	716	1346	2169	2824	1466	1829	1056	942	2424	986	2731	1105	1183	947	1059	984	2166	3185	3241	3081	651	603	1384	3121	2783	3168	1204	2816	1838	2225	1422	3179
2788	1559	901	2049	712	1462	3091	2875	80	2148	922	635	3112	2750	1336	3047	419	882	2864	1103	2387	3144	2812	1632	2243	1850	1372	1034	2724	93	415	694	1379	3215	2112	2815	1472	403	2825	1449	2738	2133	917	2742	1673	432	1530	523	1476	1896	2480	926	823	248	1314	2947	3037	94	2744	999	146	2346	1978	1437	533	2182	2786	3081	3241	1125	2796	2900	1573	2772	957	2150	3181	3216	561	2515	944
1163	2235	1539	80	1416	2734	946	513	971	1459	431	2252	873	1058	310	1078	2395	138	1545	2553	1591	2267	790	2083	1787	969	235	958	115	80	1521	1418	1375	1259	2139	2448	519	1068	175	1731	2021	928	1733	2592	2925	156	3083	1502	254	427	2490	150	845	1512	500	378	1698	349	1227	1494	3171	2939	1484	3167	2016	2835	557	651	1125	3241	1977	339	1250	3160	2614	1020	1419	2923	315	80	1195
1602	793	2151	573	1721	1945	1043	1269	1311	80	429	789	766	1233	80	2322	1193	878	2631	1011	1475	2498	166	1995	952	80	2901	3022	2932	1093	1579	2672	2186	1712	3027	80	856	2419	173	3000	1916	1279	1909	1660	2014	2733	3136	3086	2992	988	642	1982	1320	515	690	2079	1798	1783	2288	2843	625	1022	989	3153	2687	1806	2081	603	2796	1977	3241	355	2058	1055	80	3075	1882	3120	1153	3214	796
809	2969	788	2580	123	2773	1330	589	2775	3058	344	1231	2250	287	2356	1796	228	2897	197	1647	3213	1062	872	3034	2465	2422	1642	1782	1325	2253	2025	1203	2434	2979	2352	1834	1391	370	1096	2929	3222	80	2475	1053	1376	936	2044	1079	460	1735	1585	811	1820	565	2909	113	457	1046	253	3069	1206	2808	768	1443	377	2874	1364	1384	2900	339	355	3241	961	2618	2896	1720	3089	2543	1914	2125	2662
2755	951	1679	2239	1215	418	1278	964	2156	475	1812	578	1773	1678	91	1074	2737	931	2507	80	2024	3223	3164	1889	1546	3008	1431	2350	2045	3105	2794	2410	2495	1282	738	2400	1281	2763	618	2732	2486	2084	1178	1224	2118	1407	3133	963	1358	929	2107	1160	843	983	1151	537	258	2593	659	2279	855	461	629	2158	2483	1724	1680	3121	1573	1250	2058	961	3241	440	207	2110	1017	802	1106	2175	3023
1558	449	2428	1968	3005	2373	3048	2273	2372	973	543	80	2564	763	2500	2684	835	3147	2831	2530	455	2910	1341	3206	2371	3208	2343	1506	1010	2230	1999	1854	2746	915	2561	2463	1668	711	2975	2052	2345	2643	3104	3094	481	3003	959	932	2940	883	727	1018	1771	645	1248	916	2508	2953	2393	759	801	128	881	1496	2199	1229	1902	2783	2772	3160	1055	2618	440	3241	2264	718	729	2749	1050	1217	2827
2865	2238	1482	1352	1615	2446	2111	1510	1326	682	2615	100	133	80	1780	2904	1378	3111	1588	1606	376	1627	2216	387	110	849	480	3032	3131	2851	416	2466	2541	341	1001	323	80	627	2056	1818	1983	1335	380	1220	1388	934	2287	532	2256	2962	405	527	1186	1318	1216	1745	833	617	2357	220	769	2700	1786	1130	3196	1241	720	3168	957	2614	80	2896	207	2264	3241	1800	1061	670	2170	1552	1249
218	503	2442	1951	120	1187	612	1319	2364	2516	1520	1639	1184	2143	2450	2183	1490	1852	2554	3108	740	1843	894	906	1761	2194	3175	352	2710	1538	80	1693	2282	1686	2115	2890	233	2533	2556	3129	2377	585	2275	1560	1923	1116	1467	2447	103	2416	2061	1868	939	2842	1031	1057	592	1623	1763	375	2032	2329	628	2431	863	1446	1849	1204	2150	1020	3075	1720	2110	718	1800	3241	2453	1795	2767	2974	992
2303	1758	390	2337	1707	186	1814	3150	508	572	2102	346	858	2167	2704	444	2916	2735	3055	1804	337	2119	1755	1542	517	3239	2365	1310	563	1051	1688	1159	391	2055	1140	1414	210	1008	3209	1971	2068	2823	1676	2782	1682	1650	2673	2703	1740	313	1483	2038	2093	1603	972	1351	3020	2009	3007	1148	1872	3163	2832	860	80	1964	1965	2816	3181	1419	1882	3089	1017	729	1061	2453	3241	1665	576	2578	2582
2868	319	1322	3134	3068	2323	522	1689	3049	2181	2573	634	507	2854	1751	1411	2933	672	443	2715	1251	1032	468	338	1445	970	2311	828	2261	1404	1888	373	1730	709	2099	2268	2336	893	2247	181	2548	1904	364	1779	363	160	747	2830	1582	1753	2236	1067	2163	3059	3054	875	2519	2358	2007	2597	2122	623	3165	1922	2647	3127	820	1838	3216	2923	3120	2543	802	2749	670	1795	1665	3241	2033	80	2714
2646	295	921	1646	1777	1338	2598	2278	1860	2871	836	119	1575	3184	2494	509	318	526	2313	1495	80	2998	2259	1009	1064	2956	2581	114	1075	3231	2474	1255	1321	2722	2964	2863	1069	428	658	1413	1244	750	433	1789	474	1115	2142	1554	2188	866	1246	406	1880	914	647	751	1921	305	1236	512	966	2063	2659	216	995	717	2679	2225	561	315	1153	1914	1106	1050	2170	2767	576	2033	3241	1943	1899
2988	1696	1394	2392	2022	2728	2559	555	1442	383	2012	2768	2665	2781	570	312	241	263	871	126	1356	2630	967	1412	1592	3200	2591	1929	1114	679	2970	556	479	1728	1342	745	1038	907	2155	3100	2178	1275	1967	610	1470	3161	678	2634	1044	1176	737	2682	640	1468	1616	838	1201	1303	1644	1910	568	1722	2924	1131	758	1518	442	1422	2515	80	3214	2125	2175	1217	1552	2974	2578	80	1943	3241	3019
605	1701	192	3024	80	1839	2308	2931	3151	2534	1980	135	140	2031	2047	2330	1802	3066	2629	1959	2774	1522	2408	2355	2090	2335	3135	1243	680	1939	116	80	520	549	158	1441	104	772	1941	142	1234	335	1912	2918	1776	792	2544	2562	652	2587	3036	2488	1456	1881	394	107	1223	2412	1398	1555	781	1264	2698	291	714	106	785	3179	944	1195	796	2662	3023	2827	1249	992	2582	2714	1899	3019	3241
