5051	4179	4048	575	3185	328	100	1940	2404	2920	4997	4603	3727	652	3196	3639	244	4014	152	1505	352	4473	4724	4808	4153	2633	3027	4696	1939	690	256	753	1399	962	3808	3487	2249	813	4522	3220	4926	1503	1472	994	2880	4991	2684	919	1103	3282	744	4472	590	3705	4239	850	4910	5040	3369	1145	2356	4055	1416	2863	1835	3711	2283	4751	577	2695	4591	1007	2489	4776	1501	3014	3751	4698	4244	2552	4597	2568	1763	4414	2205	1813	4071	501	1442	2719	4938	2565	3620	2081	4717	4917	1485	1761	4107	2238	4536
4179	5051	4215	1046	3127	4618	2220	1412	935	3817	3265	987	2463	3720	3060	4296	3300	1767	3679	1866	4974	4236	1220	3214	408	4454	1435	2833	671	2709	2597	880	4928	2242	5024	2051	3278	1849	1858	2978	3242	1916	3635	2757	2467	4256	788	848	2948	3601	4466	1682	4807	4109	198	2580	100	1192	4834	4034	2749	463	3474	4312	3948	4232	101	3969	4727	915	100	1458	3589	4548	4792	3372	2865	3066	637	2761	4504	100	3871	976	4752	2175	2266	192	4575	2099	4829	911	3889	3728	1661	4721	3568	293	2216	2224	1721
4048	4215	5051	3546	119	2666	916	3375	3315	1963	2720	394	338	3106	100	2471	4385	1058	1391	1234	4410	2841	3623	2292	1816	2355	130	1363	4421	2855	877	1008	591	2515	3250	4347	3596	2479	4528	216	3041	2603	189	3571	4381	1369	874	3247	2712	2476	3564	1504	1255	3906	3319	1980	466	2627	4738	3199	3791	2134	2743	2304	3438	4416	1263	1269	2903	1402	2147	771	2750	2985	2149	878	4084	1289	3559	4419	827	1178	4615	3076	2067	3857	3184	1376	4970	1782	707	3108	2086	576	3724	1348	1988	3175	508	3085	4804
575	1046	3546	5051	4056	3173	4272	3973	2634	1102	3134	2016	685	2975	1850	100	4275	1427	1342	2181	4047	4955	1463	2772	1621	1885	4812	3865	2540	2553	390	1567	4359	3851	426	4705	403	3493	4251	4526	4893	2693	3496	3911	2082	1100	100	1719	4257	1468	4690	3525	3618	3756	1697	1746	653	1170	2379	1768	3675	453	2317	2942	1839	334	1465	380	2383	1602	3749	442	100	4960	277	1149	1774	1701	1003	1670	221	4745	3545	4880	3314	4564	3921	3273	4681	4793	4072	100	3272	3903	3252	3738	497	100	2066	1931	1334
3185	3127	119	4056	5051	966	1469	5015	4847	4429	992	3734	1158	178	5039	415	2781	1758	395	3221	4018	1779	461	1116	1771	2658	906	1112	3228	3275	764	3146	1299	3062	2065	1509	4663	1725	3094	4306	3725	359	2981	1902	2286	1017	3722	1660	439	2620	2146	1717	2042	1466	2811	3433	775	4846	3313	545	261	2141	1419	2439	2543	2399	4520	2807	369	389	1991	3864	4622	3695	3600	4057	2868	3760	2563	949	4334	3866	2937	1784	2829	4777	597	3637	4806	620	2034	100	4613	3787	2499	845	4988	4892	3024	1604	851
328	4618	2666	3173	966	5051	429	1837	4809	237	1331	1792	2123	354	665	655	811	2756	3614	1366	4195	2269	310	1302	100	3860	483	4091	1529	2918	100	3116	284	1644	4331	2793	4589	4962	2180	4086	323	275	1927	1251	2872	4235	4781	1709	718	4276	5043	4213	1250	3028	2253	3149	4902	2326	692	901	2264	4372	2668	4237	485	4966	4655	267	2394	1138	346	3850	4155	617	1690	3005	1524	4456	2418	2385	1135	4089	3868	224	137	3686	4314	3789	2979	4896	592	4269	3978	4397	3081	3337	797	4434	4183	1976	4645
100	2220	916	4272	1469	429	5051	858	2212	4401	1595	3938	4803	2024	4371	2551	424	710	3074	1913	4320	4481	941	2900	517	535	794	2466	449	2740	4363	2537	4192	1244	112	615	157	1553	2300	120	3439	2094	2884	2768	854	2588	2369	2416	3235	3971	634	1598	529	1684	3904	1013	4131	1919	3299	491	4857	421	1199	3129	2500	2218	4773	2585	4127	2170	3950	2415	100	3997	2940	948	3354	4260	3227	3977	4918	3780	3488	1755	619	3237	1687	2650	749	1309	583	921	1561	4389	3476	1183	2430	4545	3376	2329	2243
1940	1412	3375	3973	5015	1837	858	5051	1828	4043	1802	1713	100	926	4535	1949	4943	5037	3672	986	1552	3038	1678	4352	1119	2952	2465	3827	1542	2950	457	4247	1262	1872	1228	3935	4460	4929	2883	3799	3288	1724	3183	3440	1805	3179	557	4351	3198	1186	613	1125	4146	2583	1450	3555	3366	2274	730	2173	2836	286	2617	4886	735	3211	358	1315	940	188	643	3819	1030	1707	1993	4501	3517	1219	1380	3758	3914	3670	3801	2802	4531	1630	4041	3652	699	3051	195	1373	3813	1662	1918	4291	1770	3324	3761	2791	3359
2404	935	3315	2634	4847	4809	2212	1828	5051	1104	4842	3509	3249	1999	3111	4092	1034	1533	4489	3417	294	4063	141	3516	2800	3333	2091	4463	1169	3704	2608	1497	4030	420	2188	1900	578	2156	838	1773	446	1113	4395	4315	4968	4668	1629	4354	1428	417	233	4523	806	631	102	3335	4045	218	2912	2765	1917	694	1710	2396	2206	2393	159	4552	4366	3590	4021	4643	398	100	885	2560	4478	3653	606	1235	4211	4782	2736	543	2070	2280	425	812	2077	1325	3475	832	4946	2763	4600	4404	2295	1343	100	3955	4969
2920	3817	1963	1102	4429	237	4401	4043	1104	5051	1817	3861	2219	2378	2862	2587	2328	2060	4560	1106	1718	612	3952	2976	3411	3188	4011	1884	4444	2922	2612	3086	1352	4567	3206	768	1481	3023	335	4336	4133	2808	1091	4971	1978	4012	1860	4659	3550	2226	3124	566	100	3839	3840	2703	3993	3632	2299	3144	1862	4180	4024	1933	1356	2403	1152	2085	3047	4168	3099	1748	2673	3967	4870	1167	4147	600	2426	149	4302	706	1039	3774	2386	4925	3700	2999	667	2941	4706	510	4549	1396	1928	4059	4163	4250	3064	100	3936
4997	3265	2720	3134	992	1331	1595	1802	4842	1817	5051	3836	1282	360	1377	2334	3013	1856	4771	3746	5022	105	3404	273	4380	1434	3053	103	100	1609	3784	2513	3150	1656	4822	3019	3122	1479	2278	1379	100	2316	1728	4191	1776	4571	996	252	3626	4022	1787	2148	2639	100	4585	4956	2152	808	4967	3215	2168	2351	4784	460	1956	4605	299	1522	484	2792	1964	3752	2729	913	3953	1941	1838	100	3783	2462	3678	2162	1316	3810	2423	4368	1693	4173	1359	3795	3769	278	2998	4651	2861	1032	4521	143	3309	4823	3444
4603	987	394	2016	3734	1792	3938	1713	3509	3861	3836	5051	1429	1077	3020	1401	1636	1608	1810	4373	4620	864	100	902	784	223	3413	1619	3409	2307	4139	2287	2733	4044	357	4648	2810	900	3306	311	1666	3246	3123	1063	2947	2550	4388	1934	246	943	5042	3616	4350	3768	2508	2689	3364	3449	3334	1452	283	4222	2744	3428	4274	4299	981	4633	4574	4083	1273	4499	1447	1245	2602	1945	2846	1599	3524	2112	2759	4856	1150	3195	4230	1361	4539	2183	2982	525	1921	2222	3996	779	2809	3135	1715	1668	1512	3276	1752
3727	2463	338	685	1158	2123	4803	100	3249	2219	1282	1429	5051	1734	4204	100	441	4283	4556	3285	2944	498	4959	2506	2442	1692	1812	187	660	1990	1924	4993	1139	4069	4626	640	3152	1789	1735	490	1965	4361	688	4321	2381	4530	524	4480	138	3339	5025	519	160	4992	1705	2924	723	2815	2990	4307	2839	1409	580	4594	1818	1820	3874	633	4797	4264	867	861	1727	729	3213	1362	3718	3348	3238	4513	3193	1523	2265	3574	1110	3833	2478	1040	820	2708	2322	4702	2352	975	3651	2139	1997	4313	1227	4578	2025
652	3720	3106	2975	178	354	2024	926	1999	2378	360	1077	1734	5051	1852	2532	3441	1808	1444	1123	1541	4469	274	3584	100	4629	969	1972	3847	1446	3625	100	3577	100	2010	3153	1127	778	2837	828	2131	235	1673	1051	2919	4853	165	3467	2786	3523	1825	1064	2000	3731	2340	4598	4050	2674	1516	487	326	4027	2848	4826	4411	3283	2939	2857	1518	4449	363	476	2702	384	3154	3361	4623	3531	100	521	2488	4838	3448	1994	4494	4285	2464	5029	4920	1043	1018	2665	1069	733	4216	1163	1208	3244	3165	4527	117
3196	3060	100	1850	5039	665	4371	4535	3111	2862	1377	3020	4204	1852	5051	773	4309	1271	350	2911	3867	2760	2314	4871	4897	2096	4207	337	4187	544	686	3143	3995	5023	3473	4533	4009	100	1264	4543	114	3514	3692	2517	4200	4422	2932	1037	912	100	4796	4205	628	1657	1257	2227	2431	349	4554	2400	100	4435	4374	437	3572	1962	1231	1202	3392	3483	518	3318	2615	4383	3753	2035	2885	4859	3513	4525	5016	3949	3828	173	2040	2687	409	4355	4930	2232	2701	1708	4677	4125	4431	1633	1926	285	1328	4102	100
3639	4296	2471	100	415	655	2551	1949	4092	2587	2334	1401	100	2532	773	5051	3852	2509	3826	1052	3716	4118	1335	1398	1651	1889	2813	3706	2349	4933	3323	3131	1160	4670	4541	4234	3530	4635	4132	3471	4864	374	588	1142	3340	329	2296	4358	2230	2032	1639	704	750	610	1764	1821	2117	833	2522	1648	100	2080	3443	785	131	2530	4747	113	1358	3585	4039	4377	253	1329	4220	1180	207	1538	4572	3117	3255	3790	1392	1751	1891	2527	1539	2419	967	1881	4438	3549	4538	3043	3407	2196	5019	4252	3328	3645	3762
244	3300	4385	4275	2781	811	424	4943	1034	2328	3013	1636	441	3441	4309	3852	5051	944	2579	1785	1664	4486	689	3770	3136	4152	1679	353	100	3353	4117	3566	4190	2102	1628	2050	4420	2330	4947	3900	3848	2207	4378	3194	2773	4214	3075	4287	3988	968	4409	2405	2411	499	147	4162	2163	2690	3537	520	1731	3138	448	385	2461	1067	3845	3367	2834	2325	1122	3048	4978	161	1420	3009	4861	2084	1277	542	4344	4882	4015	3811	109	445	4502	2851	100	477	2093	5035	213	1114	3383	4843	3887	2246	3985	2366	3371
4014	1767	1058	1427	1758	2756	710	5037	1533	2060	1856	1608	4283	1808	1271	2509	944	5051	2548	3960	3638	3256	4723	2887	2433	1492	1958	2055	443	3387	419	1736	2144	1148	3986	1775	2909	4596	3236	2803	3536	100	4343	1546	3079	1128	3773	3445	3723	2970	1217	2751	2225	5001	2672	4450	4949	368	100	1741	1477	2443	1365	3504	3298	4423	3846	601	1780	1951	505	185	2079	475	4101	650	995	506	3446	1153	3190	1436	1832	866	758	100	593	4495	4639	3390	1415	2737	4719	4730	712	2071	4985	1088	1209	4206	2389
152	3679	1391	1342	395	3614	3074	3672	4489	4560	4771	1810	4556	1444	350	3826	2579	2548	5051	939	1036	4940	4942	2914	2208	3139	4005	333	714	607	4141	1612	536	2497	2930	4426	4007	2109	1857	1285	2599	933	2441	440	743	4952	5045	1887	3356	1960	4258	169	4683	4049	3942	1583	3891	2629	747	4604	4765	1310	3609	2129	100	3025	4382	296	1090	4348	3302	1618	2558	3421	1502	2675	3557	1256	495	2484	316	868	307	4391	3137	4436	4601	4408	3962	1457	2785	2382	2401	3602	2048	2606	831	4979	953	2063	4254
1505	1866	1234	2181	3221	1366	1913	986	3417	1106	3746	4373	3285	1123	2911	1052	1785	3960	939	5051	228	819	2059	5011	212	2647	2492	2886	701	3822	3966	4964	767	1983	2229	1886	2931	3907	2154	3155	1016	1290	4124	383	4025	2516	478	3821	2064	2504	1408	4624	1953	3002	1439	2573	2604	1001	371	896	3058	100	4112	3386	3304	1591	504	883	1049	2771	1647	2490	3533	4292	3886	1066	1432	3293	4253	4712	1979	2582	100	3102	2338	2157	3701	1729	957	2178	3809	3042	2572	605	3979	1631	855	777	3742	725	4879
352	4974	4410	4047	4018	4195	4320	1552	294	1718	5022	4620	2944	1541	3867	3716	1664	3638	1036	228	5051	3595	3226	124	1253	1977	3342	3478	431	2128	4437	2336	1330	1576	803	1665	1582	3225	2172	2192	4129	3685	1470	2916	100	2377	3130	4779	2432	3368	2398	3114	4010	530	795	414	2449	3872	2535	1131	324	3912	2853	1323	2694	100	3520	3663	4647	4658	100	4325	3786	3823	4980	2956	467	3757	4286	4994	3287	3830	4406	100	3736	3077	1388	1765	5041	3661	3512	1814	4646	3668	3181	3534	315	3500	726	3040	3713
4473	4236	2841	4955	1779	2269	4481	3038	4063	612	105	864	498	4469	2760	4118	4486	3256	4940	819	3595	5051	2731	3145	5046	1151	4631	623	3777	1441	869	905	1744	4787	1124	3972	3565	4976	4915	3607	2454	3494	4479	1422	2789	4737	1798	2150	2004	2284	2198	4197	757	3454	2735	2260	1337	1236	2871	3880	4816	741	4657	3894	1525	594	3222	4710	1757	2915	104	2816	100	3650	4241	2591	4825	378	1026	1562	1360	1893	4271	629	1332	450	3924	625	355	2796	3796	2559	3841	4630	2457	1041	1372	321	3905	4171	3542
4724	1220	3623	1463	461	310	941	1678	141	3952	3404	100	4959	274	2314	1335	689	4723	4942	2059	3226	2731	5051	1616	4550	5002	2407	1569	3436	4701	282	736	204	4963	4130	4210	129	1031	4458	255	1385	3539	4617	2821	945	3554	791	895	2244	4033	1714	331	2613	3804	118	1675	122	2893	2072	4627	4194	956	3257	1494	1025	3182	1677	100	2609	3739	823	1448	4931	1930	4632	1603	1703	4977	3764	3657	3597	2754	229	3591	1769	1454	100	2018	372	3032	3767	4844	3893	2766	1147	3210	1550	345	2368	2313	3178
4808	3214	2292	2772	1116	1302	2900	4352	3516	2976	273	902	2506	3584	4871	1398	3770	2887	2914	5011	124	3145	1616	5051	3080	200	1165	1801	3230	3295	3325	3140	1475	4280	1888	2595	2567	2728	739	4934	1339	3659	3259	2092	511	847	3008	1594	3420	4324	550	4067	1720	4145	4181	4753	1101	674	4901	272	139	4023	2511	269	494	4356	2870	2435	314	551	4937	5012	4290	4028	1254	1130	2890	4186	3419	2955	687	1750	3216	3816	639	3418	2003	370	4576	574	100	1557	3824	1566	4165	156	2309	938	1029	1238	3505
4153	408	1816	1621	1771	100	517	1119	2800	3411	4380	784	2442	100	4897	1651	3136	2433	2208	212	1253	5046	4550	3080	5051	4818	308	2795	5033	1357	1184	1559	4470	4878	1521	3680	4831	2917	4093	2195	1691	4801	4500	1300	1781	238	2954	564	3683	2934	4517	3464	1326	4465	3125	2598	4697	2367	166	177	230	2263	2697	3336	3370	914	2124	1575	3209	4766	553	4164	4965	2480	3999	4921	1663	2584	164	3815	2380	4794	144	2365	1676	960	3797	163	3035	4261	3029	1694	1527	4769	2949	4126	3567	153	1055	1826	1777
2633	4454	2355	1885	2658	3860	535	2952	3333	3188	1434	223	1692	4629	2096	1889	4152	1492	3139	2647	1977	1151	5002	200	4818	5051	3766	3363	618	2974	4839	1210	4330	3426	2993	1225	1573	1844	1923	4062	809	2392	3490	226	769	2905	170	3735	1464	2533	3284	834	582	4128	3501	4364	4714	410	4017	2825	862	2691	1386	936	1405	2337	2185	681	680	3232	416	2288	1241	2045	1433	2493	1222	4341	231	586	2913	1903	1080	4599	3599	1179	2482	3429	3317	365	1517	1260	2651	3576	3346	100	3558	2817	5014	4070	3553
3027	1435	130	4812	906	483	794	2465	2091	4011	3053	3413	1812	969	4207	2813	1679	1958	4005	2492	3342	4631	2407	1165	308	3766	5051	100	4685	2424	527	4068	2908	4360	2375	3176	2106	4674	4199	1280	3873	3382	3772	1864	1659	1286	1975	3110	4948	3612	2017	4805	1476	2593	1445	4644	1537	3807	3271	3551	965	145	4188	4432	2118	1759	3968	738	804	1634	3649	3800	3750	4821	1384	4642	4300	4855	3940	1071	134	291	3479	1955	168	4477	4877	4729	3018	2159	3923	1048	3633	677	4467	206	1355	2209	4774	1515	3615
4696	2833	1363	3865	1112	4091	2466	3827	4463	1884	103	1619	187	1972	337	3706	353	2055	333	2886	3478	623	1569	1801	2795	3363	100	5051	5009	3698	3655	2019	1321	106	266	2770	3119	1749	100	100	963	4673	2427	3303	2031	4609	3166	2679	2746	1842	2371	1556	807	392	800	2682	3636	2073	4746	1214	4983	3484	5003	341	4791	4122	3245	748	2164	2444	759	4446	793	2936	595	3338	2041	2997	1172	1911	100	3941	713	4762	111	2319	630	3956	3708	4616	121	2271	4301	964	2345	2116	4080	3527	1536	2938	3627
1939	671	4421	2540	3228	1529	449	1542	1169	4444	100	3409	660	3847	4187	2349	100	443	714	701	431	3777	3436	3230	5033	618	4685	5009	5051	783	3499	2531	4051	4439	2556	2234	770	683	2630	4103	1166	816	1093	4295	4914	1307	1987	4120	2753	4636	1811	2519	3929	1932	4862	2475	2534	2544	2616	1021	4637	4447	100	3239	289	2945	4405	183	3690	2902	3794	2235	2742	1894	2481	300	2698	2160	2391	3870	1699	3580	3092	2362	327	2747	367	447	1449	3492	2860	717	1950	382	4233	3219	3469	835	724	2714	1766
690	2709	2855	2553	3275	2918	2740	2950	3704	2922	1609	2307	1990	1446	544	4933	3353	3387	607	3822	2128	1441	4701	3295	1357	2974	2424	3698	783	5051	897	1650	1834	1845	2512	4891	1095	1929	4547	2053	1047	100	4209	1483	3954	4557	100	4995	567	4972	4266	2951	4040	5006	2013	1632	1261	1973	4289	1590	330	3604	3204	3882	413	844	1161	100	375	698	2503	2105	1788	754	4515	1726	673	3592	4906	1943	4218	662	2507	2333	2710	2645	871	4625	2545	4516	2611	3671	1667	180	1480	3468	1683	2726	2223	1298	3654
256	2597	877	390	764	100	4363	457	2608	2612	3784	4139	1924	3625	686	3323	4117	419	4141	3966	4437	869	282	3325	1184	4839	527	3655	3499	897	5051	4707	1577	849	2387	1695	3180	2564	937	971	2555	3710	125	556	4148	1498	3528	1205	3901	3674	339	348	1195	1324	3057	4672	1653	1946	658	4425	648	765	2137	243	292	1083	3975	2528	1121	344	1350	100	3263	924	2874	4709	319	2715	4621	4185	1762	3579	661	2526	2775	1418	3378	1143	1383	3990	3327	1023	3068	4665	184	2685	4854	4066	4682	4898	3070
753	880	1008	1567	3146	3116	2537	4247	1497	3086	2513	2287	4993	100	3143	3131	3566	1736	1612	4964	2336	905	736	3140	1559	1210	4068	2019	2531	1650	4707	5051	4691	1868	2370	1120	496	2669	4551	2202	3974	4865	1830	825	1295	2589	4081	893	301	3037	1645	4811	999	1056	405	1078	1827	1652	2835	2688	2624	3170	1338	670	1082	1144	1190	2174	2577	4973	4156	2984	2618	3083	281	955	3414	2119	4143	2101	100	4121	2827	2357	1306	980	860	1681	4726	317	1146	3869	1232	2562	4700	2436	4652	1270	1493	4542	1060
1399	4928	591	4359	1299	284	4192	1262	4030	1352	3150	2733	1139	3577	3995	1160	4190	2144	536	767	1330	1744	204	1475	4470	4330	2908	1321	4051	1834	1577	4691	5051	468	1287	1438	3151	4003	2006	2692	3863	4294	2021	599	3133	3754	3161	642	2933	4785	2277	2649	4688	875	3588	2640	3892	1880	3682	1252	2542	1592	3052	3021	4555	4852	5021	1211	4375	952	3928	4240	3456	1530	801	697	2632	1495	3535	1461	100	1908	203	2641	821	4519	1824	4245	3350	116	1221	2291	2524	1053	4867	829	1042	1201	507	2068	2228
962	2242	2515	3851	3062	1644	1244	1872	420	4567	1656	4044	4069	100	5023	4670	2102	1148	2497	1983	1576	4787	4963	4280	4878	3426	4360	106	4439	1845	849	1868	468	5051	320	3844	2354	290	1305	4376	4106	810	1745	1803	2187	1601	193	890	4201	174	898	1680	3201	4160	840	1068	4640	3113	959	3919	1877	4096	4443	3617	675	978	3351	2469	1045	1075	2983	1223	4953	2546	393	2901	214	1085	4412	1627	1981	1203	702	2057	270	4675	2473	4407	3280	3619	651	1206	396	2331	4248	4736	1274	1413	4841	2877	3200
3808	5024	3250	426	2065	4331	112	1228	2188	3206	4822	357	4626	2010	3473	4541	1628	3986	2930	2229	803	1124	4130	1888	1521	2993	2375	266	2556	2512	2387	2370	1287	320	5051	2779	2510	1674	1490	2272	3091	336	715	151	2247	3434	100	1035	4268	242	4889	1292	4228	3071	4529	2977	2199	2248	1177	4824	2039	4304	4772	1174	1696	4427	3858	4783	2961	3802	1613	1642	249	3876	3634	1317	907	2734	2485	4417	645	4858	4471	3506	2601	4303	973	4872	259	3741	1061	458	264	1134	4760	708	1054	1578	2730	3231	727
3487	2051	4347	4705	1509	2793	615	3935	1900	768	3019	4648	640	3153	4533	4234	2050	1775	4426	1886	1665	3972	4210	2595	3680	1225	3176	2770	2234	4891	1695	1120	1438	3844	2779	5051	4923	649	3485	3015	3598	894	1403	2965	4270	5036	4154	3240	4006	1585	3112	4020	3207	2343	4654	3462	492	4342	2126	4493	2605	4577	1132	2959	1581	1611	280	1098	3508	2549	100	1912	2574	4850	641	462	2487	3552	2285	4038	1044	486	1482	2653	3569	3373	946	4157	766	3103	4498	528	4532	3011	792	1187	2777	2681	2623	3427	1733
2249	3278	3596	403	4663	4589	157	4460	578	1481	3122	2810	3152	1127	4009	3530	4420	2909	4007	2931	1582	3565	129	2567	4831	1573	2106	3119	770	1095	3180	496	3151	2354	2510	4923	5051	1895	2943	3755	604	799	4810	3529	2670	2738	4262	538	4911	1410	1555	4667	2745	4242	4322	2686	100	1890	3854	3763	1423	4060	4845	3203	1000	1426	2637	679	4634	3522	3503	464	3730	2341	503	4837	3177	1291	251	4310	922	2363	1799	3107	614	4537	268	879	4483	2236	2892	3697	761	2231	4895	1797	4692	3744	2460	4453	4464
813	1849	2479	3493	1725	4962	1553	4929	2156	3023	1479	900	1789	778	100	4635	2330	4596	2109	3907	3225	4976	1031	2728	2917	1844	4674	1749	683	1929	2564	2669	4003	290	1674	649	1895	5051	931	1796	1200	2849	479	5047	4097	2823	3305	4452	4503	2654	1002	3412	4676	876	1020	3593	2713	5000	4686	863	3423	638	4346	2417	1368	3105	1288	158	452	4078	1605	824	4514	351	4788	3497	4174	258	1006	802	2255	4461	4075	3291	584	2273	1278	719	532	4989	1430	3243	2927	985	1019	4196	3947	5027	3217	4814	2899
4522	1858	4528	4251	3094	2180	2300	2883	838	335	2278	3306	1735	2837	1264	4132	4947	3236	1857	2154	2172	4915	4458	739	4093	1923	4199	100	2630	4547	937	4551	2006	1305	1490	3485	2943	931	5051	2434	2251	983	3447	4924	227	1491	1898	2046	3681	2130	4573	2662	2831	100	1859	2566	781	1544	1843	248	5034	554	4297	516	1620	4224	175	2360	3403	4506	1685	2114	3788	356	4748	3164	3266	4008	2186	2239	3063	4308	2167	3640	5004	4732	4074	4512	2707	4660	373	2926	696	1655	1237	2923	2120	4919	1686	3120	4524
3220	2978	216	4526	4306	4086	120	3799	1773	4336	1379	311	490	828	4543	3471	3900	2803	1285	3155	2192	3607	255	4934	2195	4062	1280	100	4103	2053	971	2202	2692	4376	2272	3015	3755	1796	2434	5051	3782	872	2376	2626	796	4715	199	1910	3998	1406	3286	4950	541	3498	4182	3715	4606	4316	1760	3001	1688	3926	1915	1014	2311	3312	4866	4104	1794	1700	1954	2215	2346	209	4743	3581	2069	552	974	3362	1489	1626	4217	826	2561	3902	3805	2844	1089	1010	1354	1998	240	563	4052	154	197	4226	2659	3937	4986
4926	3242	3041	4893	3725	323	3439	3288	446	4133	100	1666	1965	2131	114	4864	3848	3536	2599	1016	4129	2454	1385	1339	1691	809	3873	963	1166	1047	2555	3974	3863	4106	3091	3598	604	1200	2251	3782	5051	512	3883	972	3582	4876	4263	4099	928	434	611	107	3400	1640	2711	918	3174	2652	1907	4581	3121	1168	3171	1111	4638	4563	3842	2875	2677	4999	388	4904	3084	2739	4492	1892	2076	2906	682	4764	4744	2706	2819	1549	3358	3586	4569	3431	560	2061	1440	2402	2722	2420	1267	1947	4827	1506	162	3224	1593
1503	1916	2603	2693	359	275	2094	1724	1113	2808	2316	3246	4361	235	3514	374	2207	100	933	1290	3685	3494	3539	3659	4801	2392	3382	4673	816	100	3710	4865	4294	810	336	894	799	2849	983	872	512	5051	332	2619	427	2153	4941	1133	1397	787	2097	616	2788	2676	3477	2852	257	3611	3408	1791	4399	1617	2075	1304	3010	4780	2495	3332	1992	3643	222	3684	1865	1739	1841	100	596	1851	4284	4329	603	3934	4913	4944	558	454	3959	2122	4570	1551	3126	1499	1967	2335	3294	755	366	397	3691	776	3307
1472	3635	189	3496	2981	1927	2884	3183	4395	1091	1728	3123	688	1673	3692	588	4378	4343	2441	4124	1470	4479	4617	3259	4500	3490	3772	2427	1093	4209	125	1830	2021	1745	715	1403	4810	479	3447	2376	3883	332	5051	3859	2358	2812	3733	1012	399	3147	585	4507	190	100	3544	3395	4123	3034	3878	3578	1070	857	4281	1011	1421	3707	3451	297	1554	4687	2254	4073	4722	2332	3039	3925	469	1193	3980	2364	3832	1378	5026	2798	2843	4333	110	998	2026	3747	100	4584	4650	2596	2644	148	4998	1024	2008	4384	4694
994	2757	3571	3911	1902	1251	2768	3440	4315	4971	4191	1063	4321	1051	2517	1142	3194	1546	440	383	2916	1422	2821	2092	1300	226	1864	3303	4295	1483	556	825	599	1803	151	2965	3529	5047	4924	2626	972	2619	3859	5051	3843	4693	411	140	2724	711	379	3251	1806	1117	3875	210	3381	1050	684	2408	3594	4912	780	2889	1327	910	3281	2110	846	1743	1914	2721	982	5048	1737	4996	3202	4711	3172	3205	3984	3162	2804	2155	2762	4890	3931	2869	2764	663	1896	2723	4259	4398	4367	100	1783	2440	4369	3033	4775
2880	2467	4381	2082	2286	2872	854	1805	4968	1978	1776	2947	2381	2919	4200	3340	2773	3079	743	4025	100	2789	945	511	1781	769	1659	2031	4914	3954	4148	1295	3133	2187	2247	4270	2670	4097	227	796	3582	427	2358	3843	5051	4136	1084	2683	3466	1204	100	2569	886	1318	155	4860	1937	3261	3983	2037	2056	3641	2987	4042	4835	3274	3424	142	2014	219	1579	254	1395	774	1283	2414	2964	4874	2873	247	3095	3391	1905	1876	1009	3258	1176	2136	3142	100	2305	4198	1722	1496	2520	2374	322	3673	3156	5028	2638
4991	4256	1369	1100	1017	4235	2588	3179	4668	4012	4571	2550	4530	4853	4422	329	4214	1128	4952	2516	2377	4737	3554	847	238	2905	1286	4609	1307	4557	1498	2589	3754	1601	3434	5036	2738	2823	1491	4715	4876	2153	2812	4693	4136	5051	4016	3269	2111	3835	1547	4669	4293	2022	3965	1901	3406	3976	1925	830	3646	1400	276	5008	2088	2787	1387	3743	656	1349	2963	4474	1804	2590	2667	1467	4936	493	1367	700	3664	4595	2832	400	4900	3838	4932	2972	3415	4588	473	3437	2957	3168	4758	1320	892	100	4708	2518	2780
2684	788	874	100	3722	4781	2369	557	1629	1860	996	4388	524	165	2932	2296	3075	3773	5045	478	3130	1798	791	3008	2954	170	1975	3166	1987	100	3528	4081	3161	193	100	4154	4262	3305	1898	199	4263	4941	3733	411	1084	4016	5051	217	732	2581	4457	100	2425	5049	100	2953	3964	587	2621	1226	2881	2994	455	4108	172	932	1870	2171	1793	4175	2858	1086	2189	1711	1081	2470	2607	1333	3223	100	3981	884	2395	4832	3662	1543	691	734	4379	4982	1097	472	1520	1156	1815	2033	3630	899	2151	1641	4610
919	848	3247	1719	1660	1709	2416	4351	4354	4659	252	1934	4480	3467	1037	4358	4287	3445	1887	3821	4779	2150	895	1594	564	3735	3110	2679	4120	4995	1205	893	642	890	1035	3240	538	4452	2046	1910	4099	1133	1012	140	2683	3269	217	5051	4013	4742	3292	481	5044	489	2776	2472	4468	1638	3289	3560	1831	3884	4357	1772	1615	1922	387	1584	4282	2578	565	1716	3605	1159	889	1833	709	3515	934	2410	3191	626	1848	100	3818	3888	1308	3357	2438	1294	3957	1272	2347	3606	3563	1535	997	1374	3118	3918	1560
1103	2948	2712	4257	439	718	3235	3198	1428	3550	3626	246	138	2786	912	2230	3988	3723	3356	2064	2432	2004	2244	3420	3683	1464	4948	2746	2753	567	3901	301	2933	4201	4268	4006	4911	4503	3681	3998	928	1397	399	2724	3466	2111	732	4013	5051	4490	2514	201	3825	4332	2315	1698	1996	1526	3229	4757	4487	4134	1022	2660	4328	4661	1451	3026	3526	3308	1460	2413	3992	215	3561	3410	1969	3169	3006	4339	3944	1182	1658	4561	100	3054	4534	2361	3489	3405	3331	3963	737	4884	1855	720	2245	731	3067	3090	2790
3282	3601	2476	1468	2620	4276	3971	1186	417	2226	4022	943	3339	3523	100	2032	968	2970	1960	2504	3368	2284	4033	4324	2934	2533	3612	1842	4636	4972	3674	3037	4785	174	242	1585	1410	2654	2130	1406	434	787	3147	711	1204	3835	2581	4742	4490	5051	4221	2958	1154	666	2446	4678	2547	647	882	1589	1822	2201	1065	1920	1511	3393	3401	3583	340	624	569	123	3031	513	3141	1455	1162	2023	225	1382	609	4170	2257	873	3699	2104	2301	2655	4778	4249	2755	2241	4505	4848	659	4111	100	4718	435	1411	4415
744	4466	3564	4690	2146	5043	634	613	233	3124	1787	5042	5025	1825	4796	1639	4409	1217	4258	1408	2398	2198	1714	550	4517	3284	2017	2371	1811	4266	339	1645	2277	898	4889	3112	1555	1002	4573	3286	611	2097	585	379	100	1547	4457	3292	2514	4221	5051	4945	4278	186	2179	4203	3732	2842	2350	2036	3622	537	3712	2240	2127	3991	1486	3430	2100	3254	4177	4318	262	2303	2628	3556	108	2213	2966	2348	4311	1062	522	2323	762	4077	3676	5032	3045	135	2716	2824	2704	2539	4885	2971	2390	3022	4365	3297	4873
4472	1682	1504	3525	1717	4213	1598	1125	4523	566	2148	3616	519	1064	4205	704	2405	2751	169	4624	3114	4197	331	4067	3464	834	4805	1556	2519	2951	348	4811	2649	1680	1292	4020	4667	3412	2662	4950	107	616	4507	3251	2569	4669	100	481	201	2958	4945	5051	841	568	1510	1079	2896	1790	2422	2447	1507	181	3059	3587	4166	4076	1795	1646	3073	4664	1224	1185	3267	3642	3321	2571	4653	4001	2501	4671	3688	4863	1596	2523	4036	2671	2282	2678	3644	3613	4755	4544	4433	4002	1340	2799	4387	303	2321	2502	2769
590	4807	1255	3618	2042	1250	529	4146	806	100	2639	4350	160	2000	628	750	2411	2225	4683	1953	4010	757	2613	1720	1326	582	1476	807	3929	4040	1195	999	4688	3201	4228	3207	2745	4676	2831	541	3400	2788	190	1806	886	4293	2425	5044	3825	1154	4278	841	5051	1966	1730	1786	3721	4649	3759	572	4888	1819	2859	146	3290	2030	100	4430	3452	3778	3511	245	2642	1548	4193	669	4482	4319	2038	1545	3329	2820	4767	471	100	298	3416	2496	632	2145	676	3055	2727	1597	988	3726	2996	2089	657	887	3093
3705	4109	3906	3756	1466	3028	1684	2583	631	3839	100	3768	4992	3731	1657	610	499	5001	4049	3002	530	3454	3804	4145	4465	4128	2593	392	1932	5006	1324	1056	875	4160	3071	2343	4242	876	100	3498	1640	2676	100	1117	1318	2022	5049	489	4332	666	186	568	1966	5051	4212	4400	822	4327	2308	3355	4614	716	2113	3776	3470	4851	881	3491	4161	1704	1600	3831	3916	4392	2297	3540	2143	1207	745	3349	2625	3397	1875	4497	3187	2891	3665	3087	3970	1702	2108	342	100	4189	100	1982	3927	4679	1284	265	1942
4239	198	3319	1697	2811	2253	3904	1450	102	3840	4585	2508	1705	2340	1257	1764	147	2672	3942	1439	795	2735	118	4181	3125	3501	1445	800	4862	2013	3057	405	3588	840	4529	4654	4322	1020	1859	4182	2711	3477	3544	3875	155	3965	100	2776	2315	2446	2179	1510	1730	4212	5051	1059	2459	526	4553	4754	4881	4338	2429	1829	3260	1754	1297	579	4208	100	176	2211	4029	456	4113	3837	3660	234	3365	2184	4440	3829	789	555	1484	4100	589	3803	4593	3899	1096	4227	2929	362	1625	3538	1623	4611	100	1268	2636
850	2580	1980	1746	3433	3149	1013	3555	3335	2703	4956	2689	2924	4598	2227	1821	4162	4450	1583	2573	414	2260	1675	4753	2598	4364	4644	2682	2475	1632	4672	1078	2640	1068	2977	3462	2686	3593	2566	3715	918	2852	3395	210	4860	1901	2953	2472	1698	4678	4203	1079	1786	4400	1059	5051	3399	1672	1197	205	2087	3385	2752	1107	4004	2256	798	2491	3394	1637	2203	2058	386	3717	4590	2648	4684	4362	2261	1230	5017	3017	2191	2661	4403	1175	4159	2921	100	3192	4875	2622	4243	602	1456	3461	1322	3510	4349	4238	742
4910	100	466	653	775	4902	4131	3366	4045	3993	2152	3364	723	4050	2431	2117	2163	4949	3891	2604	2449	1337	122	1101	4697	4714	1537	3636	2534	1261	1653	1827	3892	4640	2199	492	100	2713	781	4606	3174	257	4123	3381	1937	3406	3964	4468	1996	2547	3732	2896	3721	822	2459	3399	5051	182	4820	4441	2850	2774	1229	2158	3347	4169	1141	2294	772	3352	1191	1984	782	2576	1487	2029	3702	4475	2631	2826	3495	2268	377	3834	1778	2133	2083	3812	3089	3472	3853	3862	2135	126	3279	1622	1394	4927	1341	3890	3046
5040	1192	2627	1170	4846	2326	1919	2274	218	3632	808	3449	2815	2674	349	833	2690	368	2629	1001	3872	1236	2893	674	2367	410	3807	2073	2544	1973	1946	1652	1880	3113	2248	4342	1890	5000	1544	4316	2652	3611	3034	1050	3261	3976	587	1638	1526	647	2842	1790	4649	4327	526	1672	182	5051	263	2011	100	721	288	1558	2456	2592	2845	5005	4510	4761	3806	3072	1986	2783	1015	814	438	1474	3082	376	412	2015	3771	4090	1462	1347	4768	4951	2233	3458	2525	3402	3148	4150	3422	3507	1351	2805	2007	977	428
3369	4834	4738	2379	3313	692	3299	730	2912	2299	4967	3334	2990	1516	4554	2522	3537	100	747	371	2535	2871	2072	4901	166	4017	3271	4746	2616	4289	658	2835	3682	959	1177	2126	3854	4686	1843	1760	1907	3408	3878	684	3983	1925	2621	3289	3229	882	2350	2422	3759	2308	4553	1197	4820	263	5051	3543	1738	1753	3262	664	1233	295	1568	3218	2095	2194	2879	5010	1970	815	4032	1425	1607	1624	1899	4587	4735	211	3330	2657	1213	3687	2052	2741	4445	3098	4000	3115	2992	859	4602	1574	2521	444	4628	1109	1747
1145	4034	3199	1768	545	901	491	2173	2765	3144	3215	1452	4307	487	2400	1648	520	1741	4604	896	1131	3880	4627	272	177	2825	3551	1214	1021	1590	4425	2688	1252	3919	4824	4493	3763	863	248	3001	4581	1791	3578	2408	2037	830	1226	3560	4757	1589	2036	2447	572	3355	4754	205	4441	2011	3543	5051	1281	2009	115	3167	2275	1431	4786	2121	309	1863	1948	842	2142	4728	3012	581	843	3157	539	3922	1534	2267	3570	4887	3961	3575	4317	3158	4750	100	1971	1935	1390	4819	4026	4065	546	925	1853	2935	2342
2356	2749	3791	3675	261	2264	4857	2836	1917	1862	2168	283	2839	326	100	100	1731	1477	4765	3058	324	4816	4194	139	230	862	965	4983	4637	330	648	2624	2542	1877	2039	2605	1423	3423	5034	1688	3121	4399	1070	3594	2056	3646	2881	1831	4487	1822	3622	1507	4888	4614	4881	2087	2850	100	1738	1281	5051	306	559	1572	459	2312	2320	672	4799	2894	1364	4704	3666	4987	4720	432	1381	3562	4137	4798	1571	1164	4559	3658	1389	2594	4905	2281	3785	1076	150	3943	4353	950	756	4894	1296	570	4167	1353	1840
4055	463	2134	453	2141	4372	421	286	694	4180	2351	4222	1409	4027	4435	2080	3138	2443	1310	100	3912	741	956	4023	2263	2691	145	3484	4447	3604	765	3170	1592	4096	4304	4577	4060	638	554	3926	1168	1617	857	4912	3641	1400	2994	3884	4134	2201	537	181	1819	716	4338	3385	2774	721	1753	2009	306	5051	917	951	305	3779	2437	2397	4612	3856	1587	3647	2190	4582	3482	2455	993	3909	3197	4035	4984	1072	3820	4680	4219	2210	4789	4140	2962	4246	1155	3521	1742	4749	3104	1126	343	865	3455	4733	2020
1416	3474	2743	2317	1419	2668	1199	2617	1710	4024	4784	2744	580	2848	4374	3443	448	1365	3609	4112	2853	4657	3257	2511	2697	1386	4188	5003	100	3204	2137	1338	3052	4443	4772	1132	4845	4346	4297	1915	3171	2075	4281	780	2987	276	455	4357	1022	1065	3712	3059	2859	2113	2429	2752	1229	288	3262	115	559	917	5051	805	4840	3548	654	1957	4462	1313	2960	837	3881	3897	786	2451	1985	391	1756	194	1823	4088	2306	2867	1669	4231	128	1883	407	531	4990	3814	4849	1275	2538	3624	3987	4115	4770	989	2794
2863	4312	2304	2942	2439	4237	3129	4886	2396	1933	460	3428	4594	4826	437	785	385	3504	2129	3386	1323	3894	1494	269	3336	936	4432	341	3239	3882	243	670	3021	3617	1174	2959	3203	2417	516	1014	1111	1304	1011	2889	4042	5008	4108	1772	2660	1920	2240	3587	146	3776	1829	1107	2158	1558	664	3167	1572	951	805	5051	100	514	3132	1478	4488	2635	2748	2279	3989	4046	4323	2384	4509	1854	2570	4795	100	533	423	1882	196	3740	4586	1610	3709	2204	1689	4922	1488	1346	3945	3719	3696	1243	3913	171	3465
1835	3948	3438	1839	2543	485	2500	735	2206	1356	1956	4274	1818	4411	3572	131	2461	3298	100	3304	2694	1525	1025	494	3370	1405	2118	4791	289	413	292	1082	4555	675	1696	1581	1000	1368	1620	2311	4638	3010	1421	1327	4835	2088	172	1615	4328	1511	2127	4166	3290	3470	3260	4004	3347	2456	1233	2275	459	305	4840	100	5051	3253	954	4326	3958	4393	3320	751	1279	2453	958	304	3007	1936	1038	534	480	2339	3425	4703	4830	3296	2897	2098	2132	1242	2005	790	3656	4455	4883	1246	2409	1570	2882	3388	3518
3711	4232	4416	334	2399	4966	2218	3211	2393	2403	4605	4299	1820	3283	1962	2530	1067	4423	3025	1591	100	594	3182	4356	914	2337	1759	4122	2945	844	1083	1144	4852	978	4427	1611	1426	3105	4224	3312	4563	4780	3707	910	3274	2787	932	1922	4661	3393	3991	4076	2030	4851	1754	2256	4169	2592	295	1431	2312	3779	3548	514	3253	5051	3268	4566	4981	608	1259	3457	4085	4402	4734	318	3159	4741	1643	4568	4908	2474	5038	1336	4337	4699	1129	3310	1212	3573	2115	2907	3050	1514	1370	2767	2197	4442	4491	1531	728
2283	101	1263	1465	4520	4655	4773	358	159	1152	299	981	3874	2939	1231	4747	3845	3846	4382	504	3520	3222	1677	2870	2124	2185	3968	3245	4405	1161	3975	1190	5021	3351	3858	280	2637	1288	175	4866	3842	2495	3451	3281	3424	1387	1870	387	1451	3401	1486	1795	100	881	1297	798	1141	2845	1568	4786	2320	2437	654	3132	954	3268	5051	2498	3667	1004	100	2717	4229	2898	3311	3277	1371	4288	5050	133	3341	287	1800	2372	1807	1961	2664	1878	2373	406	5020	4225	3480	2557	232	1417	2680	760	2054	1194	3389
4751	3969	1269	380	2807	267	2585	1315	4552	2085	1522	4633	633	2857	1202	113	3367	601	296	883	3663	4710	100	2435	1575	681	738	748	183	100	2528	2174	1211	2469	4783	1098	679	158	2360	4104	2875	3332	297	2110	142	3743	2171	1584	3026	3583	3430	1646	4430	3491	579	2491	2294	5005	3218	2121	672	2397	1957	1478	4326	4566	2498	5051	100	2250	1094	2445	3793	3109	4759	2166	4540	4975	2450	3442	2656	2483	2646	2822	1944	2258	2310	4142	3603	4135	5007	404	2027	930	1027	100	4656	2012	1846	2888	474
577	4727	2903	2383	369	2394	4127	940	4366	3047	484	4574	4797	1518	3392	1358	2834	1780	1090	1049	4647	1757	2609	314	3209	680	804	2164	3690	375	1121	2577	4375	1045	2961	3508	4634	452	3403	1794	2677	1992	1554	846	2014	656	1793	4282	3526	340	2100	3073	3452	4161	4208	3394	772	4510	2095	309	4799	4612	4462	4488	3958	4981	3667	100	5051	2967	636	3432	3693	3669	4580	2895	3453	4031	2925	2062	1528	2910	4689	500	3096	4345	3502	279	1074	2252	561	364	5013	5018	1301	3714	4428	3186	3241	1171	1614
2695	915	1402	1602	389	1138	2170	188	3590	4168	2792	4083	4264	4449	3483	3585	2325	1951	4348	2771	4658	2915	3739	551	4766	3232	1634	2444	2902	698	344	4973	952	1075	3802	2549	3522	4078	4506	1700	4999	3643	4687	1743	219	1349	4175	2578	3308	624	3254	4664	3778	1704	100	1637	3352	4761	2194	1863	2894	3856	1313	2635	4393	608	1004	2250	2967	5051	1871	3301	1248	4907	2388	2324	2293	4184	3689	2529	2001	3234	4558	1099	4476	2477	3621	4451	1671	4565	4619	2344	817	4178	179	2866	2193	433	2989	241	1344
4591	100	2147	3749	1991	346	3950	643	4021	3099	1964	1273	867	363	518	4039	1122	505	3302	1647	100	104	823	4937	553	416	3649	759	3794	2503	1350	4156	3928	2983	1613	100	3503	1605	1685	1954	388	222	2254	1914	1579	2963	2858	565	1460	569	4177	1224	3511	1600	176	2203	1191	3806	2879	1948	1364	1587	2960	2748	3320	1259	100	1094	636	1871	5051	3100	2090	1459	2718	1189	3547	2806	3101	4082	3384	4869	3917	4713	2536	3910	3004	3855	1563	2452	2818	3460	2028	3344	250	2575	4114	1508	1311	1995	2262
1007	1458	771	442	3864	3850	2415	3819	4643	1748	3752	4499	861	476	3318	4377	3048	185	1618	2490	4325	2816	1448	5012	4164	2288	3800	4446	2235	2105	100	2984	4240	1223	1642	1912	464	824	2114	2215	4904	3684	4073	2721	254	4474	1086	1716	2413	123	4318	1185	245	3831	2211	2058	1984	3072	5010	842	4704	3647	837	2279	751	3457	2717	2445	3432	3301	3100	5051	1393	361	4899	920	3608	1181	523	923	1565	3248	1437	2814	870	1564	4413	4396	2854	3694	4592	2980	3270	465	2725	3208	3069	4790	2904	4828	2049
2489	3589	2750	100	4622	4155	100	1030	398	2673	2729	1447	1727	2702	2615	253	4978	2079	2558	3533	3786	100	4931	4290	4965	1241	3750	793	2742	1788	3263	2618	3456	4953	249	2574	3730	4514	3788	2346	3084	1865	4722	982	1395	1804	2189	3605	3992	3031	262	3267	2642	3916	4029	386	782	1986	1970	2142	3666	2190	3881	3989	1279	4085	4229	3793	3693	1248	2090	1393	5051	2699	2486	722	100	3459	2044	2458	644	100	4094	540	4833	891	1873	635	4172	136	1732	1959	4058	2074	1809	1345	4836	703	451	1740	562
4776	4548	2985	4960	3695	617	3997	1707	100	3967	913	1245	729	384	4383	1329	161	475	3421	4292	3823	3650	1930	4028	2480	2045	4821	2936	1894	754	924	3083	1530	2546	3876	4850	2341	351	356	209	2739	1739	2332	5048	774	2590	1711	1159	215	513	2303	3642	1548	4392	456	3717	2576	2783	815	4728	4987	4582	3897	4046	2453	4402	2898	3109	3669	4907	1459	361	2699	5051	3737	2838	2412	2986	4265	4202	3056	4739	4176	4579	4903	4562	2428	4961	430	3481	668	2705	2586	2968	2103	402	1974	2946	2696	1606	1649
1501	4792	2149	277	3600	1690	2940	1993	885	4870	3953	2602	3213	3154	3753	4220	1420	4101	1502	3886	4980	4241	4632	1254	3999	1433	1384	595	2481	4515	2874	281	801	393	3634	641	503	4788	4748	4743	4492	1841	3039	1737	1283	2667	1081	889	3561	3141	2628	3321	4193	2297	4113	4590	1487	1015	4032	3012	4720	3482	786	4323	958	4734	3311	4759	4580	2388	2718	4899	2486	3737	5051	2828	853	2176	3745	3435	908	3994	2169	1028	573	1293	3748	2878	4957	2161	3946	1216	208	4817	627	100	740	1938	3798	4641	2421
3014	3372	878	1149	4057	3005	948	4501	2560	1167	1941	1945	1362	3361	2035	1180	3009	650	2675	1066	2956	2591	1603	1130	4921	2493	4642	3338	300	1726	4709	955	697	2901	1317	462	4837	3497	3164	3581	1892	100	3925	4996	2414	1467	2470	1833	3410	1455	3556	2571	669	3540	3837	2648	2029	814	1425	581	432	2455	2451	2384	304	318	3277	2166	2895	2324	1189	920	722	2838	2828	5051	4916	4394	990	3532	547	271	2359	2125	4053	4716	3088	4546	942	1140	3316	2778	1105	2318	2610	3044	1453	4607	3078	3377	2200
3751	2865	4084	1774	2868	1524	3354	3517	4478	4147	1838	2846	3718	4623	2885	207	4861	995	3557	1432	467	4825	1703	2890	1663	1222	4300	2041	2698	673	319	3414	2632	214	907	2487	3177	4174	3266	2069	2076	596	469	3202	2964	4936	2607	709	1969	1162	108	4653	4482	2143	3660	4684	3702	438	1607	843	1381	993	1985	4509	3007	3159	1371	4540	3453	2293	3547	3608	100	2412	853	4916	5051	3212	2973	236	4335	347	4340	746	422	3849	3677	436	4119	3345	3049	302	1861	4939	2928	4149	1215	191	4608	4484	961
4698	3066	1289	1701	3760	4456	4260	1219	3653	600	100	1599	3348	3531	4859	1538	2084	506	1256	3293	3757	378	4977	4186	2584	4341	4855	2997	2160	3592	2715	2119	1495	1085	2734	3552	1291	258	4008	552	2906	1851	1193	4711	4874	493	1333	3515	3169	2023	2213	4001	4319	1207	234	4362	4475	1474	1624	3157	3562	3909	391	1854	1936	4741	4288	4975	4031	4184	2806	1181	3459	2986	2176	4394	3212	5051	2270	2138	4954	1073	4267	4815	2140	1319	1157	2614	4105	3939	548	3629	909	4370	1473	1087	3343	4763	470	3920	2290
4244	637	3559	1003	2563	2418	3227	1380	606	2426	3783	3524	3238	100	3513	4572	1277	3446	495	4253	4286	1026	3764	3419	164	231	3940	1172	2391	4906	4621	4143	3535	4412	2485	2285	251	1006	2186	974	682	4284	3980	3172	2873	1367	3223	934	3006	225	2966	2501	2038	745	3365	2261	2631	3082	1899	539	4137	3197	1756	2570	1038	1643	5050	2450	2925	3689	3101	523	2044	4265	3745	990	2973	2270	5051	4279	2353	2298	313	549	2494	1258	3163	852	2043	4695	3003	1471	2078	4496	3326	3486	2165	1249	1723	1118	3264
2552	2761	4419	1670	949	2385	3977	3758	1235	149	2462	2112	4513	521	4525	3117	542	1153	2484	4712	4994	1562	3657	2955	3815	586	1071	1911	3870	1943	4185	2101	1461	1627	4417	4038	4310	802	2239	3362	4764	4329	2364	3205	247	700	100	2410	4339	1382	2348	4671	1545	3349	2184	1230	2826	376	4587	3922	4798	4035	194	4795	534	4568	133	3442	2062	2529	4082	923	2458	4202	3435	3532	236	2138	4279	5051	1867	1897	3792	4935	4802	3380	839	1265	2782	3781	1654	1869	3160	1424	2221	2864	2182	1500	3908	3982	3128
4597	4504	827	221	4334	1135	4918	3914	4211	4302	3678	2759	3193	2488	5016	3255	4344	3190	316	1979	3287	1360	3597	687	2380	2913	134	100	1699	4218	1762	100	100	1981	645	1044	922	2255	3063	1489	4744	603	3832	3984	3095	3664	3981	3191	3944	609	4311	3688	3329	2625	4440	5017	3495	412	4735	1534	1571	4984	1823	100	480	4908	3341	2656	1528	2001	3384	1565	644	3056	908	547	4335	4954	2353	1867	5051	1407	856	4138	2177	5030	4095	3765	1847	991	3189	3631	4459	4448	818	4725	1513	3233	979	2259	2969
2568	100	1178	4745	3866	4089	3780	3670	4782	706	2162	4856	1523	4838	3949	3790	4882	1436	868	2582	3830	1893	2754	1750	4794	1903	291	3941	3580	662	3579	4121	1908	1203	4858	486	2363	4461	4308	1626	2706	3934	1378	3162	3391	4595	884	626	1182	4170	1062	4863	2820	3397	3829	3017	2268	2015	211	2267	1164	1072	4088	533	2339	2474	287	2483	2910	3234	4869	3248	100	4739	3994	271	347	1073	2298	1897	1407	5051	3951	929	4087	836	4800	4518	4756	127	904	970	2047	4740	1519	4054	4666	2554	4485	4144	695
