56	33	36	13	39	10	30	10	44	47	16
33	56	52	10	14	34	23	32	38	55	53
36	52	56	22	12	10	29	27	35	10	10
13	10	22	56	19	43	41	10	42	26	15
39	14	12	19	56	10	11	51	24	48	17
10	34	10	43	10	56	21	45	10	25	31
30	23	29	41	11	21	56	46	54	49	10
10	32	27	10	51	45	46	56	18	50	37
44	38	35	42	24	10	54	18	56	40	20
47	55	10	26	48	25	49	50	40	56	28
16	53	10	15	17	31	10	37	20	28	56
