7261	7103	4256	5759	2366	1885	1606	6495	1257	1098	1696	7031	5246	6023	4475	1946	5518	6820	4434	2794	6321	6706	3049	2171	2317	819	620	2122	4827	1832	6110	6167	5946	3720	3380	5671	5148	6180	3237	4969	2077	4037	4195	4810	6055	1906	5338	6079	4568	3524	4738	5745	4126	4655	2667	3517	3711	6233	1617	4091	6159	4612	120	2598	1905	5027	927	5335	7137	2221	1297	2525	2437	2988	2650	7221	3600	5893	5048	7019	4853	6879	2753	7049	4864	2429	4838	3567	6239	4311	4540	1609	4456	5309	3442	5187	571	6436	5790	1652	4385	6251	7190	1677	4272	4275	1434	3805	5031	3689	1627	4234	1780	904	5366	1415	6025	812	6311	5583	4527
7103	7261	3923	2466	5896	6077	6411	3434	120	4163	6265	2151	370	4018	2314	2933	4925	5357	7136	6277	762	539	3155	1891	4162	2202	7122	1369	6569	2767	1451	3628	2631	2139	6961	1152	3557	5282	120	1996	1025	915	1479	4782	1678	5045	4993	3200	3896	2785	2066	504	6779	3131	120	3746	5064	1219	3840	901	857	6860	3550	1978	679	3281	2813	3753	4940	121	6028	7075	3146	1799	920	1126	5024	429	1278	5436	1181	2664	2487	696	218	4604	4521	2203	6823	220	4616	1973	5948	7053	4487	1366	4280	1689	4104	3944	1201	6416	6098	692	4789	4818	2290	6161	4093	5925	4959	2172	4441	3904	6858	3994	7113	4273	368	1000	3813
4256	3923	7261	6967	5626	3407	2876	6579	6181	4158	2274	1203	5288	6897	4990	1781	2865	2952	3509	5280	4919	250	4077	5848	4965	1076	3832	3580	4116	7147	1610	2282	1245	6155	3791	1260	6100	969	5200	5786	5293	3590	4533	5022	1656	4331	6671	4567	2250	1581	2109	6918	4801	5133	4080	1595	7186	1690	2783	2943	5984	838	862	6798	4377	1474	3154	2877	3729	6443	4888	6452	6801	3354	1970	4656	6285	226	3501	3138	2447	1697	3993	3503	3627	7196	5210	5057	2947	5672	3391	7032	6039	6359	1300	6102	120	6509	4329	5175	4143	6518	1561	5679	1343	1044	5300	3272	6315	3718	120	6208	3006	1719	4753	7089	1516	4757	2120	5711	4587
5759	2466	6967	7261	5049	5772	5789	751	5855	6903	5661	5879	1655	6331	569	7026	4951	1476	1151	266	6139	3520	780	6892	6614	208	5563	6140	628	3693	6529	405	6031	6670	5273	1255	1024	3788	6880	2008	1939	2737	120	6976	259	4663	2773	3302	4796	3029	174	6542	4376	5306	511	6121	6598	2455	5402	4178	546	3717	6652	3605	6486	135	817	6689	6853	5905	1317	2186	4366	2402	4881	5553	2242	3164	6010	2050	264	4833	1345	1928	3824	4092	5656	7034	4897	2307	3644	757	4503	3299	4474	1664	6878	538	5978	4124	5882	181	5068	5365	6588	2665	683	353	5224	1124	2562	5281	3649	1078	1746	1384	4226	4592	5199	3463	3859
2366	5896	5626	5049	7261	1007	3594	1979	534	3026	340	346	2163	6457	2694	1747	3248	1773	273	5931	2976	3853	3255	6019	3983	954	5791	6268	5230	2768	233	5400	6899	3917	3222	663	2222	1010	633	6787	1518	5796	4589	7051	3206	4927	4107	5693	2741	5361	5512	1136	5817	6979	4205	2595	7079	5849	7175	2458	3203	4960	1940	1435	2970	763	6484	761	7154	7192	4364	4501	6097	3324	327	1987	816	6924	169	5554	1540	6479	6158	4786	6150	4886	1206	4413	2842	2140	5010	120	524	2791	5058	4859	1955	6923	2129	3597	467	6699	2159	2003	1881	5182	7149	3452	4198	4285	239	2896	7024	3675	7153	3650	1969	2620	5997	6514	2060
1885	6077	3407	5772	1007	7261	4930	7164	411	3808	517	5220	6184	5333	2532	2108	1680	5354	5636	147	1551	999	6780	150	6763	5930	6626	6232	4710	3515	1950	2395	2251	5399	3756	1482	918	1262	6913	1110	222	5564	484	1456	2730	806	5943	6742	2176	2670	393	1232	2959	3998	1291	120	3039	3775	5490	2916	120	1308	6703	6466	2962	5741	4538	5401	3820	3462	1282	3418	1107	1368	5545	2802	5924	2196	3445	7218	3153	6107	5173	5995	1015	3235	856	6375	7124	5422	2555	2781	2848	3322	4128	1639	4902	898	614	5675	2482	6837	6748	4119	4574	3779	3595	1182	2266	4177	491	144	4187	4264	3484	1807	3532	6062	4610	6103	7140
1606	6411	2876	5789	3594	4930	7261	836	5432	4344	5011	2594	7176	6417	4783	360	2396	1046	7028	7156	1372	120	6145	251	5712	3864	5095	5839	3233	4498	1878	5873	1364	879	2831	6594	2062	5449	7201	1914	142	3784	1004	3466	2364	5420	515	6469	2370	6758	246	2372	2013	3334	6108	3315	6194	2579	4614	5329	6480	5536	5007	5228	7097	548	3102	4624	1322	1357	6824	3792	3588	930	6690	2994	2990	6945	6288	1657	3789	1218	167	1722	6326	2853	1695	3612	1235	5750	1864	545	2306	6686	5726	1959	5783	6807	3241	3055	4952	4905	6736	3967	1216	1023	2704	3091	6618	4215	5795	4893	6067	5495	6470	5782	6029	247	5977	4869	5556
6495	3434	6579	751	1979	7164	836	7261	3518	2473	843	6434	5869	2883	2261	3032	5393	2574	6001	4706	4698	474	2283	3827	1755	3773	3617	4009	4802	383	5951	5934	2161	2653	1469	886	1910	6218	2857	2755	2423	3734	1226	3448	3914	5067	1103	7132	120	5513	2995	1350	4024	7182	6224	2856	5192	5062	2002	5736	1187	4855	5181	2024	1786	4208	4777	3450	1407	5654	6621	1244	1758	4898	1339	4545	1830	5987	123	5866	1385	1147	3843	1036	1792	5586	3592	1108	298	5267	3817	5858	5680	3435	4296	4129	4281	4133	3633	120	3819	6261	6685	2733	4390	6768	6423	4670	3454	1611	3878	5018	4570	2682	2681	4985	3733	7202	6347	2743	640
1257	120	6181	5855	534	411	5432	3518	7261	2015	3166	882	6370	2735	3409	5509	4394	5289	5188	6582	3701	7135	5559	4044	4469	3752	3480	120	6856	895	2294	2522	4507	3183	6129	2750	1318	7059	7130	1391	5163	7022	2531	3257	3662	4628	6784	6999	2468	5070	4689	3161	4494	6228	2524	1977	3053	5481	6364	5161	5941	7111	5649	5237	2199	6137	5083	3424	1312	2030	3584	5457	5599	1915	7163	5878	1217	2939	2194	3692	3472	3093	4338	963	7155	807	1604	303	4067	5529	3402	3202	1376	2240	1796	6629	5788	1902	2659	605	827	3740	3351	760	3996	5468	1131	3556	671	5442	6391	1666	1452	3575	1692	1450	3045	489	4916	6045	618
1098	4163	4158	6903	3026	3808	4344	2473	2015	7261	4388	499	7070	2559	120	5117	4629	1567	2551	6173	2034	6004	5204	6304	5189	4431	1408	2630	4199	6276	172	4078	1310	7018	5217	5244	4063	120	4814	459	6815	2907	6244	4299	5060	6603	1272	230	3117	7060	4113	4221	558	6012	6931	5356	6568	1499	6490	800	4101	2105	3796	4646	1105	1958	1509	7240	307	3013	120	2803	4834	6510	3214	2604	5526	5646	3783	4713	6866	1420	2974	256	4160	5286	6526	1439	4720	2435	622	7253	5414	1571	1724	1066	5607	1139	4935	5043	840	7189	2884	4630	2930	5868	120	3682	1286	4800	789	6440	6263	120	6223	1448	4304	3152	4565	2374	3507
1696	6265	2274	5661	340	517	5011	843	3166	4388	7261	2697	949	4248	6905	4560	4499	4808	5388	7054	1783	4411	3054	5311	6624	1138	133	5397	4301	5546	2692	2600	5608	3360	5377	1029	6335	2399	397	2019	4467	1063	4179	5854	727	1974	1801	3158	1866	4991	6350	7167	6515	1742	1646	3047	1759	6054	2751	5317	4036	130	4084	1764	6650	7180	4190	3579	5378	5391	4911	1249	3724	6040	5652	2361	1853	5245	610	5227	6960	767	3059	1333	1530	2792	1347	2584	1693	1962	6042	4479	1615	672	2609	6868	2702	958	644	2308	6871	2732	5476	1867	120	5203	2617	7165	5808	6906	5655	3253	2717	3969	3925	1079	3668	3298	1823	4876	306
7031	2151	1203	5879	346	5220	2594	6434	882	499	2697	7261	2302	1850	4349	2646	4157	1748	1081	6551	3307	3676	6329	7014	4599	723	120	3044	4201	2879	416	2770	5059	3449	5209	5865	1570	2270	2118	6086	5451	2115	4906	7177	3652	1455	4956	4335	1754	6269	1092	738	1580	4105	3367	2124	3747	5643	4953	4939	3978	3289	5705	7185	4439	252	1381	120	281	4194	5524	1585	6723	3846	3195	3949	2058	6942	485	5055	2942	2375	1992	4829	4224	5093	2084	6627	1100	2908	3275	6415	3048	1875	5016	3723	3895	122	4148	5637	598	4484	5597	4041	5876	6711	4672	3528	1429	2806	1667	1246	6203	3174	1631	6794	641	6881	6962	5974	5991
5246	370	5288	1655	2163	6184	7176	5869	6370	7070	949	2302	7261	1035	4955	5689	1565	7046	1109	5297	2225	6219	3498	1865	7106	3572	2935	928	3339	2453	892	6883	6859	1794	6576	180	200	2358	2322	124	3716	6430	271	2388	5290	1787	6950	3941	6778	4697	5939	5072	5363	5419	3171	3256	2658	4548	3766	3811	439	120	5603	6727	3906	229	3431	3125	2441	3679	5696	3829	2465	5833	3246	5074	1738	5141	1178	3630	6517	7092	312	591	1293	6065	3394	5278	2826	2936	152	5775	2864	6138	2626	677	6559	1846	2104	3399	6298	2344	3785	4028	3907	5815	3974	2624	2461	1711	1941	6125	2747	1314	5823	933	3908	254	1951	4685	7236
6023	4018	6897	6331	6457	5333	6417	2883	2735	2559	4248	1850	1035	7261	3991	4192	1990	2945	2232	1101	6818	796	1082	2267	5477	476	5880	3546	5829	3060	3639	3459	171	2998	3014	3666	6632	2207	6483	2714	3123	2228	126	1636	1943	3762	5046	4776	5156	661	3951	630	1534	1306	6939	7244	2993	6231	6983	6953	2780	7117	5446	6508	427	120	2815	5009	2090	1897	779	659	6791	1858	6830	2915	5142	2663	1740	2903	5590	5828	5802	2268	1214	903	2497	7260	6473	5797	2035	4553	2335	2710	5403	6299	5507	5850	1582	6875	5722	1443	5958	2353	6454	6502	4012	159	120	1651	4532	4575	565	5233	379	5441	1058	4232	5264	4768	3199
4475	2314	4990	569	2694	2532	4783	2261	3409	120	6905	4349	4955	3991	7261	6489	3810	364	6115	4174	2403	6041	3922	2387	2573	5744	834	7213	4765	3208	5611	6475	6113	3582	3725	2789	4558	6954	2132	4415	3697	6007	3444	4760	1954	3205	3374	1700	185	7183	6185	120	1264	7255	554	4402	6252	6522	578	5270	4155	2863	2259	3544	3105	2746	1815	3018	1629	6612	4306	5570	5601	6428	3103	6240	6087	1654	3505	5573	120	4184	3219	238	4363	3538	1430	3690	284	128	3903	5561	6922	867	667	6214	2009	1140	968	6802	2727	4486	1057	5986	4022	5739	3995	3297	3291	5557	3004	4784	3890	2128	521	7127	4115	6668	6088	3479	1710
1946	2933	1781	7026	1747	2108	360	3032	5509	5117	4560	2646	5689	4192	6489	7261	6147	2214	2148	1277	5167	1676	5890	3952	3980	5102	702	3953	3958	4146	1315	7036	1427	2087	3135	7146	1933	4196	1552	6792	1919	1475	561	4774	187	3077	164	3656	1148	120	4989	1673	3426	4966	3825	1842	6680	1485	4355	912	4103	2782	6841	737	5904	6421	5619	853	6855	1059	6949	6625	4854	6872	1983	313	4438	463	4403	5256	6118	5985	2957	3170	5944	7256	1428	4977	4493	5708	6946	2774	2320	5870	6292	2554	3190	810	902	747	2736	3674	7085	2464	3972	3331	2885	6926	4324	6294	6900	5066	4799	1086	5914	1027	587	5670	5595	1904	5464
5518	4925	2865	4951	3248	1680	2396	5393	4394	4629	4499	4157	1565	1990	3810	6147	7261	7143	1843	1410	1397	613	2010	120	6063	6196	1380	5257	3441	6737	3602	2723	2742	2349	6024	4669	4369	6940	3347	5195	910	4878	3381	592	5638	6226	6247	120	5096	5418	2146	1213	6462	3549	5657	6314	2725	2474	472	4079	2871	457	880	4664	225	988	392	3905	5180	3050	5560	1265	6586	120	4578	241	395	1949	537	4580	4995	2057	2253	4454	2688	6456	6948	5324	4947	6053	6789	1635	685	120	3453	6642	272	6977	5052	7090	707	873	3104	1732	1014	1704	766	6348	2012	4787	1743	4750	5629	551	4675	212	4191	5935	5212	5801	5566
6820	5357	2952	1476	1773	5354	1046	2574	5289	1567	4808	1748	7046	2945	364	2214	7143	7261	1370	759	4699	1273	4813	2432	7093	7080	1281	1241	4970	1018	120	4389	1373	3073	5091	3899	3526	3902	5837	5147	5785	1212	2872	2513	151	5875	732	4926	804	6235	5314	1242	3511	2841	4026	7057	120	4780	2442	3833	5104	1099	6259	6178	6325	3749	1612	216	7012	6379	608	6705	7181	3797	2867	3823	4144	4554	852	5520	1311	6343	4964	5929	4257	4083	3373	982	1383	1912	6772	1944	3329	6691	4716	2452	3961	942	1817	5380	3698	906	2256	4526	415	2001	5630	5620	3057	4895	2592	4600	3971	5667	7048	4046	7123	3337	6695	401	6513
4434	7136	3509	1151	273	5636	7028	6001	5188	2551	5388	1081	1109	2232	6115	2148	1843	1370	7261	6080	1683	4602	6941	6895	700	2485	4590	607	5216	4742	3129	4944	6729	5568	3741	4702	1033	994	1164	6387	4647	2655	1062	4342	5061	4929	4414	2080	3849	3745	120	1515	5250	5389	1438	6817	3070	6238	1687	2686	1573	2467	6018	5716	805	833	120	6175	4238	408	824	6825	6399	6123	1681	6248	2224	2226	651	4052	1454	6933	6901	6997	6000	4807	510	1729	5131	3088	5961	2616	2269	6337	2904	1876	1228	4606	2707	3345	7161	2449	3730	6441	4627	5014	4225	1984	6280	6264	1613	7108	3539	278	4099	3227	1708	3721	5349	6638	4506
2794	6277	5280	266	5931	147	7156	4706	6582	6173	7054	6551	5297	1101	4174	1277	1410	759	6080	7261	1922	6496	4114	1750	120	2618	1553	3585	4867	3566	6332	120	3910	5721	6541	2701	3393	839	3487	5026	2360	4942	3898	2530	3831	7252	5162	1258	581	3118	4880	2997	6179	3072	1572	4247	6553	4719	3034	5770	894	1022	4652	821	6206	296	3880	1072	997	5784	1169	3226	1488	4039	1985	3371	601	4045	4312	6225	1170	6562	4305	603	3040	2809	2384	2846	4671	5571	1771	4657	4410	4654	720	2431	2553	4223	2523	5748	4651	5806	650	5459	7087	1856	4726	1061	6255	1494	706	5248	7058	189	6622	3478	1596	3419	1647	4936	3531
6321	762	4919	6139	2976	1551	1372	4698	3701	2034	1783	3307	2225	6818	2403	5167	1397	4699	1683	1922	7261	3176	4660	5567	5889	4341	5894	5534	2583	7069	5576	6122	3301	5942	725	4851	2734	2965	120	1808	5916	5202	2941	1122	2238	3090	980	2106	745	3119	6539	3989	1481	7082	6227	1932	2043	861	170	357	1171	1632	1574	3086	2795	6580	5749	3041	6144	5158	6450	490	7207	4354	2637	5798	1760	4707	2533	589	2615	6710	4772	588	1903	1399	2501	5160	1892	5572	6790	3260	6398	5794	6793	6050	4298	6708	965	579	477	3497	7226	7158	1167	1862	1921	6674	3795	6558	4823	1324	5260	3359	5617	4059	6644	5387	2007	4140	3648
6706	539	250	3520	3853	999	120	474	7135	6004	4411	3676	6219	796	6041	1676	613	1273	4602	6496	3176	7261	4056	2233	971	1048	1117	7074	1569	5831	1592	2037	3375	1752	2278	4511	1121	6313	899	3366	1154	436	2843	2545	5731	1688	5651	7225	2808	4593	2101	1643	2772	1193	4683	2271	2729	6114	350	2470	1365	6577	1390	2928	5407	1896	3968	1437	2495	4666	635	2205	5856	2191	2311	5653	4705	1839	4400	5800	388	3207	3240	3857	265	7011	5548	5967	3016	120	4258	5466	4320	5439	865	6660	6700	2244	3611	6333	4121	4491	4731	1931	1859	5600	6806	2905	1239	2950	435	3500	4042	2053	6995	4914	655	5836	4856	5917	5541
3049	3155	4077	780	3255	6780	6145	2283	5559	5204	3054	6329	3498	1082	3922	5890	2010	4813	6941	4114	4660	4056	7261	7245	1096	1289	478	355	4138	5487	1810	210	5013	1163	5980	4877	3187	4865	4125	3002	6327	120	3839	4708	6781	3930	1927	3327	3294	791	1068	4946	3194	4300	2309	1789	2931	715	4761	3397	5344	1749	6385	4449	3139	2541	6433	7100	5294	3177	5094	3110	2183	302	688	6861	3684	3962	6722	981	4667	5302	6538	3754	847	6448	5362	2640	5664	6600	6928	5196	1398	4754	6142	3312	3798	4962	626	3145	765	5580	1975	4396	6566	7249	4222	1907	3955	6840	4345	2731	5412	5500	4085	5337	3834	4202	6119	557	3982
2171	1891	5848	6892	6019	150	251	3827	4044	6304	5311	7014	1865	2267	2387	3952	120	2432	6895	1750	5567	2233	7245	7261	6634	2457	7081	2924	3997	1564	5676	1648	3410	1433	3035	4866	600	6279	3288	4513	6170	4890	4744	6033	3659	3743	2279	4771	1371	4087	2239	3305	5820	4356	4539	508	2912	4535	5698	366	5640	3069	2891	4460	6403	6713	4122	381	2350	376	5648	3270	4512	1462	5593	4156	1001	304	5254	2312	6599	3574	1319	5884	5602	2483	3300	5370	6293	1825	2179	120	790	6633	6975	6911	814	5540	2570	2327	6505	3336	7198	3383	183	5499	6148	6631	5717	4365	2022	4378	4350	3822	4112	3935	1684	5271	2424	3966	3340
2317	4162	4965	6614	3983	6763	5712	1755	4469	5189	6624	4599	7106	5477	2573	3980	6063	7093	700	120	5889	971	1096	6634	7261	4397	5953	6022	1142	7062	4974	4186	5816	2326	1889	5298	4367	4440	5947	6485	6561	4832	3802	2103	2920	5502	120	979	1130	4097	3172	1829	4243	5078	396	1189	564	1597	4743	120	2576	431	5632	1129	4559	4274	1146	6829	1725	6717	2160	2383	1923	5120	5516	2713	6550	6716	1349	2845	686	1911	6565	3887	3082	1394	6437	3607	5851	4074	6998	1019	553	3920	6731	1083	3335	2048	3828	3576	2529	1930	5063	2011	4648	2512	2153	859	3066	5658	7030	5272	6109	2323	611	5206	3555	6220	2086	6647	4678
819	2202	1076	208	954	5930	3864	3773	3752	4431	1138	723	3572	476	5744	5102	6196	7080	2485	2618	4341	1048	1289	2457	4397	7261	4244	7232	285	916	2469	2825	658	2329	938	5895	6549	6557	1026	335	5108	1043	6061	1374	5341	5410	4721	6854	5764	4500	4992	4850	1497	6545	3845	1191	5644	4137	2299	5252	3076	1997	2381	4352	5047	2869	5319	5437	3992	3888	2828	6728	1321	936	157	2310	6740	3162	1918	6286	2706	2684	3089	3343	2051	5474	1989	3218	5033	161	1669	1052	5440	584	4250	1396	784	7129	154	120	1999	1422	7077	1414	6882	929	3141	5799	3875	4346	2170	5955	4547	5035	961	2343	4536	4510	2761	5645	6465
620	7122	3832	5563	5791	6626	5095	3617	3480	1408	133	120	2935	5880	834	702	1380	1281	4590	1553	5894	1117	478	7081	5953	4244	7261	2638	6488	1840	4436	275	4763	6027	3891	3957	2509	3686	6256	6296	6785	2073	4021	1054	1346	5321	7126	4631	3722	6278	3561	1674	372	523	5090	6068	1577	6120	4153	5660	5633	1961	3547	3010	7254	519	6537	1531	4302	6574	6250	542	5519	3841	2272	6726	2760	5771	3919	2560	4289	6571	5522	1803	3821	4130	4872	3851	2000	290	6166	6366	1852	1115	1706	7151	2999	3913	7086	924	4619	6581	4035	6008	1728	4165	5452	2805	6572	998	6451	4884	6406	6394	3873	236	6420	6209	648	2642	1929
2122	1369	3580	6140	6268	6232	5839	4009	120	2630	5397	3044	928	3546	7213	3953	5257	1241	607	3585	5534	7074	355	2924	6022	7232	2638	7261	6237	2380	2840	1834	3936	2044	3015	950	1263	7008	615	2680	1526	1727	2888	4704	5339	7033	5544	5683	482	4180	1073	4759	3568	4795	3929	5950	6477	4211	2625	1336	4393	6573	2752	3893	2209	6291	6507	2821	6183	2286	6531	173	120	305	3022	3209	3470	6702	1120	5110	3081	6956	5639	1377	6616	232	3850	3793	5606	2900	995	386	6030	5504	4508	3285	2330	2838	5847	6986	1017	6611	5383	125	5622	1618	6863	5472	5118	3074	1477	4638	2597	2439	1221	3321	7099	7045	6389	6414	4725
4827	6569	4116	628	5230	4710	3233	4802	6856	4199	4301	4201	3339	5829	4765	3958	3441	4970	5216	4867	2583	1569	4138	3997	1142	285	6488	6237	7261	5613	2712	4072	3084	5485	3097	5558	5073	7038	4758	1338	7035	6275	3622	3284	1016	682	798	3660	1470	3512	3099	3165	4429	4111	3614	1938	2292	204	6131	813	2711	1538	808	6043	6499	3168	1887	4611	120	2978	6904	2410	3372	2412	4321	2113	5761	5550	2337	1097	3252	1500	1279	3671	2017	513	1070	6402	407	4090	1870	3696	6608	2898	6764	4557	3474	166	2117	7233	3610	714	4062	410	5940	1699	2075	962	2476	6034	6575	7102	6665	3342	4069	1670	1144	552	5292	5804	818
1832	2767	7147	3693	2768	3515	4498	383	895	6276	5546	2879	2453	3060	3208	4146	6737	1018	4742	3566	7069	5831	5487	1564	7062	916	1840	2380	5613	7261	4873	1192	5340	1331	2098	717	1691	6136	2960	2391	4334	2830	6344	6595	2245	5510	2829	3732	646	5219	5982	6506	406	4769	5484	2602	5523	3844	4276	5372	1400	3408	6303	2759	7235	2164	3869	4283	6724	1270	2859	593	5113	4846	2422	6776	3247	1080	660	795	2874	6494	240	1818	4868	1901	120	3483	6284	4617	2668	5734	7238	2201	400	3482	3897	6372	5530	2776	3688	4687	5426	3862	3625	4894	2851	1658	6826	5624	5596	1106	1133	5433	1520	5758	1819	7142	4217	3007	5379
6110	1451	1610	6529	233	1950	1878	5951	2294	172	2692	416	892	3639	5611	1315	3602	120	3129	6332	5576	1592	1810	5676	4974	2469	4436	2840	2712	4873	7261	3169	4134	3464	4230	1957	194	421	1716	377	4505	4601	1156	5562	4308	1465	4383	1176	4336	7148	5814	5616	2404	4065	563	195	496	5718	549	1243	1356	1074	6249	1134	4550	5907	6132	1256	188	1416	6752	2505	6769	5503	985	3514	719	2152	4339	1200	2206	2277	7010	6852	2923	752	6069	3370	5841	4668	120	192	5355	2567	1230	7000	2634	4325	398	6985	3894	2691	5647	2345	6478	2921	4408	3106	919	4594	4288	7168	3583	3933	4723	5129	6005	3541	2227	3603	3964
6167	3628	2282	405	5400	2395	5873	5934	2522	4078	2600	2770	6883	3459	6475	7036	2723	4389	4944	120	6122	2037	210	1648	4186	2825	275	1834	4072	1192	3169	7261	7166	2660	1402	3440	5069	5450	5897	1125	1461	609	3316	6363	2948	3185	3422	4070	2580	6952	582	4826	4686	5755	6590	3615	5486	442	6171	1413	625	4424	1234	1713	5871	497	1981	4883	3807	1649	4928	5867	5179	356	6649	131	2581	3678	1362	6917	3631	1602	698	5973	5479	5425	6914	5164	120	1811	604	2078	5825	5845	7118	3468	4910	1947	5949	3369	1039	2814	4932	6607	3854	3705	3801	5906	1332	2288	2460	2719	4722	4576	1393	4607	3655	4168	6927	4446	6980
5946	2631	1245	6031	6899	2251	1364	2161	4507	1310	5608	5059	6859	171	6113	1427	2742	1373	6729	3910	3301	3375	5013	3410	5816	658	4763	3936	3084	5340	4134	7166	7261	336	6439	358	7222	3879	351	4634	3809	1135	6212	2338	1292	1650	1382	6971	286	4328	1030	4937	3140	6060	134	536	6755	2088	6533	3181	705	1419	4822	1215	2134	5122	4290	2389	5830	3529	4622	3641	2494	5079	4466	5733	2557	3987	6804	2257	6719	5533	6189	2304	1458	3744	4987	1765	3376	2231	6835	2645	325	242	976	1882	2446	5473	165	525	6555	3624	547	3230	733	3395	6501	4210	2295	6217	5268	5585	6202	6851	120	1751	3481	4684	4641	3028	2056
3720	2139	6155	6670	3917	5399	879	2653	3183	7018	3360	3449	1794	2998	3582	2087	2349	3073	5568	5721	5942	1752	1163	1433	2326	2329	6027	2044	5485	1331	3464	2660	336	7261	332	3092	5003	2219	3052	2287	2507	6052	4573	3458	3654	4586	3486	440	3685	1335	7242	5835	5594	7230	3764	3577	4480	612	3027	4253	1633	6049	2021	237	2155	3249	3755	1248	5312	120	2142	3708	138	4263	5998	1588	2362	5709	2661	6295	3848	4448	444	4764	3182	740	403	943	972	786	4481	6127	1734	2187	3525	6604	5834	1089	2145	4131	960	197	206	2475	2748	4282	6081	7101	3267	3037	3858	7199	2817	5405	146	4048	1554	3781	3943	5792	6149
3380	6961	3791	5273	3222	3756	2831	1469	6129	5217	5377	5209	6576	3014	3725	3135	6024	5091	3741	6541	725	2278	5980	3035	1889	938	3891	3015	3097	2098	4230	1402	6439	332	7261	1926	2393	627	279	3719	2016	1598	2996	7050	2929	5673	4118	694	741	7172	5128	5390	6111	6929	5738	6570	2504	5478	498	5976	3328	2862	2881	4542	2069	1444	6282	1172	5968	3578	3287	5699	1668	3156	6051	678	120	4049	2006	1847	4492	2204	501	3147	120	2234	5371	1640	883	3225	342	7006	4986	5084	5669	5327	5331	3325	748	2608	4368	3350	1309	6074	291	3126	783	5467	5960	2539	713	4770	2390	3003	4453	6162	4516	1900	3025	1555	341
5671	1152	1260	1255	663	1482	6594	886	2750	5244	1029	5865	180	3666	2789	7146	4669	3899	4702	2701	4851	4511	4877	4866	5298	5895	3957	950	5558	717	1957	3440	358	3092	1926	7261	1718	3405	1305	374	6422	4712	3651	6093	5138	1329	2014	877	6902	4913	2440	3519	4806	2352	1498	6932	4679	5136	4729	5993	1630	1153	1008	1496	2324	1705	6636	829	5899	6745	1425	2405	775	5368	5394	5222	2061	6057	3457	5482	576	5460	3101	5105	2428	5777	2133	4673	3031	7243	2722	5578	7131	983	3759	6305	1795	6322	6141	4295	3608	6743	1965	120	6596	2502	2968	4875	2321	4980	6234	6838	5384	6639	6530	4405	3112	5532	2913	5038	1123
5148	3557	6100	1024	2222	918	2062	1910	1318	4063	6335	1570	200	6632	4558	1933	4369	3526	1033	3393	2734	1121	3187	600	4367	6549	2509	1263	5073	1691	194	5069	7222	5003	2393	1718	7261	6459	3901	6073	4447	1069	2281	5706	3160	4988	1986	2318	6714	2868	4337	956	6587	4117	6070	6915	6610	2394	4709	6424	2585	2799	176	3900	4830	3954	4968	3521	6601	3768	4983	4852	602	2189	531	3276	2610	721	2549	5150	3024	2480	875	2969	2346	764	2026	6460	3413	120	1449	2986	5247	4552	5028	3030	7120	4635	261	5050	4142	2854	1168	4904	911	6319	1224	574	893	3816	5186	5004	481	1013	5539	120	505	469	831	2569	2740
6180	5282	969	3788	1010	1262	5449	6218	7059	120	2399	2270	2358	2207	6954	4196	6940	3902	994	839	2965	6313	4865	6279	4440	6557	3686	7008	7038	6136	421	5450	3879	2219	627	3405	6459	7261	120	5591	2491	6682	4701	669	1622	5475	5107	6925	4360	4152	3065	5149	417	5169	3476	221	518	5552	5411	5903	2964	3114	639	2861	3221	887	7021	361	3866	3761	6920	2347	2889	6345	1619	3364	326	2249	5221	5888	486	120	1183	6816	5754	3280	1558	4862	5166	1952	2280	6908	5375	3736	2739	3193	6290	2357	5453	5277	3180	2784	5813	6951	6317	676	4945	2085	6898	1868	3932	6770	5774	6796	1584	6066	2953	1166	5330	6177	5413
3237	120	5200	6880	633	6913	7201	2857	7130	4814	397	2118	2322	6483	2132	1552	3347	5837	1164	3487	120	899	4125	3288	5947	1026	6256	615	4758	2960	1716	5897	351	3052	279	1305	3901	120	7261	1229	3643	2055	3485	262	2852	754	4976	3009	801	6725	3830	7248	344	6021	7223	7007	5308	3559	6869	378	5746	5715	120	2823	4428	5860	1447	7251	7037	4844	3401	7088	3051	139	2285	6788	1132	399	5900	7042	6842	3078	7121	1174	6828	2745	4891	5747	4692	5322	460	2141	1935	3414	4008	2102	7162	787	2565	136	2462	2190	1064	5584	1894	6312	3977	475	6044	4476	1207	4549	7016	3565	2873	1440	7064	2363	1988	1160	5956
4969	1996	5786	2008	6787	1110	1914	2755	1391	459	2019	6086	124	2714	4415	6792	5195	5147	6387	5026	1808	3366	3002	4513	6485	335	6296	2680	1338	2391	377	1125	4634	2287	3719	374	6073	5591	1229	7261	4001	5547	2230	2506	6266	5266	349	4551	2365	3621	890	6653	957	5157	2991	7061	6532	6585	4732	6845	668	5465	5042	5151	5514	2558	1143	3189	3872	466	4025	5002	6617	529	6812	5283	5859	1924	2738	736	4717	3159	845	2526	2212	6271	3700	2614	6831	6467	4626	3017	2765	3412	4278	4340	7023	5933	3251	255	4370	1857	4227	4433	3534	3860	5326	4918	280	3695	6669	5454	5730	2328	367	3318	2025	4739	6157	2568	120
2077	1025	5293	1939	1518	222	142	2423	5163	6815	4467	5451	3716	3123	3697	1919	910	5785	4647	2360	5916	1154	6327	6170	6561	5108	6785	1526	7035	4334	4505	1461	3809	2507	2016	6422	4447	2491	3643	4001	7261	1375	4071	6091	243	6198	6771	1195	214	5587	2036	4835	1543	5488	224	492	7083	4907	3107	4828	7259	3223	2426	2325	6661	1513	4735	3794	4003	339	2983	3113	2064	647	1387	4392	1271	3537	4727	2926	907	897	4632	562	5034	781	5822	277	6662	3912	2685	2833	6058	5447	5994	1614	697	2195	3211	244	6197	5462	3770	231	4151	5768	7204	4556	5496	6393	5299	309	6201	4010	120	6648	4468	4943	1741	4409	1821
4037	915	3590	2737	5796	5564	3784	3734	7022	2907	1063	2115	6430	2228	6007	1475	4878	1212	2655	4942	5202	436	120	4890	4832	1043	2073	1727	6275	2830	4601	609	1135	6052	1598	4712	1069	6682	2055	5547	1375	7261	6075	2810	2606	1809	900	5957	1021	3942	4401	5937	2556	1514	2571	6712	4889	149	1548	380	530	4653	120	1409	1626	5029	3019	1268	1032	522	3691	3806	6349	3437	5430	4751	1546	2166	3504	1980	5483	1960	5086	120	5809	4711	1155	3664	5398	5589	3212	1401	4909	6969	1735	4422	1886	322	7001	6814	4949	1501	4569	3570	6320	7141	3239	543	2975	2669	1744	3116	2572	3254	4609	4879	5803	3939	4053	338	6819
4195	1479	4533	120	4589	484	1004	1226	2531	6244	4179	4906	271	126	3444	561	3381	2872	1062	3898	2941	2843	3839	4744	3802	6061	4021	2888	3622	6344	1156	3316	6212	4573	2996	3651	2281	4701	3485	2230	4071	6075	7261	5781	6546	5954	1412	1301	3861	937	2112	1186	3058	6390	4327	4435	5153	2951	6340	4326	3075	215	3388	4811	6673	1238	454	5159	6092	6760	120	6563	4213	6934	354	2096	6020	7095	6297	6377	4921	649	404	270	1883	5455	5588	6151	5666	4417	1545	5155	5323	3420	4677	6336	6096	2715	1252	4242	3455	3709	5435	2832	1421	7205	3815	3063	1149	3108	1210	1002	4639	1198	4136	583	4840	5154	1549	4819	120
4810	4782	5022	6976	7051	1456	3466	3448	3257	4299	5854	7177	2388	1636	4760	4774	592	2513	4342	2530	1122	2545	4708	6033	2103	1374	1054	4704	3284	6595	5562	6363	2338	3458	7050	6093	5706	669	262	2506	6091	2810	5781	7261	1848	3191	1307	4058	5205	3309	3456	2149	5682	1269	1006	120	5780	4741	6656	6987	7104	6002	3356	2839	1075	2408	4804	4011	2331	5979	6493	3417	4584	6921	450	6615	1090	7013	802	1003	5569	1020	3128	1463	3495	7015	1442	6323	3513	3062	211	1757	4445	1298	4620	1745	2421	3881	6847	6874	3198	7071	6957	3739	822	414	5912	6464	1145	3884	914	7009	1378	7195	3596	2878	6435	3663	456	6445	5012
6055	1678	1656	259	3206	2730	2364	3914	3662	5060	727	3652	5290	1943	1954	187	5638	151	5061	3831	2238	5731	6781	3659	2920	5341	1346	5339	1016	2245	4308	2948	1292	3654	2929	5138	3160	1622	2852	6266	243	2606	6546	1848	7261	1779	5127	301	3011	2099	5194	5071	6383	6857	744	636	297	3020	5126	5821	978	5525	3344	711	4086	3984	1190	384	5170	3179	4981	2672	6797	6095	6188	5044	6543	5663	5742	5494	975	670	120	2656	4135	1995	944	1791	6444	871	6521	653	1976	6404	3150	2807	1510	3377	1964	6301	7212	5369	3786	4912	2264	2297	3186	7184	3473	319	2613	3928	4127	1679	1179	878	3266	4473	3238	1065	3451
1906	5045	4331	4663	4927	806	5420	5067	4628	6603	1974	1455	1787	3762	3205	3077	6226	5875	4929	7252	3090	1688	3930	3743	5502	5410	5321	7033	682	5510	1465	3185	1650	4586	5673	1329	4988	5475	754	5266	6198	1809	5954	3191	1779	7261	5214	5898	884	566	1512	5531	4032	4317	5707	1340	3228	1628	6775	276	1088	120	1726	5498	5106	4791	4207	5099	4407	202	5121	5235	1227	4857	5395	967	6782	3236	5234	3494	2938	6358	269	1888	3217	4303	2882	345	4934	387	5146	1223	1231	4941	6104	6692	2188	5807	7039	693	6407	3262	6371	2666	2586	3127	1484	1247	3492	500	7139	3956	7178	7119	1511	3477	1177	527	642	4150	5005
5338	4993	6671	2773	4107	5943	515	1103	6784	1272	1801	4956	6950	5046	3374	164	6247	732	4414	5162	980	5651	1927	2279	120	4721	7126	5544	798	2829	4383	3422	1382	3486	4118	2014	1986	5107	4976	349	6771	900	1412	1307	5127	5214	7261	5838	793	5381	3038	4504	6267	6143	4887	2397	2895	596	825	1607	7208	3132	1045	1603	2971	1116	974	5857	3224	5374	769	4465	4752	2972	267	6165	3079	5674	5080	4863	2223	1934	803	3087	2687	3000	2332	951	1359	5239	4870	1822	728	3772	991	772	1642	1925	5805	3095	2082	7157	5700	6886	7191	1793	5963	1837	330	5296	1820	3774	2763	5990	6246	3751	3489	755	654	2180	6064
6079	3200	4567	3302	5693	6742	6469	7132	6999	230	3158	4335	3941	4776	1700	3656	120	4926	2080	1258	2106	7225	3327	4771	979	6854	4631	5683	3660	3732	1176	4070	6971	440	694	877	2318	6925	3009	4551	1195	5957	1301	4058	301	5898	5838	7261	143	5480	2769	4793	1490	6254	1150	207	4485	314	5145	2198	5983	6413	6037	3042	4871	2724	2764	6195	1173	5753	5505	1802	4175	209	3136	1593	935	3317	6099	2778	6388	2386	2301	7194	5965	4773	5130	6482	3800	931	5763	3540	3491	7105	3175	5001	2339	5249	3115	5082	5528	6688	3432	6130	5417	1583	2123	1586	120	7114	1675	643	5827	6891	1774	4286	5678	3699	3358	4132	2413
4568	3896	2250	4796	2741	2176	2370	120	2468	3117	1866	1754	6778	5156	185	1148	5096	804	3849	581	745	2808	3294	1371	1130	5764	3722	482	1470	646	4336	2580	286	3685	741	6902	6714	4360	801	2365	214	1021	3861	5205	3011	884	793	143	7261	3036	120	2378	5315	4815	1041	120	120	6334	3304	690	4000	5969	1367	2963	1800	2890	5111	4903	1827	6243	3554	6850	1600	4189	6153	5852	1805	3467	1703	3490	5213	4973	3573	4361	6274	6006	3346	959	4204	483	6619	3742	5886	6704	926	3188	1616	3738	4102	6056	2356	4495	4518	3681	941	3012	799	3646	6978	7107	4531	2156	6836	5303	1468	4404	2540	2544	1956	541	3296
3524	2785	1581	3029	5361	2670	6758	5513	5070	7060	4991	6269	4697	661	7183	120	5418	6235	3745	3118	3119	4593	791	4087	4097	4500	6278	4180	3512	5219	7148	6952	4328	1335	7172	4913	2868	4152	6725	3621	5587	3942	937	3309	2099	566	5381	5480	3036	7261	2369	4384	5832	7003	2601	953	5307	7128	2184	5714	182	1274	4958	177	5320	734	3341	288	4605	5076	4680	1523	140	2546	2777	468	6512	6520	2496	3852	6221	369	203	826	6461	317	1472	2944	2914	6492	120	3436	5313	3120	1028	2020	6589	3882	1395	7229	5114	5359	3310	746	1012	6947	2291	6834	2079	4613	5767	1157	2046	4251	3710	2376	6427	199	2918	3259	7066
4738	2066	2109	174	5512	393	246	2995	4689	4113	6350	1092	5939	3951	6185	4989	2146	5314	120	4880	6539	2101	1068	2239	3172	4992	3561	1073	3099	5982	5814	582	1030	7242	5128	2440	4337	3065	3830	890	2036	4401	2112	3456	5194	1512	3038	2769	120	2369	7261	3757	4917	7219	1204	6168	1806	295	777	5918	797	6720	4004	4268	5006	426	3804	5493	1547	1507	1266	2416	5367	2649	2519	844	2169	1993	5999	2178	987	5508	425	2603	735	3033	3333	3173	6707	6036	1056	2628	3438	4724	5328	7112	5304	580	5316	6994	3934	5198	4094	1575	4323	4700	1111	3303	4443	570	5119	4637	4996	4972	908	5872	455	851	6677	5218	6762
5745	504	6918	6542	1136	1232	2372	1350	3161	4221	7167	738	5072	630	120	1673	1213	1242	1515	2997	3989	1643	4946	3305	1829	4850	1674	4759	3165	6506	5616	4826	4937	5835	5390	3519	956	5149	7248	6653	4835	5937	1186	2149	5071	5531	4504	4793	2378	4384	3757	7261	4432	4206	4267	2534	4193	3836	7152	6777	5178	5025	6357	6800	2651	1756	4839	3282	4261	992	2076	423	1379	3320	1525	3216	1871	1094	6017	7133	619	4820	5098	3945	869	3530	6657	1085	709	7052	1505	1034	2081	2932	3446	3545	6446	3765	5184	2674	2083	5891	4882	2368	6106	4845	2550	4847	5134	3855	526	5101	632	480	3384	3637	1557	4236	3229	5923	3915
4126	6779	4801	4376	5817	2959	2013	4024	4494	558	6515	1580	5363	1534	1264	3426	6462	3511	5250	6179	1481	2772	3194	5820	4243	1497	372	3568	4429	406	2404	4686	3140	5594	6111	4806	6587	417	344	957	1543	2556	3058	5682	6383	4032	6267	1490	5315	5832	4917	4432	7261	4564	7160	2445	4797	823	7241	2982	5928	2593	5515	6525	120	6258	2138	318	724	4715	1776	2612	2293	6230	507	120	5703	3323	4343	1180	4047	2492	4931	5041	5846	5971	2897	776	2418	3835	2977	2775	3769	1662	535	4812	5470	4690	4528	6640	260	6163	2319	3536	120	4309	1533	1942	3510	5778	1736	1855	132	1714	3365	7005	5610	120	6907	4073	7217
4655	3131	5133	5306	6979	3998	3334	7182	6228	6012	1742	4105	5419	1306	7255	4966	3549	2841	5389	3072	7082	1193	4300	4356	5078	6545	523	4795	4111	4769	4065	5755	6060	7230	6929	2352	4117	5169	6021	5157	5488	1514	6390	1269	6857	4317	6143	6254	4815	7003	7219	4206	4564	7261	3242	2906	201	6833	283	7041	5605	4836	5927	7134	768	258	1831	4908	4691	1406	4645	6535	1702	5238	6753	3411	2611	120	866	4849	1446	5692	2377	3760	3837	2041	1721	1625	391	1254	141	458	5492	675	5887	120	2679	4154	4658	3163	1835	294	3404	2371	2582	5628	885	6369	1162	2167	4798	3234	6554	3543	2543	3423	5092	756	4464	6697	1556
2667	120	4080	511	4205	1291	6108	6224	2524	6931	1646	3367	3171	6939	554	3825	5657	4026	1438	1572	6227	4683	2309	4539	396	3845	5090	3929	3614	5484	563	6590	134	3764	5738	1498	6070	3476	7223	2991	224	2571	4327	1006	744	5707	4887	1150	1041	2601	1204	4267	7160	3242	7261	2599	6592	4330	631	1489	6930	120	7094	1360	2130	3148	5842	5577	120	4595	4379	4676	6693	4265	1411	2298	1351	5625	7125	4519	5864	6973	1495	2744	331	3355	3638	4954	837	3245	1165	624	6481	3308	1114	662	1879	6683	4386	6242	158	2756	3927	4682	3629	4534	3870	3469	437	6974	2303	5276	2218	1709	2273	6289	2623	4489	2636	1638	6187
3517	3746	1595	6121	2595	120	3315	2856	1977	5356	3047	2124	3256	7244	4402	1842	6314	7057	6817	4247	1932	2271	1789	508	1189	1191	6068	5950	1938	2602	195	3615	536	3577	6570	6932	6915	221	7007	7061	492	6712	4435	120	636	1340	2397	207	120	953	6168	2534	2445	2906	2599	7261	1861	773	6678	6832	3632	4522	4357	5351	595	4662	1118	1355	3533	5382	4034	1971	4562	4373	934	3613	2486	4260	5702	4461	4307	5981	6684	749	575	6803	2296	2956	6658	3390	5989	6135	753	333	2619	1113	5687	2193	4333	4582	809	4892	993	2566	5627	3581	2154	120	516	1590	418	2934	1945	3352	3433	2258	308	4387	2762	2367	1453
3711	5064	7186	6598	7079	3039	6194	5192	3053	6568	1759	3747	2658	2993	6252	6680	2725	120	3070	6553	2043	2729	2931	2912	564	5644	1577	6477	2292	5523	496	5486	6755	4480	2504	4679	6610	518	5308	6532	7083	4889	5153	5780	297	3228	2895	4485	120	5307	1806	4193	4797	201	6592	1861	7261	4825	1529	6300	3673	5517	2434	4181	666	1251	223	2333	6989	4451	487	4188	1471	6011	5881	2849	1060	6089	2827	5081	4718	6324	4588	4714	4171	6556	4899	6651	2771	205	186	5123	3144	2262	594	2850	2229	5737	120	3924	6174	1522	6397	4057	2158	4014	3618	1077	4066	7239	5285	703	4214	413	120	4259	4999	3947	120	5542	4597
6233	1219	1690	2455	5849	3775	2579	5062	5481	1499	6054	5643	4548	6231	6522	1485	2474	4780	6238	4719	861	6114	715	4535	1597	4137	6120	4211	204	3844	5718	442	2088	612	5478	5136	2394	5552	3559	6585	4907	149	2951	4741	3020	1628	596	314	6334	7128	295	3836	823	6833	4330	773	4825	7261	2094	1568	5684	3096	2255	120	2235	1663	2420	4381	4380	1275	6548	6822	3946	742	6799	2693	5428	5826	699	4623	3348	1211	3778	4212	1778	3231	419	6090	1838	5438	6272	5000	1386	4529	5275	495	1328	2248	533	4749	4314	3130	120	3777	5614	6698	6935	2300	2471	5408	4803	876	6396	2801	452	2065	4766	6498	5075	6591	3640
1617	3840	2783	5402	7175	5490	4614	2002	6364	6490	2751	4953	3766	6983	578	4355	472	2442	1687	3034	170	350	4761	5698	4743	2299	4153	2625	6131	4276	549	6171	6533	3027	498	4729	4709	5411	6869	4732	3107	1548	6340	6656	5126	6775	825	5145	3304	2184	777	7152	7241	283	631	6678	1529	2094	7261	3398	1478	5279	6378	4169	5445	4563	4874	5253	559	3046	2459	1873	665	1188	4756	6664	3378	4237	5171	5959	2662	4359	835	6540	2940	3877	4399	1913	2819	2448	3508	6773	120	3587	3970	4017	3645	6547	540	7025	449	1473	6750	4287	6846	2676	691	4293	1302	193	6909	6117	1621	586	4831	2463	689	5386	2456	3551	5926
4091	901	2943	4178	2458	2916	5329	5736	5161	800	5317	4939	3811	6953	5270	912	4079	3833	2686	5770	357	2470	3397	366	120	5252	5660	1336	813	5372	1243	1413	3181	4253	5976	5993	6424	5903	378	6845	4828	380	4326	6987	5821	276	1607	2198	690	5714	5918	6777	2982	7041	1489	6832	6300	1568	3398	7261	7237	6746	3965	6182	3008	7116	832	4730	5100	6620	5538	5575	1644	1937	257	5659	6696	1536	5751	1599	3523	701	6536	4016	120	329	2208	2070	3250	337	6810	2489	4640	2334	6821	5424	2899	2100	3687	1492	2811	2992	820	162	849	986	3604	3143	1353	4050	4696	4515	6085	178	462	6968	1504	2401	4075	4351	4310
6159	857	5984	546	3203	120	6480	1187	5941	4101	4036	3978	439	2780	4155	4103	2871	5104	1573	894	1171	1365	5344	5640	2576	3076	5633	4393	2711	1400	1356	625	705	1633	3328	1630	2585	2964	5746	668	7259	530	3075	7104	978	1088	7208	5983	4000	182	797	5178	5928	5605	6930	3632	3673	5684	1478	7237	7261	7076	4736	5137	320	6361	572	249	2147	6384	922	989	3400	4015	1994	7250	4643	443	479	2886	446	5332	1844	5892	6124	1917	3856	6739	2678	129	6504	6681	3571	6992	120	6152	4082	794	6352	6200	4006	4841	730	120	1782	2028	1785	4145	155	6458	7200	1491	4029	1948	7040	1560	6003	6709	3589	5183	5604
4612	6860	838	3717	4960	1308	5536	4855	7111	2105	130	3289	120	7117	2863	2782	457	1099	2467	1022	1632	6577	1749	3069	431	1997	1961	6573	1538	3408	1074	4424	1419	6049	2862	1153	2799	3114	5715	5465	3223	4653	215	6002	5525	120	3132	6413	5969	1274	6720	5025	2593	4836	120	4522	5517	3096	5279	6746	7076	7261	373	2981	3619	5469	6346	6958	2042	7246	1967	2246	3653	3726	2430	1874	687	3988	4998	1316	5824	4896	1712	3100	5132	1519	2444	4437	1288	7247	1880	4100	6659	1828	137	6491	4496	5635	1715	1009	4994	2135	5810	3269	6236	858	855	3502	5862	493	1816	7017	1327	1067	1432	4423	2427	5690	3593	3192	1361
120	3550	862	6652	1940	6703	5007	5181	5649	3796	4084	5705	5603	5446	2259	6841	880	6259	6018	4652	1574	1390	6385	2891	5632	2381	3547	2752	808	6303	6249	1234	4822	2021	2881	1008	176	639	120	5042	2426	120	3388	3356	3344	1726	1045	6037	1367	4958	4004	6357	5515	5927	7094	4357	2434	2255	6378	3965	4736	373	7261	4982	3909	3167	657	872	4038	6360	585	6666	6613	4088	4332	4901	4920	1562	6283	4391	1071	6839	4615	5115	573	1521	5225	955	1031	4120	6354	6827	2107	1127	5537	3889	6864	6260	544	2909	3658	5263	1601	6738	5704	4633	2758	3362	3124	726	5197	5258	365	5429	3847	1966	4842	3363	6306	3735	5970
2598	1978	6798	3605	1435	6466	5228	2024	5237	4646	1764	7185	6727	6508	3544	737	4664	6178	5716	821	3086	2928	4449	4460	1129	4352	3010	3893	6043	2759	1134	1713	1215	237	4542	1496	3900	2861	2823	5151	2325	1409	4811	2839	711	5498	1603	3042	2963	177	4268	6800	6525	7134	1360	5351	4181	120	4169	6182	5137	2981	4982	7261	5336	3728	217	2844	5017	4748	2406	488	888	3196	3911	2641	2409	4659	5701	292	1196	6287	6191	4490	253	6071	4693	2144	6795	4452	2587	3295	1233	5691	6146	5125	6353	1102	4933	841	4266	2515	2220	2052	4362	1720	6426	1535	973	1259	3975	324	3465	4984	512	3672	6192	2824	5719	1466	120
1905	679	4377	6486	2970	2962	7097	1786	2199	1105	6650	4439	3906	427	3105	5904	225	6325	805	6206	2795	5407	3139	6403	4559	5047	7254	2209	6499	7235	4550	5871	2134	2155	2069	2324	4830	3221	4428	5514	6661	1626	6673	1075	4086	5106	2971	4871	1800	5320	5006	2651	120	768	2130	595	666	2235	5445	3008	320	3619	3909	5336	7261	6351	947	905	2901	120	6046	1426	3558	990	453	4241	4860	6936	3142	5152	2893	6213	3591	6885	5972	300	2348	1963	514	1344	673	1968	3151	3387	4096	1694	2639	5458	4182	6730	6038	412	6419	148	3553	7063	6302	447	5265	6919	6164	4843	1908	2498	6078	3863	5226	4420	5352	5409	3818
5027	3281	1474	135	763	5741	548	4208	6137	1958	7180	252	229	120	2746	6421	988	3749	833	296	6580	1896	2541	6713	4274	2869	519	6291	3168	2164	5907	497	5122	3249	1444	1705	3954	887	5860	2558	1513	5029	1238	2408	3984	4791	1116	2724	2890	734	426	1756	6258	258	3148	4662	1251	1663	4563	7116	6361	5469	3167	3728	6351	7261	645	5765	471	6199	4033	2511	1605	6584	1682	6937	5318	389	3926	770	3064	863	2536	6963	1899	6014	3918	4249	3264	4316	6643	1528	4694	896	939	2451	5124	156	5032	5089	1423	1731	4755	3803	470	6401	5053	945	2548	6786	4081	2095	4203	2779	120	6072	889	1972	1261	6392	3990
927	2813	3154	817	6484	4538	3102	4777	5083	1509	4190	1381	3431	2815	1815	5619	392	1612	120	3880	5749	3968	6433	4122	1146	5319	6537	6507	1887	3869	6132	1981	4290	3755	6282	6636	4968	7021	1447	1143	4735	3019	454	4804	1190	4207	974	2764	5111	3341	3804	4839	2138	1831	5842	1118	223	2420	4874	832	572	6346	657	217	947	645	7261	5444	2192	2382	599	5023	4543	656	1541	623	3976	5992	634	1508	2260	3874	964	402	1084	3496	4458	2027	5406	4318	4525	2121	5681	6395	6544	3268	323	6965	1330	6560	1877	1587	3635	5535	2652	718	2836	758	316	5193	120	5056	3916	503	4598	3121	3564	1240	4924	4483	2804
5335	3753	2877	6689	761	5401	4624	3450	3424	7240	3579	120	3125	5009	3018	853	3905	216	6175	1072	3041	1437	7100	381	6829	5437	1531	2821	4611	4283	1256	4883	2389	1248	1172	829	3521	361	7251	3189	3794	1268	5159	4011	384	5099	5857	6195	4903	288	5493	3282	318	4908	5577	1355	2333	4381	5253	4730	249	6958	872	2844	905	5765	5444	7261	5165	6222	1404	6808	1358	4147	5936	3715	4347	5883	1237	854	5581	3213	6048	4728	5015	3522	1209	5686	6865	3361	1698	5231	4618	1038	5201	4621	4457	120	120	1199	1405	2860	2535	932	7257	7179	2181	2411	7220	2127	716	3353	771	4170	6809	3425	1342	3799	6380	6472	3642
