7261	614	7011	219	1207	5237	2200	1859	5707	730	1253	2075	5332	3706	2251	4786	5257	2968	1640	7025	2426	4635	3950	1629	3385	5891	120	3727	4120	3559	4836	2010	6537	5293	245	5975	4059	2313	2098	5565	1189	5017	395	4872	4488	2925	1808	2804	6554	3672	5943	1086	735	4578	3277	1153	1673	2069	4317	2068	6398	2559	5626	1481	7215	3690	6826	1208	247	6591	4530	1466	2586	7027	1336	1630	1149	764	4975	3733	778	930	3105	4071	6926	4790	1574	826	1787	6041	236	1063	3565	1567	5838	2687	1246	3960	5639	197	1384	4476	339	1194	5328	4526	3123	4025	2316	1994	6504	6535	1867	1243	7097	6943	6447	6252	4036	3654	2377
614	7261	511	866	6223	5519	5713	3167	680	3868	1278	6995	1648	7076	6201	3242	5512	120	1738	5874	6851	3488	993	5665	2949	3632	3928	6116	3180	3713	2650	4951	6922	5821	1429	5508	3967	276	3577	1343	3925	1535	5469	5804	3781	5342	2990	4548	4854	2028	1357	7234	2280	4082	2571	1347	1947	1234	4366	5030	2156	4555	1449	4880	6171	5867	4144	2814	3023	5147	5098	6172	4679	1437	5789	5347	6593	5436	2163	837	4344	2308	3522	1407	527	4656	3980	3492	7043	5823	6242	5619	821	1596	1573	5738	4877	4292	268	6274	2368	3289	3532	5271	1020	2877	2916	1439	1896	2459	2755	1410	3921	1736	5049	7206	1162	6000	4391	984	2183
7011	511	7261	7201	5642	204	6734	3715	5695	635	179	5045	120	6253	862	6471	3246	6498	2285	1776	5109	341	2310	2913	5318	2713	2688	6646	2167	4198	364	811	2480	3624	5445	7005	4398	1295	1989	3000	3911	5357	4186	2747	1260	449	5592	6333	6940	428	7108	4594	478	3790	145	3017	120	5165	2827	5526	4182	5460	2365	2951	172	375	4293	3331	2061	6083	3467	4253	1090	2562	3814	411	1881	1022	1898	6174	1398	4870	5811	2185	5253	3931	5294	2513	5923	3719	1192	3489	772	3330	1328	3336	1747	3905	4252	5768	3766	5618	5603	6163	2302	2045	6654	6819	5132	1451	4259	5829	254	6735	7094	7167	3800	1341	258	1847	749
219	866	7201	7261	2817	6709	602	4961	5933	3965	1148	6291	4209	6135	1829	3383	2749	6306	6881	1906	5898	6418	1176	403	6898	6580	5571	5650	3308	3149	1943	120	261	2292	4460	620	829	6645	864	481	6329	1274	2706	4214	4855	1323	3770	4037	5939	3387	5663	2509	203	795	2973	4883	7207	5929	5062	3125	6991	5525	7006	6337	1616	2715	6904	4388	2640	713	7106	5197	6731	4711	4777	2051	5516	6416	1636	1662	4316	7145	1370	3343	1968	5135	1303	3529	7091	2116	2794	782	6910	5484	3576	6779	1491	5385	1778	1172	5777	5220	4052	1435	884	2991	344	5493	3329	2941	5500	1111	6906	2171	3638	5095	2444	3245	5482	2573	2376
1207	6223	5642	2817	7261	5853	4995	6830	2871	6484	4584	438	4797	2282	1753	383	398	504	1876	5377	6334	6422	3304	6707	5969	120	445	1972	526	3774	3842	3030	3805	390	4527	1504	2624	2083	3079	4468	6939	4775	5671	4200	2357	3184	4837	2799	1817	3201	1459	2756	4752	3901	4501	2060	1100	5289	1335	3485	5539	3899	358	7035	7180	5438	1200	3620	1324	4736	5187	4104	6696	568	5061	4408	5803	4917	1880	6109	1093	690	2055	684	564	2849	5023	3985	5070	5698	6270	2502	2158	4114	1505	3160	3832	4330	1249	4136	1395	2225	7024	1018	7026	939	6816	4669	2611	615	3203	1222	1097	7034	294	6440	541	783	5075	878	4613
5237	5519	204	6709	5853	7261	2781	3411	2286	6385	2825	1944	7187	7060	3525	1951	4634	5761	6429	4456	1845	6988	3071	5358	2909	4637	1358	5434	1203	2131	4668	2684	4331	5096	1938	997	6183	120	6286	120	3631	5517	5836	691	1997	6079	592	1645	4148	2709	2236	5770	2408	7127	4438	4981	4946	1080	2512	266	4434	2093	2678	4081	756	5506	7115	2092	1363	4508	3916	5801	2338	5178	4889	4862	4359	586	4076	5360	140	1613	3515	2257	5989	6671	6805	2449	1394	891	4954	5462	5813	5232	921	3883	231	6730	6159	664	1690	642	122	2244	7038	2544	3092	3217	6787	1269	851	5756	5158	2435	5042	1492	4644	1954	2900	2382	7064
2200	5713	6734	602	4995	2781	7261	5841	4553	6890	6617	3042	6493	3667	291	2677	612	6058	3074	4588	3352	5418	4551	3834	6404	6698	5585	4426	1500	4454	2761	3229	5483	2441	2853	1633	4942	3839	3642	5175	1752	5840	6962	6261	4724	120	5900	4373	3700	4539	5451	1646	4323	5722	5421	2885	5311	5578	5559	3431	2671	2394	1035	198	4435	2564	5091	3121	945	2895	7224	1748	290	4653	5181	1547	1875	3656	4980	2896	7105	5496	4396	3186	1420	2823	3750	6847	2297	6675	7154	954	1385	5640	6410	799	698	1515	3871	3939	2536	2759	843	517	7002	3891	6075	3441	6093	6067	6821	4959	6020	4570	3234	4746	3280	4924	4018	2046	5133
1859	3167	3715	4961	6830	3411	5841	7261	361	2414	5621	3158	3046	4899	3248	6332	4342	4787	2693	1102	3164	4135	6383	1381	5598	3388	243	6256	2762	6882	6142	4755	3741	674	5415	801	3445	443	6941	3059	166	2195	4542	3047	905	5248	6433	6322	2869	2336	4760	4264	5492	5860	5221	1698	6663	1907	4834	120	1123	5646	679	5407	3398	2777	6356	3073	1302	120	327	2511	3088	4971	5550	2492	4419	2868	5589	3681	2324	2071	7193	6015	3754	4244	2411	912	4974	6143	3127	3554	3536	2500	4585	3661	5608	3703	4013	6948	7259	4589	644	2797	5558	2767	6342	1107	412	6573	6231	5569	3767	363	5607	1800	1186	4733	5386	2211	2802
5707	680	5695	5933	2871	2286	4553	361	7261	5286	4576	6499	3024	3095	7150	5334	6475	2040	6640	120	6031	6197	857	967	2314	4826	4566	7008	2582	4646	5260	7172	7130	195	5726	3725	4878	3392	1027	5557	6503	1810	5446	6417	6213	3601	3243	5210	1024	538	4106	497	1220	5764	507	7170	5194	5852	6959	922	4631	3138	3716	3569	4932	976	3819	6432	1212	4000	1379	6899	5157	4197	4611	5941	3877	6366	192	2328	120	4568	5183	2089	4174	5306	1236	2667	7227	3241	1730	3946	154	3408	120	3979	1397	1516	1065	4985	6104	5814	1663	213	1976	5380	368	120	4838	3971	4272	3737	7229	3475	3923	2196	5956	6758	7253	7016	5582
730	3868	635	3965	6484	6385	6890	2414	5286	7261	1756	2299	6181	6080	6186	6673	120	475	4046	6070	121	5263	1651	2942	4670	5225	4254	2122	5677	6028	2056	7160	3571	6750	2520	6540	5574	4739	4858	149	4335	7126	3077	3912	4380	3197	2319	6050	5223	1013	717	5350	5980	5019	5819	1967	2496	1380	4718	5335	5416	643	1011	4792	303	4239	5615	5389	5015	6811	2213	1005	246	1707	4800	3291	1894	1216	5606	2936	3874	4172	1499	1576	2073	521	3442	4212	6474	768	4444	4573	3649	781	2346	2831	1838	406	3215	4504	1710	4467	128	4793	4994	6659	2470	753	1196	5985	4199	6060	1034	3399	263	419	1182	766	856	3169	1888
1253	1278	179	1148	4584	2825	6617	5621	4576	1756	7261	4478	4369	3262	2584	3677	6363	6449	467	2739	1325	5425	2891	5491	2685	4169	2456	6746	380	2950	7111	780	4766	5962	1658	1705	3765	6486	4332	6212	562	3116	692	6792	5955	2333	7152	5010	1165	6387	6189	2639	4451	4424	2662	4532	1706	865	3332	1608	314	935	6246	6326	498	6630	2135	6338	3866	1549	4639	1839	2170	3552	4625	456	6084	6703	869	4714	5832	7257	1374	5534	889	1917	3253	6188	1402	1521	4524	5992	1758	800	2062	1298	6193	1454	5851	2663	6046	4851	4448	7050	4319	4288	3170	1931	4984	654	1807	402	5712	4540	120	1289	1819	4274	3595	1554	3959
2075	6995	5045	6291	438	1944	3042	3158	6499	2299	4478	7261	2351	6318	2094	4241	6152	516	120	4075	2694	6570	6809	1751	3749	5660	5847	5542	3544	6689	1476	4676	5503	1488	3384	2751	1589	5281	1060	7062	6008	2023	2104	5326	5624	1937	1251	222	1087	5006	4248	4863	7153	280	6167	333	2385	3239	1318	4110	6936	622	1921	6796	5501	1287	1279	5680	7021	6818	804	5741	3892	2078	347	3723	5963	2159	1244	3695	5005	2133	2727	628	2208	4280	5543	4958	5701	4367	1503	667	6616	641	1882	1850	2615	832	5772	5250	5053	3373	6701	2102	872	1099	5661	229	6722	5762	5531	3249	2938	2822	3864	4374	6236	1154	7109	4817	1674
5332	1648	120	4209	4797	7187	6493	3046	3024	6181	4369	2351	7261	3811	3214	6627	1595	4756	1434	2580	1759	1157	992	4003	5906	4591	3320	6665	2683	3374	6620	4007	1804	4521	1059	4748	699	321	2848	2469	4040	6348	5211	2616	5935	3579	3755	4130	988	4437	4030	2053	3752	1684	572	120	4692	3342	4305	2182	2652	7000	356	307	2805	5227	423	1408	300	1583	6716	6262	5862	5370	2644	120	1091	738	6836	5490	2029	5307	1184	983	4225	2398	2378	2327	1350	3617	2561	1061	4622	274	695	5039	5228	3172	3409	5245	2460	5595	2339	5721	174	2740	4084	3351	1780	6605	956	120	4240	4158	182	3795	4031	1775	6895	6110	2837
3706	7076	6253	6135	2282	7060	3667	4899	3095	6080	3262	6318	3811	7261	270	4108	5739	235	2345	5920	6533	1178	2409	784	7100	4308	5952	6123	3107	2173	1784	6509	4603	3279	576	3460	5320	3684	2847	2067	1175	2548	5206	7191	4754	3791	120	563	5284	6384	2609	248	3802	894	6069	2669	2553	1682	6081	7195	512	3478	675	3065	4095	4128	1113	5336	5454	6249	4730	2166	4936	4673	6840	1127	5013	2550	5848	6055	1209	6728	208	6590	1621	6344	3740	4278	120	2813	5256	171	6768	2517	4459	5604	3867	3439	7241	657	5432	3514	4152	2043	599	7175	2401	1509	1789	244	421	4749	3297	5945	6168	1607	2054	3368	2555	854	2421
2251	6201	862	1829	1753	3525	291	3248	7150	6186	2584	2094	3214	270	7261	2205	4710	1550	4372	6034	3809	1362	3032	5374	4416	597	950	705	852	6609	1610	2828	1928	6311	7252	5277	4338	3612	5352	2246	3610	4145	6724	5188	2976	2367	5099	1725	1797	120	4027	3991	3263	5802	4652	2222	6980	2908	1664	3875	1691	5167	5159	508	6494	3526	5529	1472	4694	5401	6799	1419	3010	1327	120	6597	5417	6131	6527	6160	3818	6602	2844	5567	5123	2013	2276	4345	5740	3382	2174	7057	1936	867	6969	5402	2455	3619	3122	4791	7082	2846	4232	2306	2864	6091	590	1359	7184	5184	898	601	120	4279	329	5931	2661	6878	2594	1715	6536
4786	3242	6471	3383	383	1951	2677	6332	5334	6673	3677	4241	6627	4108	2205	7261	2921	2981	5459	673	1375	6126	4224	7056	5965	2228	285	4383	1245	120	1786	2658	6775	5142	1809	5408	4935	6376	7137	2660	1021	120	1290	2892	3051	4770	2326	5632	3742	5771	3712	7235	2476	5560	545	2987	6362	6907	4556	6650	5463	3001	5538	2320	593	2808	5102	5392	4463	120	212	2085	3211	539	6413	4966	5126	6987	3976	6100	6125	272	7013	4654	6833	5367	2048	5009	6666	4088	4572	120	3803	3358	7258	5143	4802	689	4159	3699	2248	6294	3845	4146	4471	6425	6628	4105	4816	1638	1935	6299	6455	906	4217	5888	1532	542	5553	2383	2340
5257	5512	3246	2749	398	4634	612	4342	6475	120	6363	6152	1595	5739	4710	2921	7261	4203	566	7028	624	6992	892	4117	702	1387	292	5678	6071	2291	6977	3206	7107	6003	1266	1254	3237	6230	2928	3476	120	2984	5602	2742	4299	1004	6607	7163	2091	5644	848	2596	120	1160	6908	120	2212	6949	120	3987	5057	6459	6626	4466	7220	2970	7085	5504	2110	3231	3196	2161	5419	1998	5686	893	5747	4063	2058	5121	3178	3896	5842	2622	5034	3311	2197	4685	6606	3238	5711	3788	3463	4073	5259	184	1533	6128	359	4213	4650	4139	1365	1493	7218	6864	2588	2829	5563	3440	1628	3645	227	218	6025	3110	183	3822	4875	2230	2926
2968	120	6498	6306	504	5761	6058	4787	2040	475	6449	516	4756	235	1550	2981	4203	7261	7022	4281	1096	5669	3962	3287	1721	5468	5118	3380	3261	3872	584	4809	4922	479	3782	5984	1858	6849	3361	3474	4822	3176	5775	819	2649	6578	5288	2279	5967	2491	2932	6350	2431	2038	6464	1580	2971	2604	1320	3745	6132	5788	6051	3386	1158	5381	120	346	2255	6976	3075	4363	3982	5316	6029	6259	2047	4479	3087	6444	4257	6517	994	2657	873	2818	5301	4411	3641	6450	4731	2608	5800	5163	6124	4547	3691	6303	5825	3524	2018	2278	1213	727	535	5588	2708	5268	554	2284	5234	7086	5209	2271	868	2903	378	6971	4927	3856	2356
1640	1738	2285	6881	1876	6429	3074	2693	6640	4046	467	120	1434	2345	4372	5459	566	7022	7261	3452	696	6843	3983	5627	1510	7029	2014	6828	5362	6234	5088	3377	637	5349	7122	120	312	2610	5684	6466	6442	747	5140	120	3887	3281	2875	7194	120	2986	1816	3064	1551	4619	399	2049	221	3422	5219	1558	966	2325	6600	5653	1919	1693	3493	522	5267	5556	5182	6415	1073	5782	3998	446	646	4636	4565	3735	3663	1390	434	5122	6307	4318	5921	5849	1421	6915	2057	1128	5339	5662	7074	5474	1247	1311	6049	4519	4944	6979	3724	6539	3934	2534	2583	6576	169	6685	4207	2714	1273	5797	3275	2428	3118	763	6403	6937	5059
7025	5874	1776	1906	5377	4456	4588	1102	120	6070	2739	4075	2580	5920	6034	673	7028	4281	3452	7261	3136	5265	670	6331	3369	6323	3312	3628	1012	4979	886	3274	5850	5131	1864	424	2417	2934	4554	3806	2374	3637	6200	2150	3917	7161	2429	1349	6699	4674	2237	6389	373	3673	6850	5429	6210	1624	957	5443	282	3282	2656	6392	4260	636	1465	5581	3316	1637	3338	6732	7231	388	6557	5442	4180	2741	1923	4350	7169	4513	5391	3455	916	4651	2070	4901	6482	5930	5372	4783	354	5420	6319	6975	3794	2025	4627	6852	663	6820	1702	1440	3521	2967	6677	7078	3665	2416	1671	6955	4849	1726	6931	3831	1270	2223	1143	5545	530
2426	6851	5109	5898	6334	1845	3352	3164	6031	121	1325	2694	1759	6533	3809	1375	624	1096	696	3136	7261	429	4953	3599	2937	1643	2052	1367	1332	1386	1206	6208	3321	6248	1438	293	6468	250	2253	3499	5692	120	5798	3687	2352	5902	490	2103	4853	6345	2461	3296	2664	4177	1188	2870	5292	4972	2199	6574	734	7233	2732	1601	163	120	5003	4820	758	1711	3895	2897	148	338	528	4083	1138	1632	1862	1144	1625	1642	3710	2113	2845	305	120	941	1130	6695	6300	4762	207	2235	5470	2722	666	4750	1833	740	3319	6674	3334	450	3942	4171	6682	4963	1431	196	4905	963	3704	3477	4173	3743	2373	3876	6875	1584	2893
4635	3488	341	6418	6422	6988	5418	4135	6197	5263	5425	6570	1157	1178	1362	6126	6992	5669	6843	5265	429	7261	3548	649	6309	2920	841	1232	6649	6371	1042	120	6497	5071	5314	4436	2106	3099	1092	1581	6412	4590	5633	4549	1015	4358	2710	1452	7072	1229	4094	1977	4997	4753	6960	3963	6697	3969	6806	5715	3375	1098	3283	5355	4079	6111	3469	2452	4892	6957	6935	5674	322	2450	3479	6559	968	7196	3325	2332	3799	4250	2312	2729	6263	2602	1772	4992	4473	6946	1140	330	3538	232	6346	5067	5195	828	6757	5035	4417	2311	7061	716	4918	1475	5008	6507	1404	4759	2105	2672	3182	1485	5494	2996	2705	7052	3298	4093	1548
3950	993	2310	1176	3304	3071	4551	6383	857	1651	2891	6809	992	2409	3032	4224	892	3962	3983	670	4953	3548	7261	6782	942	1666	120	4028	6789	7176	7009	1264	3090	442	2128	7223	5150	5611	3142	5696	2628	4322	374	1904	932	6290	448	5174	2125	5536	4237	2614	5973	7173	5029	6652	381	1445	5365	5617	5224	4277	6680	3294	3504	3349	400	4684	120	4586	410	4903	3063	2927	743	3402	557	6657	3230	712	4621	6567	3689	5960	5200	3292	1981	2240	936	5226	6048	6683	4409	1225	2821	3658	2691	6305	3777	5081	311	1634	2883	6688	5614	1391	2341	2193	1377	6966	6729	3553	3326	3223	6856	7210	3897	2467	598	178	1453
1629	5665	2913	403	6707	5358	3834	1381	967	2942	5491	1751	4003	784	5374	7056	4117	3287	5627	6331	3599	649	6782	7261	306	3625	1874	1656	5319	2037	6165	7202	6057	120	6531	1077	6016	1680	6394	7081	2587	2811	1669	3323	2576	6278	6185	3413	4687	7080	6176	6555	7204	2042	677	1527	4771	2914	6045	1677	4839	2008	613	120	5239	4950	3909	4049	6134	5252	5865	277	2760	1987	6437	1541	5856	5452	5521	3132	5472	844	1333	206	581	2434	6603	223	1918	6754	791	6039	1369	3026	5645	2524	2266	565	350	621	2004	6037	2334	2187	5706	4096	1115	2397	297	1218	2839	151	5957	2904	5816	7256	1932	5805	7162	5086	6297
3385	2949	5318	6898	5969	2909	6404	5598	2314	4670	2685	3749	5906	7100	4416	5965	702	1721	1510	3369	2937	6309	942	306	7261	4002	1536	7211	794	2342	5991	1700	6203	4230	4860	1563	6222	2771	510	4562	1068	3572	1717	5161	1826	6524	5321	5708	4347	1281	6386	4087	1033	1248	685	1495	3920	4873	5971	2066	813	1355	2457	2252	1612	120	271	7093	3459	5774	3776	3006	474	6097	2130	120	3847	3836	5704	7092	5213	4818	5786	5996	3355	6023	919	5486	5036	4667	432	7236	3557	3418	839	4296	2736	6487	1856	3078	6101	1124	237	6996	1405	6375	4525	4275	6565	6107	2323	3606	6369	3501	4990	5736	3621	2773	1109	7125	6556
5891	3632	2713	6580	120	4637	6698	3388	4826	5225	4169	5660	4591	4308	597	2228	1387	5468	7029	6323	1643	2920	1666	3625	4002	7261	7089	5911	2184	4486	6044	600	4735	1714	4595	1526	6839	2117	158	3933	6752	2242	3202	1905	908	4545	6985	2579	6800	120	3812	5246	6352	4097	4343	162	3002	757	6954	1053	6733	4689	1667	5400	1301	3994	1544	715	4805	2484	2575	1310	5643	2538	2293	1081	5499	4125	5343	2107	459	4727	3647	3080	2318	4628	4581	4194	6614	5846	2551	1401	120	6166	2124	3429	3792	6767	6791	3650	1724	4698	6146	4403	1929	2603	3447	6755	3992	2983	377	4091	1739	2274	1798	1719	669	1600	2358	6353	405
120	3928	2688	5571	445	1358	5585	243	4566	4254	2456	5847	3320	5952	950	285	292	5118	2014	3312	2052	841	120	1874	1536	7089	7261	3947	5480	2015	1530	2977	7117	4690	2572	2471	4168	205	3016	2651	4796	7039	4340	2731	5240	439	5656	5327	6691	6194	2757	4832	2753	4560	5760	990	2447	2126	1026	5978	1221	1703	259	147	6813	5716	3432	6078	1308	120	4249	6492	5675	3995	2568	3564	7222	5054	611	130	4193	472	5058	4482	2874	4993	1231	5464	2370	6217	1768	4078	6661	777	1388	3972	3067	899	1886	4445	6525	4282	6284	6373	6164	1665	298	3674	5127	4054	2134	7144	1282	6854	5793	2563	706	5826	3627	6884	3714
3727	6116	6646	5650	1972	5434	4426	6256	7008	2122	6746	5542	6665	6123	705	4383	5678	3380	6828	3628	1367	1232	4028	1656	7211	5911	3947	7261	4945	6295	7131	5398	2597	5600	3153	4176	5681	6777	386	6694	1782	5368	3930	6199	6844	6760	4258	6451	2146	6870	2872	1670	4535	1872	1400	5903	3473	594	120	6769	4857	3775	4276	1681	2440	5625	748	1167	4118	500	3364	2138	2680	4929	547	1803	2350	920	7164	3027	3736	5299	6997	3846	2453	133	5757	4885	3114	5541	3919	5478	3003	6399	6648	3878	5406	5465	5068	6636	863	4577	3443	3285	4931	4541	937	5056	1085	1145	3437	4522	5440	6017	4016	6310	4629	1228	7205	1649	7244
4120	3180	2167	3308	526	1203	1500	2762	2582	5677	380	3544	2683	3107	852	1245	6071	3261	5362	1012	1332	6649	6789	5319	794	2184	5480	4945	7261	6505	3083	5498	3547	2673	3362	4495	177	2442	6717	762	1373	5999	4270	1313	5657	5562	3381	987	5479	3396	5376	3718	2876	1766	759	2606	4633	4329	2861	2686	1604	393	1922	5831	6225	5703	4693	3542	4610	1980	5104	4970	2682	2437	5114	2157	2521	798	609	2894	1125	6434	6781	3213	2944	5031	2632	3372	6670	4906	288	6289	5155	2186	6967	5186	6582	1811	1728	5014	6970	4060	5283	514	120	444	157	5169	6743	3328	4699	6489	1164	3696	7051	5040	1606	4856	176	6541	588
3559	3713	4198	3149	3774	2131	4454	6882	4646	6028	2950	6689	3374	2173	6609	120	2291	3872	6234	4979	1386	6371	7176	2037	2342	4486	2015	6295	6505	7261	3988	3111	4481	2475	6272	1844	190	2309	6534	6929	3502	1214	2425	1322	5364	1966	4058	6686	6795	5938	4658	7190	6414	6312	2519	7007	3049	6187	6483	739	6296	2305	2030	1045	861	900	3815	2629	1956	2256	6588	5659	5450	4859	3780	6359	6726	1827	5953	1443	3204	1762	4705	5766	1895	2243	4528	6155	3558	5839	2407	397	1418	3446	131	430	1559	5728	5366	3829	2168	120	2855	3840	4831	5827	6237	6676	4897	2059	1916	807	2954	7213	4165	5280	1537	4462	2806	6443	1155
4836	2650	364	1943	3842	4668	2761	6142	5260	2056	7111	1476	6620	1784	1610	1786	6977	584	5088	886	1206	1042	7009	6165	5991	6044	1530	7131	3083	3988	7261	6581	3804	6700	846	5198	3376	3494	2041	6405	3999	2009	2503	6179	3367	3031	6561	5596	6678	5718	1524	5901	6511	4808	1129	7142	2790	491	4407	3449	6441	2955	5730	3019	4022	3403	2392	6087	4222	4671	6288	3228	5208	6594	7019	3276	1796	5229	5828	6445	3094	120	3844	5946	4696	5105	2824	709	2220	606	2803	6406	5346	5471	5773	634	6138	1586	1821	2298	2948	6546	5877	2063	4823	4664	4370	2793	917	3760	5007	5833	4283	185	4229	503	4273	1297	1084	4569	6718
2010	4951	811	120	3030	2684	3229	4755	7172	7160	780	4676	4007	6509	2828	2658	3206	4809	3377	3274	6208	120	1264	7202	1700	600	2977	5398	5498	3111	6581	7261	1071	1913	4567	5658	5025	1865	2782	5258	1150	3605	6462	1467	3018	120	5679	2750	464	317	3161	4721	5690	153	6287	638	1846	2999	5750	6038	4866	1118	4833	5148	5670	302	1973	4489	4811	4047	5597	1316	5631	2281	7073	524	3906	1823	2923	6173	710	5430	4226	3394	1114	2483	5683	1852	3518	4579	693	7070	3350	486	1820	4086	3378	4184	7012	1911	4360	4825	1708	5129	6855	426	2418	3954	5908	2957	1788	6928	3044	2462	6660	3666	2695	769	5616	1049	5636
6537	6922	2480	261	3805	4331	5483	3741	7130	3571	4766	5503	1804	4603	1928	6775	7107	4922	637	5850	3321	6497	3090	6057	6203	4735	7117	2597	3547	4481	3804	1071	7261	5528	694	1000	4769	2754	7199	4493	4742	6215	5580	4575	2557	2490	5735	5886	2791	1920	6022	2275	6068	6885	3163	4618	7208	640	3678	1561	896	2659	5809	3268	1942	120	544	4421	6994	755	6009	6595	328	5509	3850	6905	1647	6292	6822	4882	3508	3424	2022	2072	6508	6932	3141	2227	3165	2000	6114	2995	5502	1101	5199	2494	4939	1082	6283	1868	233	4907	4893	1560	6612	3680	4647	6642	4845	1272	234	529	555	2746	1602	3155	5812	5254	3148	5561	6481
5293	5821	3624	2292	390	5096	2441	674	195	6750	5962	1488	4521	3279	6311	5142	6003	479	5349	5131	6248	5071	442	120	4230	1714	4690	5600	2673	2475	6700	1913	5528	7261	3935	4368	3575	4134	6989	7151	1764	979	3339	120	5192	5414	4379	2140	1331	1479	228	4069	5575	3509	5890	4298	5507	871	6452	1978	241	3580	2569	3936	6893	6141	4910	2745	2953	4909	6255	5312	2743	4245	4737	943	357	5382	1709	3997	570	3240	3193	3622	120	6916	3456	5273	3975	129	3951	6998	2961	320	2654	931	2526	2901	4660	2317	3603	5647	7237	2217	4439	2665	1731	1777	1879	6801	5863	3823	4861	4450	120	6408	3941	5628	6043	5235	1861
245	1429	5445	4460	4527	1938	2853	5415	5726	2520	1658	3384	1059	576	7252	1809	1266	3782	7122	1864	1438	5314	2128	6531	4860	4595	2572	3153	3362	6272	846	4567	694	3935	7261	6742	7110	2477	1305	6191	1878	6712	6251	4163	4616	3393	7129	120	488	4977	5287	3757	4537	5915	120	1599	2175	1718	3034	4020	1490	1631	6776	2711	3744	585	2003	3914	5794	6862	4675	688	2676	6824	1352	5244	6458	4375	3128	1433	7048	7018	5323	2215	4164	579	6469	1687	2100	5051	5913	2172	454	3490	3216	4813	1416	1657	7067	2911	4300	6254	2439	1957	4788	7054	6638	1988	2935	6204	1480	1962	6178	6834	2924	2263	2391	2816	5078	1965	5672
5975	5508	7005	620	1504	997	1633	801	3725	6540	1705	2751	4748	3460	5277	5408	1254	5984	120	424	293	4436	7223	1077	1563	1526	2471	4176	4495	1844	5198	5658	1000	4368	6742	7261	1946	3924	2795	1340	1261	1873	1239	969	803	2465	187	4600	1795	3927	3902	4723	1887	3309	4015	6687	7084	4937	855	6764	6538	242	3159	6887	1412	4902	6021	6825	4986	3527	6273	5107	466	3057	2566	1531	4988	3685	5940	155	334	4962	6900	1424	5530	5635	5089	3893	653	351	5074	3607	1275	1668	2905	1473	918	3926	6161	5873	6010	4080	3433	5895	4765	6354	1685	2410	5168	7059	4999	3005	7003	6865	3535	6370	650	3986	3747	4236	3284
4059	3967	4398	829	2624	6183	4942	3445	4878	5574	3765	1589	699	5320	4338	4935	3237	1858	312	2417	6468	2106	5150	6016	6222	6839	4168	5681	177	190	3376	5025	4769	3575	7110	1946	7261	4926	2165	6631	2880	3570	4361	1151	127	6456	2201	5072	3299	1963	6647	6258	3541	6693	5843	6424	5453	6047	3254	6765	3692	1794	7182	4170	6218	4767	5026	2017	6778	5076	5094	2836	4242	1908	1644	6552	453	6530	6042	1556	3259	120	2423	3307	4597	1233	6502	3618	825	7166	2800	2164	814	660	5547	817	4138	252	923	194	3709	1611	5958	6365	6301	1177	168	5830	787	2451	1309	3870	3807	2929	6877	3198	3236	2533	431	4487	6807
2313	276	1295	6645	2083	120	3839	443	3392	4739	6486	5281	321	3684	3612	6376	6230	6849	2610	2934	250	3099	5611	1680	2771	2117	205	6777	2442	2309	3494	1865	2754	4134	2477	3924	4926	7261	2643	2108	3061	4107	5905	1430	3266	2231	924	6871	1984	6845	948	4620	120	4701	5156	4175	2273	3528	342	6506	4895	4571	6374	981	7246	6063	6668	3945	5824	5149	1743	4761	1566	5455	4309	5110	573	7225	4326	1529	2232	2141	6780	2577	141	5641	4538	1960	3948	3173	5878	6339	1338	6479	2696	3360	5405	3581	278	1241	4477	1869	6912	1713	960	4626	2867	4969	4024	5780	7063	6832	5275	1409	2975	6918	3644	6120	610	1368	1899
2098	3577	1989	864	3079	6286	3642	6941	1027	4858	4332	1060	2848	2847	5352	7137	2928	3361	5684	4554	2253	1092	3142	6394	510	158	3016	386	6717	6534	2041	2782	7199	6989	1305	2795	2165	2643	7261	2180	120	6679	6624	1487	6192	6235	3503	5548	6902	287	6407	5154	2890	5236	2464	2547	5060	6569	2856	4446	6759	6072	6343	408	2268	6066	2149	4559	4558	5638	2035	1354	4643	1614	4725	3069	5570	6610	4557	2623	4828	6053	5568	6232	2506	3722	6705	760	3273	1497	6012	3609	3397	4612	5201	2940	7124	1985	2194	1066	6007	6209	792	6841	1103	120	6266	6436	1830	3347	2931	4227	6202	2589	1582	3028	2919	2443	5079	736	559
5565	1343	3000	481	4468	120	5175	3059	5557	149	6212	7062	2469	2067	2246	2660	3476	3474	6466	3806	3499	1581	5696	7081	4562	3933	2651	6694	762	6929	6405	5258	4493	7151	6191	1340	6631	2108	2180	7261	1055	188	3220	3101	6629	6423	4599	6662	2556	2613	1824	1001	3137	3591	4333	6771	5527	224	1720	5857	5207	433	3244	3233	532	5134	5340	3174	1356	6632	2329	700	418	3708	1514	1133	1293	5457	3465	120	4900	4987	5176	2850	6211	4289	1346	536	4523	2129	3427	6180	1545	1688	4376	6794	1696	4066	5566	5868	4887	2404	123	4038	7032	5676	120	5515	3181	2738	7036	2118	1267	1083	3208	1783	2024	2226	7037	2006	6542
1189	3925	3911	6329	6939	3631	1752	166	6503	4335	562	6008	4040	1175	3610	1021	120	4822	6442	2374	5692	6412	2628	2587	1068	6752	4796	1782	1373	3502	3999	1150	4742	1764	1878	1261	2880	3061	120	1055	7261	5296	5634	3862	2005	470	2835	3732	5261	890	7250	3102	2764	1737	5278	882	4949	2473	1543	1062	4029	5599	3438	1455	4009	6723	4067	5988	6572	652	5948	7238	3013	6140	5138	7139	5909	487	3516	6285	3918	2770	3984	4389	4848	2888	962	6522	3175	6513	3711	1570	4443	2427	1769	7020	5371	4328	1791	6521	662	6518	2337	240	216	7197	3652	6472	1136	3932	1940	1734	2233	3303	913	2033	2769	4161	3301	925	3497
5017	1535	5357	1274	4775	5517	5840	2195	1810	7126	3116	2023	6348	2548	4145	120	2984	3176	747	3637	120	4590	4322	2811	3572	2242	7039	5368	5999	1214	2009	3605	6215	979	6712	1873	3570	4107	6679	188	5296	7261	3611	6869	4782	6548	4846	5551	4663	4973	447	1364	4680	6708	1288	3824	5785	1285	3566	558	3322	3062	6267	3151	1078	5652	5369	3143	776	4365	4920	5489	534	5458	4142	336	1903	2974	7017	5000	4205	1224	1017	2347	2635	1292	2786	4580	4043	367	5266	4371	2964	125	3885	1518	5944	5087	647	2907	3152	5322	1265	3335	4290	2809	3139	2321	6115	793	3356	4401	2482	2148	2945	4472	468	1074	6103	4812	1038
395	5469	4186	2706	5671	5836	6962	4542	5446	3077	692	2104	5211	5206	6724	1290	5602	5775	5140	6200	5798	5633	374	1669	1717	3202	4340	3930	4270	2425	2503	6462	5580	3339	6251	1239	4361	5905	6624	3220	5634	3611	7261	5212	337	1215	595	1166	4509	5942	3370	2998	265	6467	262	4688	802	3098	5590	5966	120	4048	6136	4640	6196	5379	3738	4814	3955	460	2902	587	4235	771	2807	7104	1889	2887	2123	678	5344	480	6835	3340	1802	5044	2290	2264	1076	2241	1825	1152	6137	4166	5012	6770	3100	6655	3817	5388	389	4497	4864	5485	1088	617	5222	1235	902	4449	5337	4982	6859	6005	3404	5196	6738	6040	120	3085	2578
4872	5804	2747	4214	4200	691	6261	3047	6417	3912	6792	5326	2616	7191	5188	2892	2742	819	120	2150	3687	4549	1904	3323	5161	1905	2731	6199	1313	1322	6179	1467	4575	120	4163	969	1151	1430	1487	3101	3862	6869	5212	7261	492	3636	6749	1193	6953	5959	3519	1291	6715	4004	6052	3154	3952	6485	6558	6275	2050	6465	4400	4303	2906	835	325	4183	806	926	120	1121	6921	5113	3177	6250	6314	5439	5119	6599	6205	1444	2785	340	1137	1623	506	4195	3113	5139	6772	2420	5932	2288	5191	5190	1799	1892	887	5052	1854	2139	239	5549	5623	3676	3048	4102	5231	2229	1436	724	5202	3849	3797	6411	3232	3615	189	6368	7066
4488	3781	1260	4855	2357	1997	4724	905	6213	4380	5955	5624	5935	4754	2976	3051	4299	2649	3887	3917	2352	1015	932	2576	1826	908	5240	6844	5657	5364	3367	3018	2557	5192	4616	803	127	3266	6192	6629	2005	4782	337	492	7261	2362	1447	3314	2952	845	4178	4606	7147	355	4187	343	543	6999	4807	3771	1330	3602	1716	6920	249	6739	1513	3593	2188	1660	4425	577	4065	4774	1048	5449	1704	1741	6568	3486	2605	1054	6335	7200	4967	2692	2884	2026	2300	6773	1494	6391	6461	120	5533	4602	3040	5555	1848	1675	2878	1540	2363	4453	5242	7171	4089	1329	1067	1941	4587	4251	1860	5179	5949	4686	1064	3466	2720	4167	120
2925	5342	449	1323	3184	6079	120	5248	3601	3197	2333	1937	3579	3791	2367	4770	1004	6578	3281	7161	5902	4358	6290	6278	6524	4545	439	6760	5562	1966	3031	120	2490	5414	3393	2465	6456	2231	6235	6423	470	6548	1215	3636	2362	7261	5587	683	4928	1095	3683	5753	1539	3726	120	2542	4311	1890	2820	5027	3670	7185	2792	4192	142	733	2647	1106	6623	6401	2096	5514	5270	2076	3318	5403	4306	7044	4868	6226	5997	1871	589	3949	120	3056	3778	4697	5128	5279	6886	2788	4119	6388	3940	6706	6336	120	3629	6247	5510	7120	7133	5093	6027	2852	2216	120	4925	3179	5880	4294	6704	2445	5928	4720	6260	5649	897	6519	1672
1808	2990	5592	3770	4837	592	5900	6433	3243	2319	7152	1251	3755	120	5099	2326	6607	5288	2875	2429	490	2710	448	6185	5321	6985	5656	4258	3381	4058	6561	5679	5735	4379	7129	187	2201	924	3503	4599	2835	4846	595	6749	1447	5587	7261	5431	5404	2585	574	4109	7141	5954	2218	5303	2258	1428	2468	6112	1181	2405	6317	1276	5488	2879	1569	728	4607	4286	1851	3590	1562	1072	2178	3009	4115	3498	3104	2245	4682	6763	5262	2681	3060	1132	707	1814	3511	4952	618	1312	5092	6228	4498	2250	3496	6157	6096	3295	3913	1990	5018	6095	6611	3882	3140	4729	7138	3828	2303	3302	2384	3705	4874	5837	4996	3305	238	1198	1609
2804	4548	6333	4037	2799	1645	4373	6322	5210	6050	5010	222	4130	563	1725	5632	7163	2279	7194	1349	2103	1452	5174	3413	5708	2579	5327	6451	987	6686	5596	2750	5886	2140	120	4600	5072	6871	5548	6662	3732	5551	1166	1193	3314	683	5431	7261	5020	3130	7118	525	6515	4666	4757	4745	5524	1425	1955	5751	4806	2570	6512	1735	4763	4243	3481	4386	181	4500	1740	3659	6639	167	4847	2036	2712	6823	120	7188	256	2020	4608	6355	2247	6641	4515	6901	465	3970	1591	3582	3011	4014	7183	2419	2518	3103	2153	6169	5037	5609	5422	5164	269	4582	3664	5172	5689	401	4418	1619	5872	6427	1110	7119	5041	5447	6880	909	5767
6554	4854	6940	5939	1817	4148	3700	2869	1024	5223	1165	1087	988	5284	1797	3742	2091	5967	120	6699	4853	7072	2125	4687	4347	6800	6691	2146	5479	6795	6678	464	2791	1331	488	1795	3299	1984	6902	2556	5261	4663	4509	6953	2952	4928	5404	5020	7261	975	1970	2087	3953	5987	3039	3820	186	1945	4896	2522	4819	5399	4700	7245	7015	1089	4593	360	6360	156	5723	5298	1926	3810	3860	830	7046	1650	2646	4238	3653	6831	2607	1655	3648	6740	2001	5979	5787	697	3453	2353	6190	1822	7069	1949	720	2082	2176	6224	6747	370	5216	4938	5218	737	4876	2210	4704	5151	1934	1337	5693	3608	6308	6860	1119	4099	5896	5637	3858
3672	2028	428	3387	3201	2709	4539	2336	538	1013	6387	5006	4437	6384	120	5771	5644	2491	2986	4674	6345	1229	5536	7080	1281	120	6194	6870	3396	5938	5718	317	1920	1479	4977	3927	1963	6845	287	2613	890	4973	5942	5959	845	1095	2585	3130	975	7261	2137	5783	5970	2638	215	4758	6879	3598	4768	3082	6268	5217	645	4609	509	1761	2192	2508	1191	199	4137	3224	1863	741	4291	2830	1321	3922	3798	4695	2801	3344	4034	372	4390	1806	3854	4341	1226	840	483	3007	3345	3194	7001	165	1252	4219	1626	6150	392	1618	335	275	7136	3865	1477	934	5097	6059	701	4189	719	6379	5964	4364	2387	5610	6476	6965	4747
5943	1357	7108	5663	1459	2236	5451	4760	4106	717	6189	4248	4030	2609	4027	3712	848	2932	1816	2237	2461	4094	4237	6176	6386	3812	2757	2872	5376	4658	1524	3161	6022	228	5287	3902	6647	948	6407	1824	7250	447	3370	3519	4178	3683	574	7118	1970	2137	7261	5719	4055	2765	2718	4432	2947	6144	7087	4378	3235	1933	3537	4301	4517	7155	6938	5854	1877	858	4934	6446	3964	1983	6227	6978	2514	1342	1427	1652	4531	6653	4867	4983	3539	1187	6421	4188	120	6154	6327	1520	4461	2369	6619	5586	1676	1528	6651	7165	911	668	310	1617	3697	3468	6361	1016	6151	1474	1393	949	1378	847	3530	6736	6325	1805	6883	5808	6298
1086	7234	4594	2509	2756	5770	1646	4264	497	5350	2639	4863	2053	248	3991	7235	2596	6350	3064	6389	3296	1977	2614	6555	4087	5246	4832	1670	3718	7190	5901	4721	2275	4069	3757	4723	6258	4620	5154	1001	3102	1364	2998	1291	4606	5753	4109	525	2087	5783	5719	7261	7116	1767	6245	5069	4394	2088	1568	4941	567	4206	6276	1306	627	6118	6714	3560	6725	5117	1314	3594	2507	3464	5817	4843	3451	6625	1902	5473	3430	5573	4661	1002	1179	4998	7158	1461	1832	3070	3957	6635	5605	437	7219	2348	2725	3462	1953	3827	1043	551	5481	4151	6054	6963	5749	6516	4402	6514	120	4098	7226	7146	5717	6863	5477	4991	7031	1319	3694
735	2280	478	203	4752	2408	4323	5492	1220	5980	4451	7153	3752	3802	3263	2476	120	2431	1551	373	2664	4997	5973	7204	1033	6352	2753	4535	2876	6414	6511	5690	6068	5575	4537	1887	3541	120	2890	3137	2764	4680	265	6715	7147	1539	7141	6515	3953	5970	4055	7116	7261	4012	5077	4255	409	1760	1961	1790	785	2489	2958	3055	7178	4057	1635	3410	3484	3487	4001	4284	2221	3796	476	4150	1508	5125	6544	2730	6006	5734	2956	143	5552	3505	5285	961	3604	2700	1969	2689	1484	3908	2111	4948	1893	2400	4430	980	6121	6956	742	7135	4915	2627	3568	6837	6170	120	5594	6419	4377	4070	1392	3643	1050	4412	1361	2626	6086
4578	4082	3790	795	3901	7127	5722	5860	5764	5019	4424	280	1684	894	5802	5560	1160	2038	4619	3673	4177	4753	7173	2042	1248	4097	4560	1872	1766	6312	4808	153	6885	3509	5915	3309	6693	4701	5236	3591	1737	6708	6467	4004	355	3726	5954	4666	5987	2638	2765	1767	4012	7261	2359	5203	5591	4474	4795	1555	6024	2833	332	3551	5310	3226	304	952	6644	5073	180	120	3448	6145	6566	6598	1283	1238	3734	4801	604	1843	7212	4127	959	5882	4019	5276	3068	4598	152	5002	996	2717	316	3257	842	120	4123	3789	2666	6601	3886	1360	3583	2265	1464	7004	3156	6430	6672	3395	6098	4798	502	1841	120	4140	6814	6815	3567
3277	2571	145	2973	4501	4438	5421	5221	507	5819	2662	6167	572	6069	4652	545	6908	6464	399	6850	1188	6960	5029	677	685	4343	5760	1400	759	2519	1129	6287	3163	5890	120	4015	5843	5156	2464	4333	5278	1288	262	6052	4187	120	2218	4757	3039	215	2718	6245	5077	2359	7261	3837	944	251	4101	3416	888	5876	3861	5247	2841	4321	4271	4503	4179	6239	5085	2277	2136	6265	353	6804	853	2472	1450	754	1446	4681	1008	2933	4008	7260	3835	5758	1031	391	5990	200	5537	1639	518	7088	5435	6106	2114	7217	4641	4624	3207	5475	5763	6891	2642	3264	6658	4894	4334	6842	2515	1565	1353	407	687	2505	5423	3573	4933
1153	1347	3017	4883	2060	4981	2885	1698	7170	1967	4532	333	120	2669	2222	2987	120	1580	2049	5429	2870	3963	6652	1527	1495	162	990	5903	2606	7007	7142	638	4618	4298	1599	6687	6424	4175	2547	6771	882	3824	4688	3154	343	2542	5303	4745	3820	4758	4432	5069	4255	5203	3837	7261	859	2965	5448	7209	6495	3841	3084	7247	2119	6961	463	1104	883	5137	2267	2539	6480	2917	6766	3584	201	1519	2600	4005	5315	3389	1376	3981	3974	4964	1483	3124	6968	3833	4062	2979	2181	6243	286	561	5765	3910	4336	6347	2399	7098	161	5540	1457	3938	4387	3310	214	1853	4035	4784	5495	7214	3588	619	5004	1399	5697	876	910
1673	1947	120	7207	1100	4946	5311	6663	5194	2496	1706	2385	4692	2553	6980	6362	2212	2971	221	6210	5292	6697	381	4771	3920	3002	2447	3473	4633	3049	2790	1846	7208	5507	2175	7084	5453	2273	5060	5527	4949	5785	802	3952	543	4311	2258	5524	186	6879	2947	4394	409	5591	944	859	7261	1912	1597	4835	625	6195	1023	7077	6002	6710	1835	5345	2007	2779	2498	2989	2565	1190	2203	3730	655	4662	5673	901	7248	6613	5893	6827	5951	2963	4405	6942	904	731	5576	4821	2854	4185	2648	202	2034	870	3808	3589	2980	1785	978	3888	6219	5705	1003	6861	427	3119	6545	6952	4514	5593	3043	362	5065	5899	3500	7251	5177
2069	1234	5165	5929	5289	1080	5578	1907	5852	1380	865	3239	3342	1682	2908	6907	6949	2604	3422	1624	4972	3969	1445	2914	4873	757	2126	594	4329	6187	491	2999	640	871	1718	4937	6047	3528	6569	224	2473	1285	3098	6485	6999	1890	1428	1425	1945	3598	6144	2088	1760	4474	251	2965	1912	7261	4111	477	1615	7040	4131	3772	2819	6523	2343	4592	4041	4262	3210	120	170	4113	2349	1754	3212	3545	2862	2915	7075	5050	3222	1326	5912	371	5885	2032	4978	5348	2415	4452	3531	5584	4362	4410	7123	4881	2301	1577	5993	2758	6381	4011	120	295	3993	1389	6950	3801	3286	6390	591	4717	3707	5171	6076	3188	6592	6241	5302
4317	4366	2827	5062	1335	2512	5559	4834	6959	4718	3332	1318	4305	6081	1664	4556	120	1320	5219	957	2199	6806	5365	6045	5971	6954	1026	120	2861	6483	4407	5750	3678	6452	3034	855	3254	342	2856	1720	1543	3566	5590	6558	4807	2820	2468	1955	4896	4768	7087	1568	1961	4795	4101	5448	1597	4111	7261	2752	4023	4716	578	1964	4404	2567	318	2527	3491	3412	2701	4781	5720	6532	7140	211	5274	1403	3038	4583	2735	2641	6589	5892	5776	120	6113	4201	4143	1525	1256	135	7254	6798	3507	4916	2160	5047	5947	1414	4397	6972	1284	1120	1471	5082	5579	425	2675	4465	257	6293	5428	455	4657	2080	3189	4433	4228	4287	2143
2068	5030	5526	3125	3485	266	3431	120	922	5335	1608	4110	2182	7195	3875	6650	3987	3745	1558	5443	6574	5715	5617	1677	2066	1053	5978	6769	2686	739	3449	6038	1561	1978	4020	6764	6765	6506	4446	5857	1062	558	5966	6275	3771	5027	6112	5751	2522	3082	4378	4941	1790	1555	3416	7209	4835	477	2752	7261	3717	569	2546	5215	928	1793	3816	3592	4940	3419	6277	2497	2361	6438	1159	6669	3848	6618	5282	1910	2721	6983	2493	3400	2860	5998	4779	5090	745	1801	2296	1590	4908	2191	5879	4090	5467	6341	1572	788	5919	2972	2599	1183	1742	6393	6102	2960	5305	366	4313	786	1553	6785	2966	6720	5341	6892	827	5688	4210
6398	2156	4182	6991	5539	4434	2671	1123	4631	5416	314	6936	2652	512	1691	5463	5057	6132	966	282	734	3375	5224	4839	813	6733	1221	4857	1604	6296	6441	4866	896	241	1490	6538	3692	4895	6759	5207	4029	3322	120	2050	1330	3670	1181	4806	4819	6268	3235	567	785	6024	888	6495	625	1615	4023	3717	7261	120	5046	3278	2690	3682	3520	2224	6175	7239	1870	4533	4890	1733	3041	2699	2386	4039	1462	6551	3587	2099	3162	6622	4617	6684	3785	5001	1242	1205	665	3996	6099	2109	1014	4678	1678	2574	775	815	435	4045	4068	2525	2842	2259	6271	4891	6526	929	947	2698	5356	6092	5844	2863	319	3333	651	1723	3894
2559	4555	5460	5525	3899	2093	2394	5646	3138	643	935	622	7000	3478	5167	3001	6459	5788	2325	3282	7233	1098	4277	2008	1355	4689	1703	3775	393	2305	2955	1118	2659	3580	1631	242	1794	4571	6072	433	5599	3062	4048	6465	3602	7185	2405	2570	5399	5217	1933	4206	2489	2833	5876	3841	6195	7040	4716	569	120	7261	7053	2079	5727	2554	1729	2481	2540	5822	6587	1271	7045	4499	6721	4804	5160	164	3634	3363	2433	2424	1204	2882	553	4543	3020	531	5028	2039	5269	4315	495	1139	3209	5904	5394	3761	7121	5544	4414	4480	1885	4844	2169	1237	5983	6019	881	723	3779	3219	5995	6608	955	5410	6934	1564	313	6867	3859
5626	1449	2365	7006	358	2678	1035	679	3716	1011	6246	1921	356	675	5159	5538	6626	6051	6600	2656	2732	3283	6680	613	2457	1667	259	4276	1922	2030	5730	4833	5809	2569	6776	3159	7182	6374	6343	3244	3438	6267	6136	4400	1716	2792	6317	6512	4700	645	3537	6276	2958	332	3861	3084	1023	4131	578	2546	5046	7053	7261	4132	1501	120	1010	3693	6073	2978	5063	4327	2910	915	4904	2653	1041	2095	1079	3943	989	765	3327	2726	369	6402	1294	296	3613	2501	2617	4267	974	4266	1227	505	1641	2389	5103	1837	2674	4709	1930	6358	1692	3633	982	5354	5243	823	4420	6528	4382	1069	3616	2889	3746	5230	874	3826	4734
1481	4880	2951	6337	7035	4081	198	5407	3569	4792	6326	6796	307	3065	508	2320	4466	3386	5653	6392	1601	5355	3294	120	2252	5400	147	1681	5831	1045	3019	5148	3268	3936	2711	6887	4170	981	408	3233	1455	3151	4640	4303	6920	4192	1276	1735	7245	4609	4301	1306	3055	3551	5247	7247	7077	3772	1964	5215	3278	2079	4132	7261	5685	5032	2145	1842	3461	7113	2530	4483	3406	1258	3586	6182	3495	482	5205	5732	3317	3221	2081	4385	7198	3978	7068	6543	6872	4269	3250	1914	440	3585	4623	139	5351	2994	5810	6803	1268	2943	5193	1952	3346	4484	725	6269	4061	1277	575	6549	4475	2209	7055	3097	2260	4162	2272	4233	5108
7215	6171	172	1616	7180	756	4435	3398	4932	303	498	5501	2805	4095	6494	593	7220	1158	1919	4260	163	4079	3504	5239	1612	1301	6813	2440	6225	861	4022	5670	1942	6893	3744	1412	6218	7246	2268	532	4009	1078	6196	2906	249	142	5488	4763	7015	509	4517	627	7178	5310	2841	2119	6002	2819	4404	928	2690	5727	1501	5685	7261	6313	120	7112	6812	3096	714	5173	940	3015	5409	1458	5189	3635	6913	5390	6367	2254	2734	5914	5784	5214	7181	3112	6575	2322	4604	1470	5497	6510	220	3679	6130	2011	5702	816	1156	387	6088	2523	1771	5120	1522	120	5820	7189	385	4006	1999	1396	5907	4216	1255	2214	137	3764	3510
3690	5867	375	2715	5438	5506	2564	2777	976	4239	6630	1287	5227	4128	3526	2808	2970	5381	1693	636	120	6111	3349	4950	120	3994	5716	5625	5703	900	3403	302	120	6141	585	4902	4767	6063	6066	5134	6723	5652	5379	835	6739	733	2879	4243	1089	1761	7155	6118	4057	3226	4321	6961	6710	6523	2567	1793	3682	2554	120	5032	6313	7261	6033	7134	5742	4339	4353	3366	5518	3035	946	2403	7242	515	623	2155	977	895	4196	2031	2724	938	6454	2838	6615	5024	1694	1057	6944	1116	1307	5725	3134	1975	120	2077	2787	571	3671	3391	3731	3081	4638	6013	2832	671	1489	6783	7216	7232	348	3739	3857	3021	4026	1750	2366
6826	4144	4293	6904	1200	7115	5091	6356	3819	5615	2135	1279	423	1113	5529	5102	7085	120	3493	1465	5003	3469	400	3909	271	1544	3432	748	4693	3815	2392	1973	544	4910	2003	6021	5026	6668	2149	5340	4067	5369	3738	325	1513	2647	1569	3481	4593	2192	6938	6714	1635	304	4271	463	1835	2343	318	3816	3520	1729	1010	2145	120	6033	7261	523	4393	3626	484	1382	7041	3354	2396	6903	5620	964	210	3961	5699	513	6529	1185	1992	6951	3561	1037	1296	3655	6364	6993	6829	3562	1007	3574	7243	2886	1722	3786	767	4490	4346	6637	2810	2858	1219	7042	4659	1317	3903	6233	5317	5927	632	1108	1552	2716	4441	4126	3900
