4096	2601	3484	4009	1723	131	3890	1605	2065	1067	1237	2702	534	1748	825	3224	3725	2962	2387	1116	3901	2304	90	2295	2374	3239	2863	3077	1446	2696	92	965	2632	3650	1667	769	394	3561	1831	2919	907	1982	254	760	3837	377	2817	2906	189	3569	173	289	3090	722	3354	3833	1482	127	3024	1039	3791	3261	3312	745	2676	3817	167	3161	3198	422	3213	3257	1502	2534	2440	766	910	870	598	2331	2452	2579	1861	3669	748	656	3391	1375	329	3585	3916
2601	4096	1074	3369	1332	3631	378	858	1076	4003	2722	3850	941	729	3555	2727	3076	2084	2859	1874	3716	2510	90	841	863	3318	516	2648	976	2873	1123	1154	2908	3564	1756	2734	1869	3027	1143	1316	3717	1408	1968	3677	3745	1176	4029	1226	1600	2679	3353	4067	1883	306	196	934	470	590	2898	3254	998	2635	1195	1896	2110	2142	2122	2363	3394	1521	581	2220	1130	3632	3173	513	2476	1796	2930	1516	3651	1242	2781	3481	2674	1224	429	1755	1766	3258	3489
3484	1074	4096	643	2669	1866	1909	568	3961	2663	3276	1918	1310	230	1917	1579	2222	2711	665	3420	1426	1707	3933	1498	1145	1167	2470	1594	4023	583	2211	390	3639	508	1171	1135	550	3899	2850	530	1520	3158	253	3659	1967	2247	2216	2818	163	1611	469	607	1536	2010	3333	363	90	107	424	3274	2779	353	1180	3769	979	738	1213	3649	311	278	3143	3034	883	3016	316	3114	1903	3608	366	3226	2364	1299	214	1276	3003	2014	1933	960	298	2271	3093
4009	3369	643	4096	3777	1301	3598	3108	445	3499	1457	1580	2141	412	1882	3746	2342	1009	1622	3340	3594	97	185	897	4075	2472	2925	1924	249	148	790	3320	1772	839	3029	879	4039	1217	1613	3156	1730	398	2567	634	3878	2693	1335	1926	1511	3227	1717	3671	3843	4011	1440	697	1714	3813	3350	182	1441	3268	2631	1962	217	1036	1458	169	2468	3847	2731	90	2954	2793	912	2147	171	575	796	1105	364	2244	973	785	90	2895	741	2044	1813	3430	2853
1723	1332	2669	3777	4096	814	1942	1703	90	1415	713	4001	2517	1085	1261	2989	1198	1535	4085	1554	2375	1078	90	3410	3720	2459	158	561	2237	3573	2578	2303	3703	673	3401	2493	616	3096	2652	3794	3059	650	3793	1761	3246	3017	2090	554	2634	3118	3015	3869	3231	290	347	3444	1121	1795	90	623	287	3624	1731	1412	1473	2914	3945	1563	2587	1420	2408	3574	2694	582	1174	1629	1027	94	1321	3804	2500	961	630	3971	3937	1323	2166	1383	480	602	3047
131	3631	1866	1301	814	4096	3299	1005	2770	3704	3802	1726	367	2691	3592	986	1673	2964	3927	2864	587	664	403	1805	836	1049	1732	3849	3460	1745	450	1048	3596	1663	3825	3655	379	2274	3533	3903	1898	552	3066	1002	2824	660	1993	1190	2987	2080	1372	3954	1034	1378	1406	2427	2432	274	90	2872	220	3756	966	414	2877	2927	3702	3301	529	2076	1816	2086	1358	1222	2968	2494	2549	1957	1710	3601	2889	1645	3920	2376	2362	2643	1677	90	2250	1233	3429
3890	378	1909	3598	1942	3299	4096	698	1873	604	114	980	1409	1144	809	3451	1870	4082	3500	1752	717	1079	1101	557	2878	2028	759	2506	3375	1435	649	2957	3074	2329	452	1977	2949	2733	2961	3123	3515	556	2561	2557	191	90	2792	627	1929	453	1417	2946	1787	3530	91	106	721	1451	1946	132	4032	2312	1878	2829	3762	1679	2388	342	1928	2707	267	914	2204	3080	2187	1830	3999	1344	1558	3138	3041	951	1340	2598	3477	1693	1430	2681	211	2862	1155
1605	858	568	3108	1703	1005	698	4096	3682	2340	1934	2698	3634	2532	2785	866	1350	3641	2176	2980	994	3805	1990	242	177	3181	3498	2985	2616	1658	1312	2457	2107	686	1832	549	3835	2035	3107	2572	3067	209	373	2238	1304	3494	3031	546	238	3062	90	273	199	2917	465	387	172	1529	498	3848	2202	1753	3309	297	495	3442	475	2777	2821	3466	3583	4027	471	1737	2950	2738	1682	3892	2796	4092	1018	3764	3881	292	606	1784	3582	3808	3614	1716	2163
2065	1076	3961	445	90	2770	1873	3682	4096	753	1847	2647	2612	1296	3884	3612	277	1548	212	3337	2716	237	3905	2724	3912	2553	2380	1654	1852	612	2538	496	4038	3909	3162	2082	1728	3851	2692	927	3642	734	1221	3983	708	3408	1379	2007	2562	489	2576	3147	207	1348	1220	2788	533	1746	599	2091	385	2916	1286	2903	420	2004	1136	707	3786	3262	2900	2581	90	3615	3846	3461	3130	2288	2899	2767	3256	349	482	2495	573	2269	3708	1043	3302	3085	2263
1067	4003	2663	3499	1415	3704	604	2340	753	4096	3364	90	2256	1007	1106	3628	1110	576	1810	2429	336	4012	2181	2445	978	1381	2002	2173	3593	3719	3036	915	1165	3660	632	3482	857	90	3271	2893	902	2233	2139	2689	1112	1812	2672	296	1736	2542	2471	223	3004	1361	3667	1908	90	322	2838	1986	2422	3104	134	1347	3694	415	1632	988	3476	1196	494	90	3678	2550	2938	1206	3413	3623	1674	2213	1488	2936	3315	310	3917	1205	2287	952	400	1973	3048
1237	2722	3276	1457	713	3802	114	1934	1847	3364	4096	2398	958	3955	1367	3377	2686	2545	218	2837	2606	222	1483	2409	3766	3546	90	671	2386	1297	847	2970	3923	2367	1606	1497	1047	2932	1531	1129	2272	2540	3020	3822	4008	577	2111	703	683	3291	1161	1096	2591	2177	2483	2371	3169	2604	3000	3458	981	3235	1327	3552	1249	1382	1471	1283	1715	1183	2596	633	779	2855	750	3986	2812	2351	2198	1641	1225	170	1173	1508	3652	1638	1618	1945	1373	1803	3372
2702	3850	1918	1580	4001	1726	980	2698	2647	90	2398	4096	3307	282	1980	3037	3165	250	3502	2614	1466	2642	2615	827	344	1569	1900	3579	2369	811	1229	1370	1943	672	2758	536	1393	2870	548	2346	3729	3689	262	2469	3192	688	1975	1476	1177	487	1311	3086	90	4018	3323	711	3167	3939	3921	1854	2923	1708	1164	3991	3501	3050	2834	2282	2077	1377	2280	1238	2160	3722	990	2232	2910	2544	2666	1235	2801	3207	1030	2191	468	3186	781	3606	3635	187	1769
534	941	1310	2141	2517	367	1409	3634	2612	2256	958	3307	4096	2768	2958	2033	2499	1334	3493	240	2426	1651	3685	180	893	868	2603	3362	2300	780	3137	4014	3119	3928	312	3290	3974	3473	1421	3755	3994	520	744	2709	241	2717	775	3967	1410	1288	878	129	272	2118	2345	772	2037	1840	1779	2254	1887	580	3831	1902	523	361	4049	1786	537	440	1008	2730	3049	1463	2026	882	200	1735	1657	176	4060	3157	3053	535	3547	3265	3613	90	410	3784	746
1748	729	230	412	1085	2691	1144	2532	1296	1007	3955	282	2768	4096	2721	1829	215	3629	371	304	4007	3216	500	3645	838	1684	749	3799	2623	481	3380	638	2667	1616	689	1764	2278	1201	1567	2671	90	2498	2259	341	3087	1006	1117	3522	2448	2737	90	3862	2137	2988	629	2588	2318	3427	1718	3223	584	3599	3859	3913	1215	1492	1080	2651	314	939	90	791	1307	1783	3462	856	3942	1689	3834	943	2783	3584	747	2266	359	949	2140	505	3490	3100	3553
825	3555	1917	1882	1261	3592	809	2785	3884	1106	1367	1980	2958	2721	4096	944	2809	2619	620	2333	824	2660	2058	146	2178	2099	3863	2416	3541	2926	406	1595	2904	2242	609	821	90	428	2001	1360	3381	3018	3267	3512	90	3874	1996	2577	2221	641	2713	3140	3932	4004	680	2947	1380	1240	3838	1725	3644	2794	504	2605	2524	3758	3368	3620	1082	1759	1149	2479	3887	2886	2720	3415	2230	891	2020	2680	1445	327	1740	792	419	3418	3600	833	2617	807	2826
3224	2727	1579	3746	2989	986	3451	866	3612	3628	3377	3037	2033	1829	944	4096	3779	2153	3812	1230	3201	3056	3238	96	3011	3190	1153	2665	90	3820	2358	3039	2428	1744	3360	2743	852	3006	4047	3743	2134	1313	3445	1647	2880	90	2297	3814	1280	3151	3567	1775	871	2586	301	3464	3440	2062	2417	2447	3304	784	2404	4088	1223	1255	154	2924	3277	458	611	2433	3345	3940	2704	2251	1337	3610	3052	2399	2508	509	449	957	2636	1794	2273	685	1252	2325	2772
3725	3076	2222	2342	1198	1673	1870	1350	277	1110	2686	3165	2499	215	2809	3779	4096	2161	3317	3654	280	732	3591	4046	1804	1733	3686	333	2391	3819	258	1850	1659	2006	3421	3136	372	2334	2757	1915	2442	4040	338	2583	4057	3683	2239	1513	90	2565	2819	1560	451	2735	3131	3184	3325	166	3676	3054	4024	1809	740	1272	1770	999	2558	99	2167	1666	725	4021	409	2490	3619	3796	806	920	3996	851	655	1366	90	1081	1855	3296	1341	1465	1001	2944	90
2962	2084	2711	1009	1535	2964	4082	3641	1548	576	2545	250	1334	3629	2619	2153	2161	4096	1127	1298	2537	526	714	2419	4026	1365	3951	1093	4061	2048	1163	1706	90	1362	2852	3456	3551	617	210	2017	1553	2982	2136	1434	1695	2516	2568	2195	1920	677	2654	1193	3079	3891	4071	421	861	820	370	1120	2354	1092	2808	795	3832	3306	2630	3183	823	666	3571	2179	3393	256	3281	3228	4054	2548	3324	3749	881	3526	2182	3210	3750	1243	3434	1189	221	1913	3589
2387	2859	665	1622	4085	3927	3500	2176	212	1810	218	3502	3493	371	620	3812	3317	1127	4096	2464	1033	1453	1285	3208	4019	2996	1512	90	2685	2290	3205	940	1846	1734	4083	442	3222	3554	395	3215	1543	2193	2761	3588	777	1620	2860	945	2102	3658	3684	1608	3536	3008	4022	3727	2454	1203	2909	896	3772	2844	3346	693	291	3538	768	1402	3525	2060	1849	3344	3771	3707	2999	574	1514	3399	1207	1275	3661	3747	3098	1505	3752	198	3366	1218	1851	2960	3982
1116	1874	3420	3340	1554	2864	1752	2980	3337	2429	2837	2614	240	304	2333	1230	3654	1298	2464	4096	3363	1015	3785	3587	2728	2343	701	2066	2771	232	3007	2501	1820	90	1013	873	2199	2103	2370	794	3045	2974	2539	2608	2732	2725	1357	1291	1485	1191	3487	757	547	1026	3611	3414	355	684	3509	3038	1455	3841	1678	726	1876	977	252	2189	4090	2057	818	1544	3155	763	1919	1041	1617	1687	3199	1124	2519	2038	365	1664	2695	2138	2461	3566	2101	3025	1302
3901	3716	1426	3594	2375	587	717	994	2716	336	2606	1466	2426	4007	824	3201	280	2537	1033	3363	4096	1979	723	128	2184	499	2094	174	954	3191	674	2740	3936	3692	1329	2754	864	2381	2593	90	1054	1287	989	1532	1020	1459	2128	3972	2286	1424	1542	3211	3097	1798	2079	3663	2382	2776	3255	2257	2784	926	2675	566	1204	3714	2075	3109	3504	4094	1489	2845	2405	3900	2149	3116	3385	294	2039	492	3505	706	3142	4076	2497	300	1601	1950	1932	3280	2159
2304	2510	1707	97	1078	664	1079	3805	237	4012	222	2642	1651	3216	2660	3056	732	526	1453	1015	1979	4096	678	3824	2641	1738	867	369	1604	1941	2502	288	1995	2941	234	2744	1355	3537	3234	183	1095	1506	2624	3860	2214	2100	328	3125	2046	1671	3491	491	3010	874	1955	1084	3897	2190	2052	303	1025	2438	483	1844	653	1839	2226	2012	1856	3748	3439	90	1099	1778	1137	2415	3733	948	3160	2174	3127	1584	1089	90	1419	3293	2547	1630	2330	1916	3126
90	90	3933	185	90	403	1101	1990	3905	2181	1483	2615	3685	500	2058	3238	3591	714	1285	3785	723	678	4096	2133	1501	108	1029	1326	3866	1481	1024	3336	1602	2582	1965	1053	1545	90	1248	368	2352	1266	3314	3168	937	1944	1371	919	3177	2356	1984	90	525	2029	1576	1871	751	1519	3693	903	1963	2125	3947	4079	2063	3249	2307	2650	1802	1069	2453	2378	527	1760	397	2121	3544	787	3865	427	1390	1518	3273	3106	152	610	2981	3539	1612	2485	2069
2295	841	1498	897	3410	1805	557	242	2724	2445	2409	827	180	3645	146	96	4046	2419	3208	3587	128	3824	2133	4096	454	2324	3474	3409	2984	3809	631	3688	3811	3425	227	2897	2108	1559	269	2451	1480	3643	3214	2170	687	3383	783	2656	2218	3359	3625	3188	1669	1484	4086	555	595	2814	2413	2424	1438	1087	3432	2421	3150	1858	1044	869	886	2753	1386	1376	936	837	2165	2901	501	90	540	2918	570	90	2896	226	931	1331	2515	2235	1999	603	2746
2374	863	1145	4075	3720	836	2878	177	3912	978	3766	344	893	838	2178	3011	1804	4026	4019	2728	2184	2641	1501	454	4096	90	2589	3072	1780	1906	3503	224	3590	2279	90	1742	1897	3968	1354	843	432	90	2180	1258	3308	2210	396	2833	2385	1599	1853	4041	3534	2760	1070	865	3673	1668	3734	3452	90	3531	3806	457	799	3355	2983	3580	3823	4093	3511	2155	1628	983	2822	3518	1132	3938	1432	1648	3269	2462	1469	608	2921	245	2185	1763	2481	1433	1328
3239	3318	1167	2472	2459	1049	2028	3181	2553	1381	3546	1569	868	1684	2099	3190	1733	1365	2996	2343	499	1738	108	2324	90	4096	2843	1665	829	569	1525	2763	1646	3647	1607	3528	408	3197	1927	1289	2306	3609	1709	1683	3187	3295	3672	572	2658	389	3774	462	1246	1729	1259	1423	1477	3674	2054	2243	2670	3956	2361	3797	305	244	3392	1333	3521	2739	1653	3330	3022	2047	2556	2876	3828	737	1574	2706	2253	3282	1157	2520	2994	2241	3616	4063	1182	596	1464
2863	516	2470	2925	158	1732	759	3498	2380	2002	90	1900	2603	749	3863	1153	3686	3951	1512	701	2094	867	1029	3474	2589	2843	4096	436	1660	901	2284	3202	810	1271	1114	1158	478	563	1387	443	2948	90	1970	3349	739	3374	3433	3193	2668	3852	3326	663	3867	2319	257	1068	2762	3001	1845	1822	2823	1826	1369	1633	3146	4095	2402	2129	2775	2892	2846	1322	2657	844	2748	2277	3586	308	2261	418	1295	2205	3723	4074	3322	2406	2745	159	3057	3303	1100
3077	2648	1594	1924	561	3849	2506	2985	1654	2173	671	3579	3362	3799	2416	2665	333	1093	90	2066	174	369	1326	3409	3072	1665	436	4096	2049	1940	3219	3687	832	1148	1184	90	2145	1972	3467	1875	2646	1793	892	1022	3736	3182	3979	2787	3597	2150	3060	3768	4052	3287	1509	956	2196	90	1565	3760	730	1305	3472	1324	2252	3549	1394	2570	2087	1637	2268	845	1539	1690	514	1050	2412	3101	2799	982	2309	2437	3099	2484	2372	3486	2124	3233	2840	830	2401
1446	976	4023	249	2237	3460	3375	2616	1852	3593	2386	2369	2300	2623	3541	90	2391	4061	2685	2771	954	1604	3866	2984	1780	829	1660	2049	4096	2296	995	3475	3578	3871	1777	357	2555	887	1339	340	90	2992	1842	1293	3792	1937	102	4051	3135	1578	4015	2119	3761	1938	2085	1269	111	90	3699	3042	2518	1472	3272	2661	692	1983	1867	905	3405	3988	263	3889	1895	3179	1828	3680	3352	2095	3603	1160	466	918	1860	3715	4058	3463	1407	3331	1757	156	2884
2696	2873	583	148	3573	1745	1435	1658	612	3719	1297	811	780	481	2926	3820	3819	2048	2290	232	3191	1941	1481	3809	1906	569	901	1940	2296	4096	1540	90	800	968	2183	392	1592	2571	1140	178	1303	3925	1969	2613	4045	2625	2492	307	524	2749	2260	2245	356	4059	950	771	3507	2798	2051	2585	2756	2053	3630	2563	4025	3950	506	2677	2105	3449	2569	3713	302	2373	3664	517	2171	682	942	805	3379	900	1643	261	3327	3196	1499	2096	1503	2164	2714
92	1123	2211	790	2578	450	649	1312	2538	3036	847	1229	3137	3380	406	2358	258	1163	3205	3007	674	2502	1024	631	3503	1525	2284	3219	995	1540	4096	2782	2803	1751	3343	3960	2313	90	3164	2436	1262	2751	3803	3924	275	2912	2410	3390	1814	2592	3763	544	993	1425	1921	3565	710	2966	2736	116	761	1862	625	1353	2482	694	484	2338	2973	3300	916	2070	1200	2061	1141	2511	1790	3970	1134	1670	3997	3388	1065	3731	2764	1294	1623	1774	1232	157	2523
965	1154	390	3320	2303	1048	2957	2457	496	915	2970	1370	4014	638	1595	3039	1850	1706	940	2501	2740	288	3336	3688	224	2763	3202	3687	3475	90	2782	4096	1216	3061	3078	875	2703	2861	2991	3294	3402	1625	3915	2396	3908	1399	2425	975	2971	2942	834	1152	467	635	657	1247	90	2389	4081	323	2475	600	758	2265	1681	1315	1597	1644	639	3465	797	925	1000	2997	1447	1035	571	3568	153	849	1747	3448	2228	2207	123	264	2130	2554	3237	646	705
2632	2908	3639	1772	3703	3596	3074	2107	4038	1165	3923	1943	3119	2667	2904	2428	1659	90	1846	1820	3936	1995	1602	3811	3590	1646	810	832	3578	800	2803	1216	4096	2225	3403	3627	3217	3767	2849	1115	876	2638	2726	3081	4002	1031	3827	3910	1817	2302	774	1720	3770	1743	1014	1872	2414	1227	2229	1172	842	3005	848	1263	3953	3120	3437	162	1807	1234	444	3788	3540	592	855	4055	3656	90	497	2092	90	2224	3298	493	265	3171	1109	597	3153	1696	2292
3650	3564	508	839	673	1663	2329	686	3909	3660	2367	672	3928	1616	2242	1744	2006	1362	1734	90	3692	2941	2582	3425	2279	3647	1271	1148	3871	968	1751	3061	2225	4096	3830	3757	645	1245	1268	2780	3559	2326	472	2975	201	3297	90	1308	1537	2236	2887	318	2050	854	3995	1639	431	1989	2074	1004	3446	228	1062	1175	1841	1442	1404	3776	386	1951	144	3373	558	618	3810	959	3990	119	1649	3145	1880	3638	3361	2800	1422	2622	1884	789	266	1188	90
1667	1756	1171	3029	3401	3825	452	1832	3162	632	1606	2758	312	689	609	3360	3421	2852	4083	1013	1329	234	1965	227	90	1607	1114	1184	1777	2183	3343	3078	3403	3830	4096	3744	2467	1444	2905	793	1593	2813	3783	3180	2169	1270	2956	1640	2505	2831	4042	197	1788	964	1250	2815	3103	1461	3443	3389	2348	3319	1610	895	2847	399	2531	2879	2867	1546	3419	2902	1603	411	1336	813	640	3622	1493	204	3450	2688	358	2423	1550	376	3700	90	511	752	613
769	2734	1135	879	2493	3655	1977	549	2082	3482	1497	536	3290	1764	821	2743	3136	3456	442	873	2754	2744	1053	2897	1742	3528	1158	90	357	392	3960	875	3627	3757	3744	4096	2116	877	1953	662	447	2040	423	1815	1346	3840	2509	1905	2365	142	1428	120	3637	3189	2922	2504	1530	3148	1859	2621	2339	1698	2530	1697	3581	2144	1704	828	1416	1598	259	1496	1138	90	195	3407	2403	2687	3129	2856	3347	168	202	3321	2431	2200	3898	908	3529	3542	3943
394	1869	550	4039	616	379	2949	3835	1728	857	1047	1393	3974	2278	90	852	372	3551	3222	2199	864	1355	1545	2108	1897	408	478	2145	2555	1592	2313	2703	3217	645	2467	2116	4096	2135	3422	3172	3506	4033	2407	788	963	884	3911	2580	343	1885	3816	1586	3089	3721	3065	1562	1478	2270	2456	3332	3370	3395	803	3251	3675	1935	1959	559	3468	3826	872	90	321	2559	1090	1741	2986	2773	3604	2848	621	2597	4010	2081	3240	709	728	476	2209	3930	1722
3561	3027	3899	1217	3096	2274	2733	2035	3851	90	2932	2870	3473	1201	428	3006	2334	617	3554	2103	2381	3537	90	1559	3968	3197	563	1972	887	2571	90	2861	3767	1245	1444	877	2135	4096	2865	1150	2937	2291	3221	1781	3248	1517	2998	138	1568	3194	479	3021	2535	551	2869	3286	1042	2514	1495	2835	348	1922	2609	2394	1400	1931	175	3872	3470	3855	90	3742	553	313	1552	1170	3492	1253	564	850	1533	485	591	503	1588	1911	112	2258	1267	1113	3154
1831	1143	2850	1613	2652	3533	2961	3107	2692	3271	1531	548	1421	1567	2001	4047	2757	210	395	2370	2593	3234	1248	269	1354	1927	1387	3467	1339	1140	3164	2991	2849	1268	2905	1953	3422	2865	4096	149	1843	2888	3978	260	2395	1538	380	4031	2267	3876	755	3845	1330	488	1254	3310	1688	2064	3957	1260	917	719	1750	3993	3696	251	1374	2127	1806	4048	1021	798	735	1264	4028	2463	3102	3944	1364	3896	1500	1290	1994	3844	2747	4070	3115	1151	1974	90	1454
2919	1316	530	3156	3794	3903	3123	2572	927	2893	1129	2346	3755	2671	1360	3743	1915	2017	3215	794	90	183	368	2451	843	1289	443	1875	340	178	2436	3294	1115	2780	793	662	3172	1150	149	4096	3071	727	2629	3178	3857	3426	935	816	1405	3159	235	3782	3030	1585	3894	2299	1555	2435	733	3800	337	1278	2486	996	2839	2106	3110	1474	1504	2883	2480	2995	2953	2315	3117	1988	276	1342	4089	2172	1791	3550	1848	2972	2201	2276	4036	731	1159	1656	90
907	3717	1520	1730	3059	1898	3515	3067	3642	902	2272	3729	3994	90	3381	2134	2442	1553	1543	3045	1054	1095	2352	1480	432	2306	2948	2646	90	1303	1262	3402	876	3559	1593	447	3506	2937	1843	3071	4096	1083	90	522	3535	3384	248	1892	922	2755	1028	3765	622	90	3958	2778	2620	354	2093	1181	164	1197	2934	3931	2590	4080	1800	3698	3557	2655	3751	3741	2322	2507	3032	2157	2965	2392	2008	4091	3926	3124	3626	1467	4050	2000	346	2575	1055	3929	1825
1982	1408	3158	398	650	552	556	209	734	2233	2540	3689	520	2498	3018	1313	4040	2982	2193	2974	1287	1506	1266	3643	90	3609	90	1793	2992	3925	2751	1625	2638	2326	2813	2040	4033	2291	2888	727	1083	4096	2659	2148	213	1631	1998	3815	3870	3009	2073	3225	2885	767	3575	1107	3206	2344	1368	1056	281	3121	2192	2430	2034	2377	2536	1834	3229	231	2104	953	133	3070	932	401	184	110	2719	2126	1672	1821	3471	3879	100	1792	1893	3406	90	1073	2249
254	1968	253	2567	3793	3066	2561	373	1221	2139	3020	262	744	2259	3267	3445	338	2136	2761	2539	989	2624	3314	3214	2180	1709	1970	892	1842	1969	3803	3915	2726	472	3783	423	2407	3221	3978	2629	90	2659	4096	1609	165	2990	388	3311	3532	812	2979	1241	1624	724	115	1058	2143	3335	3328	1818	2349	103	319	490	2628	2025	2599	90	661	2644	691	1437	3839	3864	474	1551	2750	3695	2112	3483	391	588	1384	2071	3523	1636	1857	862	4068	1103	2528
760	3677	3659	634	1761	1002	2557	2238	3983	2689	3822	2469	2709	341	3512	1647	2583	1434	3588	2608	1532	3860	3168	2170	1258	1683	3349	1022	1293	2613	3924	2396	3081	2975	3180	1815	788	1781	260	3178	522	2148	1609	4096	3842	1991	720	3648	1436	1097	3885	2293	2566	652	1591	1178	332	1045	1583	2774	1711	4087	1837	90	2097	2337	1621	1930	2842	676	3252	3111	2874	2742	2533	1016	578	3043	117	1808	1292	3411	3701	3232	2321	1949	3886	539	2478	1824	1686
3837	3745	1967	3878	3246	2824	191	1304	708	1112	4008	3192	241	3087	90	2880	4057	1695	777	2732	1020	2214	937	687	3308	3187	739	3736	3792	4045	275	3908	4002	201	2169	1346	963	3248	2395	3857	3535	213	165	3842	4096	1401	669	1088	1754	715	1319	285	1515	2769	4078	2891	3044	3241	2940	704	317	439	764	2969	3918	2335	3607	435	2289	890	2441	2188	3718	3046	3144	2231	614	3888	2913	1901	3984	542	3895	2400	1166	3949	1865	3035	3818	992	971
377	1176	2247	2693	3017	660	90	3494	3408	1812	577	688	2717	1006	3874	90	3683	2516	1620	2725	1459	2100	1944	3383	2210	3295	3374	3182	1937	2625	2912	1399	1031	3297	1270	3840	884	1517	1538	3426	3384	1631	2990	1991	1401	4096	2564	1894	3519	1320	101	4077	2527	2805	90	283	2943	2056	1003	1886	2673	586	3278	90	1680	1273	393	1549	3740	929	2298	3914	4016	2203	1811	3095	1590	899	2699	528	1443	742	417	2393	972	255	3773	3218	1356	2175	1011
2817	4029	2216	1335	2090	1993	2792	3031	1379	2672	2111	1975	775	1117	1996	2297	2239	2568	2860	1357	2128	328	1371	783	396	3672	3433	3979	102	2492	2410	2425	3827	90	2956	2509	3911	2998	380	935	248	1998	388	720	669	2564	4096	3245	1534	324	1125	541	2664	3514	1071	1186	2967	860	3868	225	985	1059	3284	4056	1566	382	1577	2383	2723	4073	2397	1251	2234	3105	1142	279	404	3132	2379	3621	3753	3033	3342	1202	1976	1450	2281	1122	2489	801	1064
2906	1226	2818	1926	554	1190	627	546	2007	296	703	1476	3967	3522	2577	3814	1513	2195	945	1291	3972	3125	919	2656	2833	572	3193	2787	4051	307	3390	975	3910	1308	1640	1905	2580	138	4031	816	1892	3815	3311	3648	1088	1894	3245	4096	3382	1699	3880	1661	518	3495	2832	193	808	2700	331	815	1111	3754	1284	90	3436	670	3064	2045	2019	3728	1427	585	1147	3185	648	1782	3028	247	2645	4084	3873	1431	2653	2021	1992	3026	2206	2439	3365	1954	3605
189	1600	163	1511	2634	2987	1929	238	2562	1736	683	1177	1410	2448	2221	1280	90	1920	2102	1485	2286	2046	3177	2218	2385	2658	2668	3597	3135	524	1814	2971	1817	1537	2505	2365	343	1568	2267	1405	922	3870	3532	1436	1754	3519	1534	3382	4096	181	3176	2894	2541	1185	2264	2931	560	601	334	3195	946	239	3893	1395	1524	325	702	2120	2003	928	1768	924	1507	350	90	1108	1626	3962	2611	3934	3122	2465	1066	1691	1572	1133	2491	1891	216	3883	2477
3569	2679	1611	3227	3118	2080	453	3062	489	2542	3291	487	1288	2737	641	3151	2565	677	3658	1191	1424	1671	2356	3359	1599	389	3852	2150	1578	2749	2592	2942	2302	2236	2831	142	1885	3194	3876	3159	2755	3009	812	1097	715	1320	324	1699	181	4096	1414	1997	3141	3243	1705	1758	1662	2928	1210	2881	315	1456	98	2357	1985	2836	90	2418	3371	2018	293	1040	2474	1219	2951	3711	426	130	3595	1429	667	2503	3424	2353	2828	1561	624	1762	4006	1655	3285
173	3353	469	1717	3015	1372	1417	90	2576	2471	1161	1311	878	90	2713	3567	2819	2654	3684	3487	1542	3491	1984	3625	1853	3774	3326	3060	4015	2260	3763	834	774	2887	4042	1428	3816	479	755	235	1028	2073	2979	3885	1319	101	1125	3880	3176	1414	4096	3710	2810	628	1128	2640	2317	773	3091	2939	507	2016	1879	4069	3969	1325	141	461	1475	1713	3670	2806	4053	911	1956	2684	2602	430	1719	3329	3666	3922	3289	3386	2390	2067	339	804	644	3275	1077
289	4067	607	3671	3869	3954	2946	273	3147	223	1096	3086	129	3862	3140	1775	1560	1193	1608	757	3211	491	90	3188	4041	462	663	3768	2119	2245	544	1152	1720	318	197	120	1586	3021	3845	3782	3765	3225	1241	2293	285	4077	541	1661	2894	1997	3710	4096	2115	1314	3200	3082	3084	1801	3253	2197	3357	124	3230	3341	2162	3316	2600	4043	765	675	1907	3376	2976	3209	1462	2705	619	962	2460	512	3992	2993	3858	3244	3457	425	3662	2858	880	2240	1168
3090	1883	1536	3843	3231	1034	1787	199	207	3004	2591	90	272	2137	3932	871	451	3079	3536	547	3097	3010	525	1669	3534	1246	3867	4052	3761	356	993	467	3770	2050	1788	3637	3089	2535	1330	3030	622	2885	1624	2566	1515	2527	2664	518	2541	3141	2810	2115	4096	2131	2310	642	1575	1231	579	1958	413	3690	2816	1627	894	1739	3212	778	206	3513	906	4035	3975	2607	3416	3712	1700	712	658	699	4037	2882	1581	271	2384	1448	1685	1877	2729	2715	2323
722	306	2010	4011	290	1378	3530	2917	1348	1361	2177	4018	2118	2988	4004	2586	2735	3891	3008	1026	1798	874	2029	1484	2760	1729	2319	3287	1938	4059	1425	635	1743	854	964	3189	3721	551	488	1585	90	767	724	652	2769	2805	3514	3495	1185	3243	628	1314	2131	4096	3902	2841	3133	1413	3139	320	1452	1187	2168	2449	898	2678	2804	933	4030	1650	2043	593	1012	3250	3204	1403	3313	888	3981	3882	3732	1239	459	402	3170	991	2152	2795	1789	2208	1773
3354	196	3333	1440	347	1406	91	465	1220	3667	2483	3323	2345	629	680	301	3131	4071	4022	3611	2079	1955	1576	4086	1070	1259	257	1509	2085	950	1921	657	1014	3995	1250	2922	3065	2869	1254	3894	3958	3575	115	1591	4078	90	1071	2832	2264	1705	1128	3200	2310	3902	4096	651	1391	3174	3423	477	139	2718	1449	822	3759	696	1767	3358	2820	3562	1557	637	3738	3877	2789	3705	4066	3640	1702	2626	2275	2350	1487	1038	464	3334	3633	3543	95	3508	330
3833	934	363	697	3444	2427	106	387	2788	1908	2371	711	772	2588	2947	3464	3184	421	3727	3414	3663	1084	1871	555	865	1423	1068	956	1269	771	3565	1247	1872	1639	2815	2504	1562	3286	3310	2299	2778	1107	1058	1178	2891	283	1186	193	2931	1758	2640	3082	642	2841	651	4096	3128	605	3577	4065	743	502	1749	3203	3959	1338	1279	90	416	831	3438	2584	3242	3563	3455	3454	2911	636	3351	2512	2355	2027	1256	2811	2248	1102	3083	186	1904	309	1785
1482	470	90	1714	1121	2432	721	172	533	90	3169	3167	2037	2318	1380	3440	3325	861	2454	355	2382	3897	751	595	3673	1477	2762	2196	111	3507	710	90	2414	431	3103	1530	1478	1042	1688	1555	2620	3206	2143	332	3044	2943	2967	808	560	1662	2317	3084	1575	3133	1391	3128	4096	1914	770	179	2610	1936	1282	2639	1827	3063	1675	519	2420	3730	3697	819	700	2068	1192	2219	1091	2496	2098	2701	352	1094	969	1277	3019	1098	2752	3681	3152	3801	3919
127	590	107	3813	1795	274	1451	1529	1746	322	2604	3939	1840	3427	1240	2062	166	820	1203	684	2776	2190	1519	2814	1668	3674	3001	90	90	2798	2966	2389	1227	1989	1461	3148	2270	2514	2064	2435	354	2344	3335	1045	3241	2056	860	2700	601	2928	773	1801	1231	1413	3174	605	1914	4096	1075	1528	3691	3055	1925	923	441	3935	2662	2308	90	1619	690	3527	121	456	1023	1345	3906	3356	565	3653	3602	2907	2123	1564	1948	405	208	205	194	1156	2059
3024	2898	424	3350	90	90	1946	498	599	2838	3000	3921	1779	1718	3838	2417	3676	370	2909	3509	3255	2052	3693	2413	3734	2054	1845	1565	3699	2051	2736	4081	2229	2074	3443	1859	2456	1495	3957	733	2093	1368	3328	1583	2940	1003	3868	331	334	1210	3091	3253	579	3139	3423	3577	770	1075	4096	2455	3807	2078	3453	3339	2978	1835	4064	1017	2959	1352	3904	2551	2766	284	270	2851	594	987	1244	2360	1652	2088	3545	659	1214	589	460	1541	2283	3524	2262
1039	3254	3274	182	623	2872	132	3848	2091	1986	3458	1854	2254	3223	1725	2447	3054	1120	896	3038	2257	303	903	2424	3452	2243	1822	3760	3042	2585	116	323	1172	1004	3389	2621	3332	2835	1260	3800	1181	1056	1818	2774	704	1886	225	815	3195	2881	2939	2197	1958	320	477	4065	179	1528	2455	4096	3488	2708	246	473	2797	1019	229	90	1523	736	3973	1694	2827	3790	3798	1228	786	3013	90	3264	974	1318	2255	1411	1309	3946	2450	921	913	1389	2332
3791	998	2779	1441	287	220	4032	2202	385	2422	981	2923	1887	584	3644	3304	4024	2354	3772	1455	2784	1025	1963	1438	90	2670	2823	730	2518	2756	761	2475	842	3446	2348	2339	3370	348	917	337	164	281	2349	1711	317	2673	985	1111	946	315	507	3357	413	1452	139	743	2610	3691	3807	3488	4096	118	1317	2156	2089	2929	1061	1139	1494	1146	1397	3964	122	647	4044	802	2830	2444	2327	1910	407	3479	521	147	3431	1912	3012	859	3636	1032	2866
3261	2635	353	3268	3624	3756	2312	1753	2916	3104	3235	1708	580	3599	2794	784	1809	1092	2844	3841	926	2438	2125	1087	3531	3956	1826	1305	1472	2053	1862	600	3005	228	3319	1698	3395	1922	719	1278	1197	3121	103	4087	439	586	1059	3754	239	1456	2016	124	3690	1187	2718	502	1936	3055	2078	2708	118	4096	4072	1527	2024	3367	1692	904	3853	136	1179	3069	1306	2042	776	3447	1392	2158	2920	1479	1614	203	3112	3149	1385	90	2285	295	3618	438	3283
3312	1195	1180	2631	1731	966	1878	3309	1286	134	1327	1164	3831	3859	504	2404	740	2808	3346	1678	2675	483	3947	3432	3806	2361	1369	3472	3272	3630	625	758	848	1062	1610	2530	803	2609	1750	2486	2934	2192	319	1837	764	3278	3284	1284	3893	98	1879	3230	2816	2168	1449	1749	1282	1925	3453	246	1317	4072	4096	1964	90	2316	1351	345	1889	2072	2697	1131	515	1470	192	140	4034	2525	335	984	3338	3861	90	3134	1060	3412	90	2488	3088	2212	1966
745	1896	3769	1962	1412	414	2829	297	2903	1347	3552	3991	1902	3913	2605	4088	1272	795	693	726	566	1844	4079	2421	457	3797	1633	1324	2661	2563	1353	2265	1263	1175	895	1697	3251	2394	3993	996	3931	2430	490	90	2969	90	4056	90	1395	2357	4069	3341	1627	2449	822	3203	2639	923	3339	473	2156	1527	1964	4096	3787	1776	626	1104	2109	433	1010	2030	2526	188	1868	2690	2765	1836	938	1490	3963	2041	1063	754	835	3396	3570	3485	434	1676	1208
2676	2110	979	217	1473	2877	3762	495	420	3694	1249	3501	523	1215	2524	1223	1770	3832	291	1876	1204	653	2063	3150	799	305	3146	2252	692	4025	2482	1681	3953	1841	2847	3581	3675	1400	3696	2839	2590	2034	2628	2097	3918	1680	1566	3436	1524	1985	3969	2162	894	898	3759	3959	1827	441	2978	2797	2089	2024	90	3787	4096	1570	2786	3398	2790	3092	437	1486	762	2458	538	1343	1212	3058	1388	1522	3175	2529	286	3270	351	3073	4000	1439	90	383	2055
3817	2142	738	1036	2914	2927	1679	3442	2004	415	1382	3050	361	1492	3758	1255	999	3306	3538	977	3714	1839	3249	1858	3355	244	4095	3549	1983	3950	694	1315	3120	1442	399	2144	1935	1931	251	2106	4080	2377	2025	2337	2335	1273	382	670	325	2836	1325	3316	1739	2678	696	1338	3063	3935	1835	1019	2929	3367	2316	1776	1570	4096	2320	3617	2341	3517	4013	448	1118	362	679	90	2473	3441	2215	2005	1057	1396	1119	2227	681	1460	3735	782	1765	90	2802
167	2122	1213	1458	3945	3702	2388	475	1136	1632	1471	2834	4049	1080	3368	154	2558	2630	768	252	2075	2226	2307	1044	2983	3392	2402	1394	1867	506	484	1597	3437	1404	2531	1704	1959	175	1374	3110	1800	2536	2599	1621	3607	393	1577	3064	702	90	141	2600	3212	2804	1767	1279	1675	2662	4064	229	1061	1692	1351	626	2786	2320	4096	1349	90	1890	2759	1194	3023	375	1126	2328	3965	3854	2114	1573	567	90	909	1960	3709	3907	2560	2013	2875	3985	2359
3161	2363	3649	169	1563	3301	342	2777	707	988	1283	2282	1786	2651	3620	2924	99	3183	1402	2189	3109	2012	2650	869	3580	1333	2129	2570	905	2677	2338	1644	162	3776	2879	828	559	3872	2127	1474	3698	1834	90	1930	435	1549	2383	2045	2120	2418	461	4043	778	933	3358	90	519	2308	1017	90	1139	904	345	1104	3398	3617	1349	4096	1864	2633	236	1582	2945	3998	3292	3163	1052	2036	1418	2443	233	1823	1510	1833	3558	3459	243	2305	3739	2546	1398
3198	3394	311	2468	2587	529	1928	2821	3786	3476	1715	2077	537	314	1082	3277	2167	823	3525	4090	3504	1856	1802	886	3823	3521	2775	2087	3405	2105	2973	639	1807	386	2867	1416	3468	3470	1806	1504	3557	3229	661	2842	2289	3740	2723	2019	2003	3371	1475	765	206	4030	2820	416	2420	90	2959	1523	1494	3853	1889	2109	2790	2341	90	1864	4096	384	2347	1589	3572	3247	1724	545	615	2151	2522	2146	967	1899	1987	3435	1863	4020	3737	137	2487	853	562
422	1521	278	3847	1420	2076	2707	3466	3262	1196	1183	1377	440	939	1759	458	1666	666	2060	2057	4094	3748	1069	2753	4093	2739	2892	1637	3988	3449	3300	3465	1234	1951	1546	1598	3826	3855	4048	2883	2655	231	2644	676	890	929	4073	3728	928	2018	1713	675	3513	1650	3562	831	3730	1619	1352	736	1146	136	2072	433	3092	3517	1890	2633	384	4096	3646	1359	2712	90	1981	1721	3778	2011	1363	90	3781	532	2314	463	3478	531	2466	2015	3706	1556	2032
3213	581	3143	2731	2408	1816	267	3583	2900	494	2596	2280	1008	90	1149	611	725	3571	1849	818	1489	3439	2453	1386	3511	1653	2846	2268	263	2569	916	797	444	144	3419	259	872	90	1021	2480	3751	2104	691	3252	2441	2298	2397	1427	1768	293	3670	1907	906	2043	1557	3438	3697	690	3904	3973	1397	1179	2697	1010	437	4013	2759	236	2347	3646	4096	3516	3510	1236	105	3068	2117	3668	718	3378	2543	190	1952	160	3428	3266	1046	654	3875	3576	1939
3257	2220	3034	90	3574	2086	914	4027	2581	90	633	1238	2730	791	2479	2433	4021	2179	3344	1544	2845	90	2378	1376	2155	3330	1322	845	3889	3713	2070	925	3788	3373	2902	1496	90	3742	798	2995	3741	953	1437	3111	2188	3914	1251	585	924	1040	2806	3376	4035	593	637	2584	819	3527	2551	1694	3964	3069	1131	2030	1486	448	1194	1582	1589	1359	3516	4096	2637	3780	3679	955	3665	2113	1086	1491	2031	143	2915	3051	2154	3417	3260	1634	3948	947	3113
1502	1130	883	2954	2694	1358	2204	471	90	3678	779	2160	3049	1307	3887	3345	409	3393	3771	3155	2405	1099	527	936	1628	3022	2657	1539	1895	302	1200	1000	3540	558	1603	1138	321	553	735	2953	2322	133	3839	2874	3718	4016	2234	1147	1507	2474	4053	2976	3975	1012	3738	3242	700	121	2766	2827	122	1306	515	2526	762	1118	3023	2945	3572	2712	3510	2637	4096	2411	360	2132	1571	1771	510	3496	3657	2594	3560	1265	3987	3821	1526	3288	109	1072	2952
2534	3632	3016	2793	582	1222	3080	1737	3615	2550	2855	3722	1463	1783	2886	3940	2490	256	3707	763	3900	1778	1760	837	983	2047	844	1690	3179	2373	2061	2997	592	618	411	90	2559	313	1264	2315	2507	3070	3864	2742	3046	2203	3105	3185	350	1219	911	3209	2607	3250	3877	3563	2068	456	284	3790	647	2042	1470	188	2458	362	375	3998	3247	90	1236	3780	2411	4096	2710	4017	2223	145	3548	2595	326	1257	3279	3002	219	3220	446	2955	268	2807	3259
2440	3173	316	912	1174	2968	2187	2950	3846	2938	750	990	2026	3462	2720	2704	3619	3281	2999	1919	2149	1137	397	2165	2822	2556	2748	514	1828	3664	1141	1447	855	3810	1336	195	1090	1552	4028	3117	3032	932	474	2533	3144	1811	1142	648	90	2951	1956	1462	3416	3204	2789	3455	1192	1023	270	3798	4044	776	192	1868	538	679	1126	3292	1724	1981	105	3679	360	2710	4096	3980	1881	1799	2009	2246	1587	3856	299	3966	889	90	126	3040	1961	1300	3094
766	513	3114	2147	1629	2494	1830	2738	3461	1206	3986	2232	882	856	3415	2251	3796	3228	574	1041	3116	2415	2121	2901	3518	2876	2277	1050	3680	517	2511	1035	4055	959	813	3407	1741	1170	2463	1988	2157	401	1551	1016	2231	3095	279	1782	1108	3711	2684	2705	3712	1403	3705	3454	2219	1345	2851	1228	802	3447	140	2690	1343	90	2328	3163	545	1721	3068	955	2132	4017	3980	4096	1468	2857	1596	1547	817	2791	93	2682	3520	90	2871	3469	3348	695	455
910	2476	1903	171	1027	2549	3999	1682	3130	3413	2812	2910	200	3942	2230	1337	806	4054	1514	1617	3385	3733	3544	501	1132	3828	3586	2412	3352	2171	1790	571	3656	3990	640	2403	2986	3492	3102	276	2965	184	2750	578	614	1590	404	3028	1626	426	2602	619	1700	3313	4066	2911	1091	3906	594	786	2830	1392	4034	2765	1212	2473	3965	1052	615	3778	2117	3665	1571	2223	1881	1468	4096	3404	1162	2186	3263	155	716	840	1888	90	1615	1642	3977	1797	2573
870	1796	3608	575	94	1957	1344	3892	2288	3623	2351	2544	1735	1689	891	3610	920	2548	3399	1687	294	948	787	90	3938	737	308	3101	2095	682	3970	3568	90	119	3622	2687	2773	1253	3944	1342	2392	110	3695	3043	3888	899	3132	247	3962	130	430	962	712	888	3640	636	2496	3356	987	3013	2444	2158	2525	1836	3058	3441	3854	2036	2151	2011	3668	2113	1771	145	1799	2857	3404	4096	2741	2023	2977	2083	2446	1978	2552	4005	1274	826	2618	2368	1211
598	2930	366	796	1321	1710	1558	2796	2899	1674	2198	2666	1657	3834	2020	3052	3996	3324	1207	3199	2039	3160	3865	540	1432	1574	2261	2799	3603	942	1134	153	497	1649	1493	3129	3604	564	1364	4089	2008	2719	2112	117	2913	2699	2379	2645	2611	3595	1719	2460	658	3981	1702	3351	2098	565	1244	90	2327	2920	335	938	1388	2215	2114	1418	2522	1363	718	1086	510	3548	2009	1596	1162	2741	4096	2963	3305	2890	2194	125	2683	2301	1947	374	3387	885	2627
2331	1516	3226	1105	3804	3601	3138	4092	2767	2213	1641	1235	176	943	2680	2399	851	3749	1275	1124	492	2174	427	2918	1648	2706	418	982	1160	805	1670	849	2092	3145	204	2856	2848	850	3896	2172	4091	2126	3483	1808	1901	528	3621	4084	3934	1429	3329	512	699	3882	2626	2512	2701	3653	2360	3264	1910	1479	984	1490	1522	2005	1573	2443	2146	90	3378	1491	3496	2595	2246	1547	2186	2023	2963	4096	2217	2854	2521	997	381	543	3397	970	2868	1838	1281
2452	3651	2364	364	2500	2889	3041	1018	3256	1488	1225	2801	4060	2783	1445	2508	655	881	3661	2519	3505	3127	1390	570	3269	2253	1295	2309	466	3379	3997	1747	90	1880	3450	3347	621	1533	1500	1791	3926	1672	391	1292	3984	1443	3753	3873	3122	667	3666	3992	4037	3732	2275	2355	352	3602	1652	974	407	1614	3338	3963	3175	1057	567	233	967	3781	2543	2031	3657	326	1587	817	3263	2977	3305	2217	4096	1712	1635	756	151	3014	4062	930	3724	150	1727
2579	1242	1299	2244	961	1645	951	3764	349	2936	170	3207	3157	3584	327	509	1366	3526	3747	2038	706	1584	1518	90	2462	3282	2205	2437	918	900	3388	3448	2224	3638	2688	168	2597	485	1290	3550	3124	1821	588	3411	542	742	3033	1431	2465	2503	3922	2993	2882	1239	2350	2027	1094	2907	2088	1318	3479	203	3861	2041	2529	1396	90	1823	1899	532	190	143	2594	1257	3856	2791	155	2083	2890	2854	1712	4096	2336	3075	3829	1169	1051	3976	486	1701	668
1861	2781	214	973	630	3920	1340	3881	482	3315	1173	1030	3053	747	1740	449	90	2182	3098	365	3142	1089	3273	2896	1469	1157	3723	3099	1860	1643	1065	2228	3298	3361	358	202	4010	591	1994	1848	3626	3471	1384	3701	3895	417	3342	2653	1066	3424	3289	3858	1581	459	1487	1256	969	2123	3545	2255	521	3112	90	1063	286	1119	909	1510	1987	2314	1952	2915	3560	3279	299	93	716	2446	2194	2521	1635	2336	4096	3726	3556	1923	2649	2935	2311	2513	1199
3669	3481	1276	785	3971	2376	2598	292	2495	310	1508	2191	535	2266	792	957	1081	3210	1505	1664	4076	90	3106	226	608	2520	4074	2484	3715	261	3731	2207	493	2800	2423	3321	2081	503	3844	2972	1467	3879	2071	3232	2400	2393	1202	2021	1691	2353	3386	3244	271	402	1038	2811	1277	1564	659	1411	147	3149	3134	754	3270	2227	1960	1833	3435	463	160	3051	1265	3002	3966	2682	840	1978	125	997	756	3075	3726	4096	3775	104	1971	2574	846	3497	3166
748	2674	3003	90	3937	2362	3477	606	573	3917	3652	468	3547	359	419	2636	1855	3750	3752	2695	2497	1419	152	931	2921	2994	3322	2372	4058	3327	2764	123	265	1422	1550	2431	3240	1588	2747	2201	4050	100	3523	2321	1166	972	1976	1992	1572	2828	2390	3457	2384	3170	464	2248	3019	1948	1214	1309	3431	1385	1060	835	351	681	3709	3558	1863	3478	3428	2154	3987	219	889	3520	1888	2552	2683	381	151	3829	3556	3775	4096	135	2825	3400	3480	3795	1819
656	1224	2014	2895	1323	2643	1693	1784	2269	1205	1638	3186	3265	949	3418	1794	3296	1243	198	2138	300	3293	610	1331	245	2241	2406	3486	3463	3196	1294	264	3171	2622	376	2200	709	1911	4070	2276	2000	1792	1636	1949	3949	255	1450	3026	1133	1561	2067	425	1448	991	3334	1102	1098	405	589	3946	1912	90	3412	3396	3073	1460	3907	3459	4020	531	3266	3417	3821	3220	90	90	90	4005	2301	543	3014	1169	1923	104	135	4096	1209	3952	3236	3789	161
3391	429	1933	741	2166	1677	1430	3582	3708	2287	1618	781	3613	2140	3600	2273	1341	3434	3366	2461	1601	2547	2981	2515	2185	3616	2745	2124	1407	1499	1623	2130	1109	1884	3700	3898	728	112	3115	4036	346	1893	1857	3886	1865	3773	2281	2206	2491	624	339	3662	1685	2152	3633	3083	2752	208	460	2450	3012	2285	90	3570	4000	3735	2560	243	3737	2466	1046	3260	1526	446	126	2871	1615	1274	1947	3397	4062	1051	2649	1971	2825	1209	4096	1037	3836	2366	2294
1375	1755	960	2044	1383	90	2681	3808	1043	952	1945	3606	90	505	833	685	1465	1189	1218	3566	1950	1630	3539	2235	1763	4063	159	3233	3331	2096	1774	2554	597	789	90	908	476	2258	1151	731	2575	3406	862	539	3035	3218	1122	2439	1891	1762	804	2858	1877	2795	3543	186	3681	205	1541	921	859	295	2488	3485	1439	782	2013	2305	137	2015	654	1634	3288	2955	3040	3469	1642	826	374	970	930	3976	2935	2574	3400	3952	1037	4096	113	3941	2022
329	1766	298	1813	480	2250	211	3614	3302	400	1373	3635	410	3490	2617	1252	1001	221	1851	2101	1932	2330	1612	1999	2481	1182	3057	2840	1757	1503	1232	3237	3153	266	511	3529	2209	1267	1974	1159	1055	90	4068	2478	3818	1356	2489	3365	216	4006	644	880	2729	1789	95	1904	3152	194	2283	913	3636	3618	3088	434	90	1765	2875	3739	2487	3706	3875	3948	109	268	1961	3348	3977	2618	3387	2868	3724	486	2311	846	3480	3236	3836	113	4096	2933	3989
3585	3258	2271	3430	602	1233	2862	1716	3085	1973	1803	187	3784	3100	807	2325	2944	1913	2960	3025	3280	1916	2485	603	1433	596	3303	830	156	2164	157	646	1696	1188	752	3542	3930	1113	90	1656	3929	1073	1103	1824	992	2175	801	1954	3883	1655	3275	2240	2715	2208	3508	309	3801	1156	3524	1389	1032	438	2212	1676	383	90	3985	2546	853	1556	3576	947	1072	2807	1300	695	1797	2368	885	1838	150	1701	2513	3497	3795	3789	2366	3941	2933	4096	2434
3916	3489	3093	2853	3047	3429	1155	2163	2263	3048	3372	1769	746	3553	2826	2772	90	3589	3982	1302	2159	3126	2069	2746	1328	1464	1100	2401	2884	2714	2523	705	2292	90	613	3943	1722	3154	1454	90	1825	2249	2528	1686	971	1011	1064	3605	2477	3285	1077	1168	2323	1773	330	1785	3919	2059	2262	2332	2866	3283	1966	1208	2055	2802	2359	1398	562	2032	1939	3113	2952	3259	3094	455	2573	1211	2627	1281	1727	668	1199	3166	1819	161	2294	2022	3989	2434	4096
