3241	1653	987	2205	1780	856	1689	290	502	1017	427	1349	2252	1907	2702	2692	972	640	2386	1922	163	80	789	3228	1906	3140	562	1678	1341	2552	553	2900	1316	957	2085	759	1990	2052	1086	1429	658	2492	2984	254	902	2877	2981	949	2803	419	1364	335	1112	3153	2180	2816	1249	1378	2366	1868	2426	3154	868	853	105	1250	1823	2433	2418	1867	1098	1705	2050	1548	1667	1214	867	1090	2681	396	2736
1653	3241	2431	2235	2179	3115	1049	2625	244	2545	2197	257	365	1022	2379	2259	577	556	2294	2355	828	2895	125	1803	844	2214	1163	1975	1201	2246	1762	580	276	680	2160	214	221	1102	522	2635	3113	1450	220	435	1115	840	98	3127	1603	3137	2659	2993	2240	1156	569	1046	2027	247	2686	348	330	618	1031	561	80	1962	2371	1323	1997	2187	1298	3147	2097	198	256	2723	385	185	1396	1310	1640
987	2431	3241	414	1843	373	937	2771	3037	1881	898	431	80	331	1893	3143	235	3120	312	2263	1297	2329	2835	2777	780	379	1172	2701	2281	2765	2096	1502	354	1229	1918	2270	725	268	1885	2021	981	1025	1148	3125	3098	1698	1116	2589	3034	1799	3219	143	295	1052	2881	179	1863	2918	1745	1563	3215	945	1556	739	967	3020	3170	1130	1748	1960	2576	1479	318	691	587	1820	1605	2843	252	407	1009
2205	2235	414	3241	178	1858	1707	1490	1430	883	2387	694	920	80	1612	774	2076	2853	2636	1864	2661	232	2346	2217	2170	2099	820	1464	1122	2519	1276	80	1344	1436	2216	420	3039	583	293	273	3174	2868	693	1194	1228	2163	2438	241	3044	667	2680	3223	1480	2966	2535	2338	3105	3007	3122	1616	2679	826	2249	3011	2662	2826	2225	696	1135	551	1897	311	998	1513	287	271	2110	416	231	80	1434
1780	2179	1843	178	3241	2603	3188	1855	2824	2394	80	2512	2028	477	1262	610	1806	541	1100	2776	549	574	1106	2009	2107	1472	2828	2098	2319	170	2244	1484	3051	3178	3132	1109	916	2731	2279	2105	958	2734	213	2043	646	677	523	1524	2133	1943	1938	897	1946	507	2943	2726	2380	721	1957	2422	1006	1153	2036	3179	2784	2832	1224	2929	2941	1415	474	2138	1171	1734	863	1359	308	1904	1191	301	2326
856	3115	373	1858	2603	3241	956	2079	2233	504	3222	2902	3069	1411	2664	2477	743	2992	503	1306	2741	80	1500	1978	80	1365	644	310	1578	735	2127	511	1944	730	2525	80	1562	3021	1068	1485	530	1752	1715	1473	297	1932	441	1856	1550	3185	1641	1800	901	538	2486	2327	964	707	2382	1870	1422	1508	1369	626	1215	2074	2746	2040	589	2975	608	2949	1967	2095	2553	1446	2370	1639	440	3194	834
1689	1049	937	1707	3188	956	3241	2176	1880	550	2967	1839	481	422	2229	719	749	1147	3187	2466	2389	1968	1245	1984	2818	1318	2793	1203	2676	1069	327	1538	2140	590	169	2878	582	2448	80	648	1448	1903	1418	1016	161	2344	593	2297	2733	1256	866	1089	1205	2592	1075	1617	3176	3156	320	2356	2678	211	1367	1727	1595	2539	3168	1136	2106	3042	787	2060	141	2911	2048	1493	1054	2951	2195	578	1720
290	2625	2771	1490	1855	2079	2176	3241	1701	2419	2921	1486	1292	80	3203	2797	1876	2212	195	1931	980	918	2609	2707	948	1965	2809	2136	2340	82	111	695	2705	1384	1788	3078	1062	1682	2354	2255	649	2668	2699	94	995	2619	456	2955	2569	3104	2042	147	1494	3216	2268	1942	650	1168	548	2750	2463	1290	306	2794	3155	1099	1027	3233	2894	2630	1351	1688	406	2196	2882	1711	1761	480	2452	2871	1534
502	244	3037	1430	2824	2233	1880	1701	3241	2398	602	284	2132	1312	1886	2986	524	617	1498	2721	479	267	1959	1188	2014	2710	315	2568	1587	2227	2683	1288	2257	2622	833	729	126	2779	2258	1404	839	718	2153	2787	1730	2046	1504	1420	2976	1952	825	645	1645	2960	436	2005	2998	1987	2309	3236	809	1693	742	2183	463	2373	1829	2468	1158	1260	1769	758	80	2598	1709	356	1003	555	2174	1447	2685
1017	2545	1881	883	2394	504	550	2419	2398	3241	2920	1945	1521	1037	1646	80	772	1650	2908	80	1121	1435	2884	393	675	2209	1509	1731	2755	1002	1141	121	1491	723	471	1933	3149	2324	563	2237	1963	1993	621	2624	857	3081	442	2858	669	329	2590	2067	2901	1977	1600	2566	591	1048	1801	2032	2898	1389	2795	448	2213	487	447	1735	499	2318	2278	464	80	1684	433	286	847	2599	3160	2239	2080
427	2197	898	2387	80	3222	2967	2921	602	2920	3241	1231	1835	1824	3005	3169	2331	2018	2175	115	2166	659	3018	605	2047	3097	194	1463	2498	807	2287	2012	2071	1627	1137	2253	2643	2392	1272	1302	579	2554	1950	215	533	2280	752	1257	748	366	1604	822	80	932	2178	1178	2013	1874	492	869	2008	3060	153	1804	3065	3218	1559	1998	2889	2446	1792	624	430	2155	2982	1901	2528	3017	1894	1586	1553
1349	257	431	694	2512	2902	1839	1486	284	1945	1231	3241	2798	1733	3108	2989	2913	716	919	514	1695	1110	1372	1577	2524	159	3073	542	2506	1615	2782	1767	3230	1758	2933	2172	1798	2232	1913	2890	599	2303	2273	2192	2173	288	2842	3082	362	1019	1381	814	879	1329	349	2313	2145	2749	80	2923	322	2820	1282	192	2523	3052	1169	1278	817	2709	1981	871	472	2620	962	627	1584	1277	3232	2555	1345
2252	365	80	920	2028	3069	481	1292	2132	1521	1835	2798	3241	2399	1080	1314	513	1340	1383	212	1426	2883	2790	1541	2442	2812	80	1021	1443	2429	265	266	1663	2652	2760	1527	899	2646	836	1489	1400	1234	409	1013	966	2282	283	476	120	3049	2168	1373	1217	2352	824	2700	1176	2336	1862	2888	1827	2467	1662	2487	2360	870	2428	1265	2649	3103	1830	2113	903	3205	864	2657	2616	753	818	2025	228
1907	1022	331	80	477	1411	422	80	1312	1037	1824	1733	2399	3241	2869	1376	2965	3099	156	1696	80	1154	2948	1566	1409	2800	2672	454	164	81	80	1438	1414	1783	2151	428	2086	1546	496	1356	2137	2272	2306	2364	3141	2144	2990	438	2744	1625	1185	2711	3237	282	129	1308	2972	2142	2714	1848	97	494	1035	3177	2938	927	323	928	2159	2544	2220	854	2905	345	806	2500	2780	347	1232	564	3058
2702	2379	1893	1612	1262	2664	2229	3203	1886	1646	3005	3108	1080	2869	3241	2088	3117	1819	3239	2114	157	2634	2493	1198	1757	2307	912	127	906	1525	2211	2152	2090	924	1809	893	565	2612	1567	2529	2855	1342	1737	1478	1544	943	2193	2857	727	2817	1618	2618	158	383	1470	300	1914	2604	2863	2034	314	80	1770	1042	2388	1155	1311	1261	2283	2742	188	1890	378	2605	2301	1926	2586	2675	1911	2514	573
2692	2259	3143	774	610	2477	719	2797	2986	80	3169	2989	1314	1376	2088	3241	684	206	1710	797	891	223	1034	3220	3180	1964	3213	1510	633	251	1294	1041	776	586	1353	1212	1175	2384	678	1542	425	119	3190	751	3197	505	1814	757	779	3162	851	2677	1719	3016	2427	418	1151	2667	525	2242	977	1366	1520	1554	2961	2631	3067	1330	2954	2002	1391	1028	1413	2439	2796	2786	1301	1844	2503	1060	584
972	577	235	2076	1806	743	749	1876	524	772	2331	2913	513	2965	3117	684	3241	80	1237	423	1607	685	1649	2203	1775	1892	1437	1590	666	2930	2054	2802	715	1900	2627	923	581	873	1010	402	2247	2536	1776	2408	1738	2375	783	3045	1417	1007	1339	1821	1675	1119	1754	1208	183	1850	1547	2185	3166	341	1532	1059	572	1327	2594	914	2147	712	706	1764	2003	317	191	1921	3175	672	515	2409	2838
640	556	3120	2853	541	2992	1147	2212	617	1650	2018	716	1340	3099	1819	206	80	3241	689	1273	1114	576	614	1251	2991	815	938	2361	887	2198	2265	3019	1495	2011	1070	2045	3133	850	655	1519	2587	3077	277	2903	350	1674	113	370	969	84	375	1454	2533	2188	1784	2621	80	518	1192	2904	469	796	136	218	1631	2964	831	229	1747	971	2314	1243	634	2135	2628	2805	80	3062	2852	670	1729
2386	2294	312	2636	1100	503	3187	195	1498	2908	2175	919	1383	156	3239	1710	1237	689	3241	1101	444	1146	1630	2538	2999	2061	3028	852	2637	274	657	429	243	1580	3235	609	2123	1683	2570	1103	2532	754	1142	2970	2950	2041	2421	763	123	1611	80	162	269	2606	131	2483	571	929	1576	1177	117	1558	1687	1740	2496	2980	1449	1045	3008	1079	2874	1118	3059	1111	2642	2969	2450	2128	207	990	2725
1922	2355	2263	1864	2776	1306	2466	1931	2721	80	115	514	212	1696	2114	797	423	1273	1101	3241	2390	1258	1346	3002	635	1235	3003	1044	1038	688	896	3046	656	2298	240	3195	732	1309	2413	2391	3124	532	600	166	2484	3026	401	2039	2204	1167	2472	2697	2078	1104	2353	1427	1117	3101	1878	2062	359	2548	823	544	2940	1530	80	1439	792	3131	1040	1680	682	1268	1545	2547	2368	1444	80	2038	2407
163	828	1297	2661	549	2741	2389	980	479	1121	2166	1695	1426	80	157	891	1607	1114	444	2390	3241	80	2585	302	382	687	2682	769	109	2312	2748	2411	3227	560	80	1851	2706	2470	3184	2727	2130	951	2759	1073	1887	1124	1985	1679	242	2367	2836	1982	993	2091	1902	953	99	2064	708	2885	1108	1286	1269	208	661	3234	1690	714	204	1397	2302	1324	132	1873	3107	1642	85	750	643	1836	80
80	2895	2329	232	574	80	1968	918	267	1435	659	1110	2883	1154	2634	223	685	576	1146	1258	80	3241	1253	2089	1431	80	1572	612	1370	734	2405	1778	2451	547	296	1949	495	3238	3114	2971	2597	1833	1008	2924	741	452	1382	289	2823	2641	782	1841	2157	2509	2573	1597	1726	465	1179	1529	2305	2502	874	1303	1658	1703	394	2464	2645	900	2562	1699	2363	1958	107	3212	2491	2345	1989	717	2141
789	125	2835	2346	1106	1500	1245	2609	1959	2884	3018	1372	2790	2948	2493	1034	1649	614	1630	1346	2585	1253	3241	2328	421	1721	2266	172	1047	1424	3061	2549	2320	2478	2572	298	202	1218	1074	485	2485	80	1996	2184	2165	1939	3225	2577	2066	2081	1206	1941	1095	2156	1475	913	2655	2715	1651	1725	3135	80	2574	1614	2654	2909	2830	3030	2293	2084	506	337	134	2789	197	622	1974	2049	1129	1871	2359
3228	1803	2777	2217	2009	1978	1984	2707	1188	393	605	1577	1541	1566	1198	3220	2203	1251	2538	3002	302	2089	2328	3241	3193	2595	80	2059	2639	3146	1797	1838	1377	1371	449	351	2236	2053	2985	2288	1315	922	2728	2880	1011	2932	1295	1267	1988	1287	324	339	2412	1661	611	3221	1469	304	2037	2833	1406	2840	1622	3198	1624	925	1368	2934	2120	2420	2557	767	2459	731	1355	2632	1648	781	637	512	1637
1906	844	780	2170	2107	80	2818	948	2014	675	2047	2524	2442	1409	1757	3180	1775	2991	2999	635	382	1431	421	3193	3241	1961	2959	991	2221	2022	1533	3102	1457	1338	1459	984	1673	2665	412	1387	1599	2963	1716	2814	936	2751	1929	1393	1337	2100	2583	101	1347	2886	3068	2010	1221	3206	2567	3015	2550	2513	1120	615	2423	2722	3047	2811	2957	219	246	2256	965	2044	1970	2846	187	765	2973	1445	146
3140	2214	379	2099	1472	1365	1318	1965	2710	2209	3097	159	2812	2800	2307	1964	1892	815	2061	1235	687	80	1721	2595	1961	3241	2851	344	175	2134	1934	2505	947	2729	1063	2919	1023	2124	1264	2617	952	338	1854	810	2651	2007	976	80	534	3158	151	1332	346	821	1540	607	1860	316	437	2910	2401	261	773	1483	2788	399	1665	1375	1284	1992	2735	270	1321	439	2952	2070	755	1474	1128	1064	3035
562	1163	1172	820	2828	644	2793	2809	315	1509	194	3073	80	2672	912	3213	1437	938	3028	3003	2682	1572	2266	80	2959	2851	3241	108	3142	862	872	2740	2112	1210	80	1940	703	3074	652	2271	1522	595	1796	2926	2861	1123	1362	1093	1882	2896	488	3144	1766	1514	3106	2650	997	457	3031	377	1152	1744	1912	3200	819	1714	895	2953	1190	1581	2542	982	2465	1200	1866	1899	1343	3092	2055	2837	3093
1678	1975	2701	1464	2098	310	1203	2136	2568	1731	1463	542	1021	454	127	1510	1590	2361	852	1044	769	612	172	2059	991	344	108	3241	2551	1853	801	334	1518	80	133	2068	2563	2626	1482	1451	2914	2747	1211	80	92	858	258	679	2447	2150	2274	3171	177	745	2601	955	1057	237	1140	2121	1671	2584	2648	1144	2406	1503	519	1736	3139	1676	1991	1066	80	1722	80	942	319	2482	2956	1458	592
1341	1201	2281	1122	2319	1578	2676	2340	1587	2755	2498	2506	1443	164	906	633	666	887	2637	1038	109	1370	1047	2639	2221	175	3142	2551	3241	1236	636	2785	2289	1994	2357	2939	2488	292	167	2571	2633	632	791	1916	2206	1879	1702	2872	110	2935	1363	1453	1664	181	2348	3029	728	2849	885	1024	2190	1421	1628	2434	114	3161	2647	2931	2269	80	2093	973	2030	1279	1633	1505	285	1935	1081	1254	1266
2552	2246	2765	2519	170	735	1069	82	2227	1002	807	1615	2429	81	1525	251	2930	2198	274	688	2312	734	1424	3146	2022	2134	862	1853	1236	3241	2337	676	2579	3033	80	567	766	201	2365	713	1202	1322	2267	909	1067	941	1908	3186	760	3229	260	724	2122	2000	80	1029	2783	1020	1724	2167	2437	775	93	1585	2510	2063	182	2813	2400	3089	2148	1895	613	2104	1704	2383	2534	3100	2300	3217	2189
553	1762	2096	1276	2244	2127	327	111	2683	1141	2287	2782	265	80	2211	1294	2054	2265	657	896	2748	2405	3061	1797	1533	1934	872	801	636	2337	3241	3001	1516	1056	813	2556	1227	2988	2791	460	1877	875	2497	638	1852	1207	80	808	104	1568	761	1036	1004	888	403	336	2613	482	2396	205	3057	1656	364	3167	2087	1354	1986	2994	3079	1092	3136	1647	1166	2593	601	1793	1956	832	1594	2663	2897
2900	580	1502	80	1484	511	1538	695	1288	121	2012	1767	266	1438	2152	1041	2802	3019	429	3046	2411	1778	2549	1838	3102	2505	2740	334	2785	676	3001	3241	746	709	1328	788	1380	625	889	631	139	1718	812	849	2947	2073	1076	1050	1791	805	1632	389	1113	2501	264	3054	2521	216	2906	1197	1497	2600	484	1573	1512	1225	2928	1476	1488	1861	2558	1065	200	2537	722	2035	2292	227	2978	2716	764
1316	276	354	1344	3051	1944	2140	2705	2257	1491	2071	3230	1663	1414	2090	776	715	1495	243	656	3227	2451	2320	1377	1457	947	2112	1518	2289	2579	1516	746	3241	1159	2623	249	2457	2854	641	233	2125	2473	3181	681	1811	683	2164	2764	1743	3071	451	905	80	1610	2660	526	2069	1487	1623	1947	2865	2377	1220	2458	2238	2277	2530	3095	1583	2243	2226	380	2109	1794	1477	398	2778	3064	80	846	3032
957	680	1229	1436	3178	730	590	1384	2622	723	1627	1758	2652	1783	924	586	1900	2011	1580	2298	560	547	2478	1371	1338	2729	1210	80	1994	3033	1056	709	1159	3241	1304	2640	2474	701	1555	2703	86	756	1348	1107	2511	2987	2460	985	2564	794	122	2201	137	2058	1226	2310	529	186	1193	710	926	3183	2332	799	2139	87	89	3173	2719	1601	1105	1072	250	2341	2116	2295	3087	2223	2490	2056	910
2085	2160	1918	2216	3132	2525	169	1788	833	471	1137	2933	2760	2151	1809	1353	2627	1070	3235	240	80	296	2572	449	1459	1063	80	133	2357	80	813	1328	2623	1304	3241	537	829	2862	921	911	1270	930	2020	361	908	80	594	1925	2507	531	3189	1005	1173	516	3226	2224	2831	2349	2260	1385	2208	2996	2026	2743	321	1777	1143	1145	1246	2162	2565	2724	2200	886	1252	890	1441	1763	1196	1164	2867
759	214	2270	420	1109	80	2878	3078	729	1933	2253	2172	1527	428	893	1212	923	2045	609	3195	1851	1949	298	351	984	2919	1940	2068	2939	567	2556	788	249	2640	537	3241	705	2333	3150	3086	397	2767	1467	2006	461	2875	1325	1452	2876	603	604	1174	1551	1815	1813	2082	2822	1756	837	2325	1085	1536	80	510	1677	1412	2644	3165	1845	1574	726	2670	100	1869	2308	1392	1644	1083	2051	2057	360
1990	221	725	3039	916	1562	582	1062	126	3149	2643	1798	899	2086	565	1175	581	3133	2123	732	2706	495	202	2236	1673	1023	703	2563	2488	766	1227	1380	2457	2474	829	705	3241	1760	124	325	80	3182	2841	1741	501	2350	1951	1593	106	3088	2712	1774	1700	3192	1552	1326	1980	1810	698	959	1928	2504	1462	3196	2311	80	1582	520	1358	1973	400	1352	262	2775	184	1742	2899	1082	1087	1296	1399
2052	1102	268	583	2731	3021	2448	1682	2779	2324	2392	2232	2646	1546	2612	2384	873	850	1683	1309	2470	3238	1218	2053	2665	2124	3074	2626	292	201	2988	625	2854	701	2862	2333	1760	3241	3080	88	2602	1750	2807	307	475	1398	1461	2455	2758	2315	2284	80	1660	1629	1560	744	1213	509	2161	1598	144	1919	999	785	410	3090	2241	2845	1319	1549	2023	3036	2231	907	3084	2848	629	704	1669	2540	2907
1086	522	1885	293	2279	1068	80	2354	2258	563	1272	1913	836	496	1567	678	1010	655	2570	2413	3184	3114	1074	2985	412	1264	652	1482	167	2365	2791	889	641	1555	921	3150	124	3080	3241	135	1816	1883	970	1138	2393	720	305	1802	527	2739	358	1936	1924	1051	1826	1609	2004	830	2693	517	376	628	2847	804	3201	2829	313	690	2658	1608	1923	575	226	80	566	462	2614	1781	1807	1976	2753
1429	2635	2021	273	2105	1485	648	2255	1404	2237	1302	2890	1489	1356	2529	1542	402	1519	1103	2391	2727	2971	485	2288	1387	2617	2271	1451	2571	713	460	631	233	2703	911	3086	325	88	135	3241	2821	138	80	2850	894	1078	1515	892	2254	80	2432	342	1271	2962	2839	2671	668	2115	168	80	294	2362	738	466	278	225	662	80	2891	3240	2834	1828	651	1456	1097	417	1263	245	1379	798	388
658	3113	981	3174	958	530	1448	649	839	1963	579	599	1400	2137	2855	425	2247	2587	2532	3124	2130	2597	2485	1315	1599	952	1522	2914	2633	1202	1877	139	2125	86	1270	397	80	2602	1816	2821	3241	2476	2527	877	2781	1927	865	309	1531	795	199	2469	2343	2158	1149	391	536	2323	1133	408	2870	2372	80	80	1917	2444	1199	1708	2033	770	3152	2108	83	2804	381	2669	1972	1410	2111	1955	2653
2492	1450	1025	2868	2734	1752	1903	2668	718	1993	2554	2303	1234	2272	1342	119	2536	3077	754	532	951	1833	80	922	2963	338	595	2747	632	1322	875	1718	2473	756	930	2767	3182	1750	1883	138	2476	3241	1817	1822	2916	450	2385	2704	2691	369	3040	3076	2075	2673	2560	2968	940	2219	3231	468	2917	1840	1091	2893	2531	1094	554	1565	1242	2416	173	2489	1915	1331	2518	2092	272	1183	653	3066	1706
2984	220	1148	693	213	1715	1418	2699	2153	621	1950	2273	409	2306	1737	3190	1776	277	1142	600	2759	1008	1996	2728	1716	1854	1796	1211	791	2267	2497	812	3181	1348	2020	1467	2841	2807	970	80	2527	1817	3241	2773	1782	2922	1460	3121	1832	778	2445	80	2334	1954	2763	1507	639	946	915	1717	2210	2430	2801	2414	1317	478	1291	630	1898	2698	1320	1751	1026	2436	1539	2415	217	1773	2146	2016	2262
254	435	3125	1194	2043	1473	1016	94	2787	2624	215	2192	1013	2364	1478	751	2408	2903	2970	166	1073	2924	2184	2880	2814	810	2926	80	1916	909	638	849	681	1107	361	2006	1741	307	1138	2850	877	1822	2773	3241	845	570	2856	426	3091	1407	434	2449	3012	3172	3210	473	2251	1849	559	552	3085	210	2806	458	588	2761	1896	2543	2977	1636	508	80	539	1465	326	1189	2207	1834	1613	597	1523
902	1115	3098	1228	646	297	161	995	1730	857	533	2173	966	3141	1544	3197	1738	350	2950	2484	1887	741	2165	1011	936	2651	2861	92	2206	1067	1852	2947	1811	2511	908	461	501	475	2393	894	2781	2916	1782	845	3241	2177	585	1779	1847	263	1425	1712	1602	736	2737	2015	1621	1746	2684	234	1440	80	3119	424	800	950	1654	1659	150	3129	1423	224	2339	978	1771	343	2717	209	1281	2774	671
2877	840	1698	2163	677	1932	2344	2619	2046	3081	2280	288	2282	2144	943	505	2375	1674	2041	3026	1124	452	1939	2932	2751	2007	1123	858	1879	941	1207	2073	683	2987	80	2875	2350	1398	720	1078	1927	450	2922	570	2177	3241	103	1386	1071	933	1713	2019	2844	2689	2230	102	2674	96	189	1528	1694	1244	1909	1241	1126	280	811	1015	2285	2029	2094	2827	363	2228	80	1125	1238	931	2526	2769	3070
2981	98	1116	2438	523	441	593	456	1504	442	752	2842	283	2990	2193	1814	783	113	2421	401	1985	1382	3225	1295	1929	976	1362	258	1702	1908	80	1076	2164	2460	594	1325	1951	1461	305	1515	865	2385	1460	2856	585	103	3241	174	2656	528	3043	2072	838	386	1334	1685	1432	1948	740	702	1131	118	2481	1433	155	2264	1305	1837	1643	352	762	1569	2031	1543	1222	988	384	1181	665	2578	1795
949	3127	2589	241	1524	1856	2297	2955	1420	2858	1257	3082	476	438	2857	757	3045	370	763	2039	1679	289	2577	1267	1393	80	1093	679	2872	3186	808	1050	2764	985	1925	1452	1593	2455	1802	892	309	2704	3121	426	1779	1386	174	3241	2261	2608	2575	1001	2944	3050	411	160	1030	1223	2397	1195	1571	3023	944	975	2378	939	2629	2522	996	80	2936	498	1655	1846	1442	303	1395	1672	1466	149	459
2803	1603	3034	3044	2133	1550	2733	2569	2976	669	748	362	120	2744	727	779	1417	969	123	2204	242	2823	2066	1988	1337	534	1882	2447	110	760	104	1791	1743	2564	2507	2876	106	2758	527	2254	1531	2691	1832	3091	1847	1071	2656	2261	3241	95	2596	145	1283	2462	2358	80	489	2182	1768	2810	3116	1390	606	2915	1875	2376	647	1077	1787	2745	1805	2454	2615	486	1481	1055	2611	2713	405	128	1575
419	3137	1799	667	1943	3185	1256	3104	1952	329	366	1019	3049	1625	2817	3162	1007	84	1611	1167	2367	2641	2081	1287	2100	3158	2896	2150	2935	3229	1568	805	3071	794	531	603	3088	2315	2739	80	795	369	778	1407	263	933	528	2608	95	3241	2607	1697	1300	3224	340	737	1969	2290	3000	2610	80	80	2234	1596	1749	986	2799	1589	2520	2974	2516	803	2732	367	3025	983	80	1402	1307	333	1139
1364	2659	3219	2680	1938	1641	866	2042	825	2590	1604	1381	2168	1185	1618	851	1339	375	80	2472	2836	782	1206	324	2583	151	488	2274	1363	260	761	1632	451	122	3189	604	2712	2284	358	2432	199	3040	2445	434	1425	1713	3043	2575	2596	2607	3241	1419	2245	3110	2250	860	1000	960	2638	1336	3072	2708	1216	328	540	1150	2591	2248	443	1187	80	1872	2335	2925	692	2480	2687	1248	3083	2322	1910
335	2993	143	3223	897	1800	1089	147	645	2067	822	814	1373	2711	2618	2677	1821	1454	162	2697	1982	1841	1941	339	101	1332	3144	3171	1453	724	1036	389	905	2201	1005	1174	1774	80	1936	342	2469	3076	80	2449	1712	2019	2072	1001	145	1697	1419	3241	154	1501	3096	1657	2912	1182	80	2694	395	700	994	500	1579	1285	236	1394	859	1162	3118	1619	1471	1564	974	2374	2342	3111	390	1280	3022
1112	2240	295	1480	1946	901	1205	1494	1645	2901	80	879	1217	3237	158	1719	1675	2533	269	2078	993	2157	1095	2412	1347	346	1766	177	1664	2122	1004	1113	80	137	1173	1551	1700	1660	1924	1271	2343	2075	2334	3012	1602	2844	838	2944	1283	1300	2245	154	3241	1995	2381	3164	2202	1033	598	2546	1620	673	2690	2859	3157	1275	1096	711	2017	2369	884	686	1492	1170	1134	2696	332	1728	1889	2995	2351
3153	1156	1052	2966	507	538	2592	3216	2960	1977	932	1329	2352	282	383	3016	1119	2188	2606	1104	2091	2509	2156	1661	2886	821	1514	745	181	2000	888	2501	1610	2058	516	1815	3192	1629	1051	2962	2158	2673	1954	3172	736	2689	386	3050	2462	3224	3110	1501	1995	3241	2581	904	3138	1561	281	3094	80	1014	1999	2461	2945	699	2199	374	80	355	1289	1239	91	3145	493	2299	1626	1230	1247	2580	1588
2180	569	2881	2535	2943	2486	1075	2268	436	1600	2178	349	824	129	1470	2427	1754	1784	131	2353	1902	2573	1475	611	3068	1540	3106	2601	2348	80	403	264	2660	1226	3226	1813	1552	1560	1826	2839	1149	2560	2763	3210	2737	2230	1334	411	2358	340	2250	3096	2381	2581	3241	2495	2738	2792	1405	521	992	2440	2946	2688	543	1526	989	2892	248	2772	2304	2191	545	1865	3109	1517	1953	1859	490	876	2149
2816	1046	179	2338	2726	2327	1617	1942	2005	2566	1178	2313	2700	1308	300	418	1208	2621	2483	1427	953	1597	913	3221	2010	607	2650	955	3029	1029	336	3054	526	2310	2224	2082	1326	744	1609	2671	391	2968	1507	473	2015	102	1685	160	80	737	860	1657	3164	904	2495	3241	1635	80	1790	491	1455	1186	2983	1255	2119	954	2118	453	1686	697	2815	771	2494	1180	1039	1333	190	80	3191	446	299
1249	2027	1863	3105	2380	964	3176	650	2998	591	2013	2145	1176	2972	1914	1151	183	80	571	1117	99	1726	2655	1469	1221	1860	997	1057	728	2783	2613	2521	2069	529	2831	2822	1980	1213	2004	668	536	940	639	2251	1621	2674	1432	1030	489	1969	1000	2912	2202	3138	2738	1635	3241	1537	112	3159	802	2582	2866	557	470	733	2347	1691	368	2181	279	2291	1755	1812	3048	3151	2171	1496	2404	1857	2103
1378	247	2918	3007	721	707	3156	1168	1987	1048	1874	2749	2336	2142	2604	2667	1850	518	929	3101	2064	465	2715	304	3206	316	457	237	2849	1020	482	216	1487	186	2349	1756	1810	509	830	2115	2323	2219	946	1849	1746	96	1948	1223	2182	2290	960	1182	1033	1561	2792	80	1537	3241	2186	203	165	790	3075	2129	130	1634	497	2453	2561	1259	1937	1204	1825	1032	80	255	1416	2766	917	1606	2499
2366	2686	1745	3122	1957	2382	320	548	2309	1801	492	80	1862	2714	2863	525	1547	1192	1576	1878	708	1179	1651	2037	2567	437	3031	1140	885	1724	2396	2906	1623	1193	2260	837	698	2161	2693	168	1133	3231	915	559	2684	189	740	2397	1768	3000	2638	80	598	281	1405	1790	112	2186	3241	1360	2927	2666	2215	841	3041	2695	3024	3112	1789	2770	1157	568	353	2065	3207	2942	1511	1666	1012	1088	816
1868	348	1563	1616	2422	1870	2356	2750	3236	2032	869	2923	2888	1848	2034	2242	2185	2904	1177	2062	2885	1529	1725	2833	3015	2910	377	2121	1024	2167	205	1197	1947	710	1385	2325	959	1598	517	80	408	468	1717	552	234	1528	702	1195	2810	2610	1336	2694	2546	3094	521	491	3159	203	1360	3241	2443	1506	2330	878	855	2864	1160	3004	3014	2479	372	1209	2756	1808	3148	827	546	176	2808	3130	1652
2426	330	3215	2679	1006	1422	2678	2463	809	2898	2008	322	1827	97	314	977	3166	469	117	359	1108	2305	3135	1406	2550	2401	1152	1671	2190	2437	3057	1497	2865	926	2208	1085	1928	144	376	294	2870	2917	2210	3085	1440	1694	1131	1571	3116	80	3072	395	1620	80	992	1455	802	165	2927	2443	3241	1591	238	1884	2588	2757	1350	1920	371	963	2559	239	90	2515	2143	861	2456	1233	848	1335	1971
3154	618	945	826	1153	1508	211	1290	1693	1389	3060	2820	2467	494	80	1366	341	796	1558	2548	1286	2502	80	2840	2513	261	1744	2584	1421	775	1656	2600	2377	3183	2996	1536	2504	1919	628	2362	2372	1840	2430	210	80	1244	118	3023	1390	80	2708	700	673	1014	2440	1186	2582	790	2666	1506	1591	3241	3126	1692	3027	1905	2752	483	768	777	3010	961	623	415	2958	786	3163	3134	2435	1570	882
868	1031	1556	2249	2036	1369	1367	306	742	2795	153	1282	1662	1035	1770	1520	1532	136	1687	823	1269	874	2574	1622	1120	773	1912	2648	1628	93	364	484	1220	2332	2026	80	1462	999	2847	738	80	1091	2801	2806	3119	1909	2481	944	606	2234	1216	994	2690	1999	2946	2983	2866	3075	2215	2330	238	3126	3241	275	140	1966	152	2475	445	1681	654	1061	935	455	1357	1670	80	968	116	2126	596
853	561	739	3011	3179	626	1727	2794	2183	448	1804	192	2487	3177	1042	1554	1059	218	1740	544	208	1303	1614	3198	615	1483	3200	1144	2434	1585	3167	1573	2458	799	2743	510	3196	785	804	466	80	2893	2414	458	424	1241	1433	975	2915	1596	328	500	2859	2461	2688	1255	557	2129	841	878	1884	1692	275	3241	2754	2997	3123	1053	2024	2819	793	1361	2937	2825	2768	1818	1299	1979	2316	2321	1891
105	80	967	2662	2784	1215	1595	3155	463	2213	3065	2523	2360	2938	2388	2961	572	1631	2496	2940	661	1658	2654	1624	2423	2788	819	2406	114	2510	2087	1512	2238	2139	321	1677	2311	410	3201	278	1917	2531	1317	588	800	1126	155	2378	1875	1749	540	1579	3157	2945	543	2119	470	130	3041	855	2588	3027	140	2754	3241	148	80	3006	2541	467	1274	663	1785	3209	193	1468	2873	2194	2410	413	660
1250	1962	3020	2826	2832	2074	2539	1099	2373	487	3218	3052	870	927	1155	2631	1327	2964	2980	1530	3234	1703	2909	925	2722	399	1714	1503	3161	2063	1354	1225	2277	87	1777	1412	80	3090	2829	225	2444	1094	478	2761	950	280	2264	939	2376	986	1150	1285	1275	699	1526	954	733	1634	2695	2864	2757	1905	1966	2997	148	3241	2720	934	535	616	881	3038	2395	2417	2117	1930	142	1240	1732	2517	387
1823	2371	3170	2225	1224	2746	3168	1027	1829	447	1559	1169	2428	323	1311	3067	2594	831	1449	80	1690	394	2830	1368	3047	1665	895	519	2647	182	1986	2928	2530	89	1143	2644	1582	2241	313	662	1199	554	1291	1896	1654	811	1305	2629	647	2799	2591	236	1096	2199	989	2118	2347	497	3024	1160	1350	2752	152	3123	80	2720	3241	230	1132	2222	619	2154	2403	2879	3055	80	1888	642	2425	1388	3063
2433	1323	1130	696	2929	2040	1136	3233	2468	1735	1998	1278	1265	928	1261	1330	914	229	1045	1439	714	2464	3030	2934	2811	1375	2953	1736	2931	2813	2994	1476	3095	3173	1145	3165	520	2845	690	80	1708	1565	630	2543	1659	1015	1837	2522	1077	1589	2248	1394	711	374	2892	453	1691	2453	3112	3004	1920	483	2475	1053	3006	934	230	3241	1313	1739	3009	1293	842	1765	357	180	1753	2979	3013	843	222
2418	1997	1748	1135	2941	589	2106	2894	1158	499	2889	817	2649	2159	2283	2954	2147	1747	3008	792	204	2645	2293	2120	2957	1284	1190	3139	2269	2400	3079	1488	1583	2719	1246	1845	1358	1319	2658	2891	2033	1242	1898	2977	150	2285	1643	996	1787	2520	443	859	2017	80	248	1686	368	2561	1789	3014	371	768	445	2024	2541	535	1132	1313	3241	1668	392	1723	3214	2424	2275	3128	747	3056	1535	2402	674
1867	2187	1960	551	1415	2975	3042	2630	1260	2318	2446	2709	3103	2544	2742	2002	712	971	1079	3131	1397	900	2084	2420	219	1992	1581	1676	80	3089	1092	1861	2243	1601	2162	1574	1973	1549	1608	3240	770	2416	2698	1636	3129	2029	352	80	2745	2974	1187	1162	2369	355	2772	697	2181	1259	2770	2479	963	777	1681	2819	467	616	2222	1739	1668	3241	1374	2218	2471	2077	1786	2276	2101	1043	1983	1638	2296
1098	1298	2576	1897	474	608	787	1351	1769	2278	1792	1981	1830	2220	188	1391	706	2314	2874	1040	2302	2562	506	2557	246	2735	2542	1991	2093	2148	3136	2558	2226	1105	2565	726	400	2023	1923	2834	3152	173	1320	508	1423	2094	762	2936	1805	2516	80	3118	884	1289	2304	2815	279	1937	1157	372	2559	3010	654	793	1274	881	619	3009	392	1374	3241	404	1759	1084	1408	432	3199	1219	80	1127	3211
1705	3147	1479	311	2138	2949	2060	1688	758	464	624	871	2113	854	1890	1028	1764	1243	1118	1680	1324	1699	337	767	2256	270	982	1066	973	1895	1647	1065	380	1072	2724	2670	1352	3036	575	1828	2108	2489	1751	80	224	2827	1569	498	2454	803	1872	1619	686	1239	2191	771	2291	1204	568	1209	239	961	1061	1361	663	3038	2154	1293	1723	2218	404	3241	2887	1165	1831	291	2441	880	2286	1557	1428
2050	2097	318	998	1171	1967	141	406	80	80	430	472	903	2905	378	1413	2003	634	3059	682	132	2363	134	2459	965	1321	2465	80	2030	613	1166	200	2109	250	2200	100	262	2231	226	651	83	1915	1026	539	2339	363	2031	1655	2615	2732	2335	1471	1492	91	545	2494	1755	1825	353	2756	90	623	935	2937	1785	2395	2403	842	3214	2471	1759	2887	3241	1184	3208	835	2317	2718	1058	1161	1499
1548	198	691	1513	1734	2095	2911	2196	2598	1684	2155	2620	3205	345	2605	2439	317	2135	1111	1268	1873	1958	2789	731	2044	439	1200	1722	1279	2104	2593	2537	1794	2341	886	1869	2775	907	80	1456	2804	1331	2436	1465	978	2228	1543	1846	486	367	2925	1564	1170	3145	1865	1180	1812	1032	2065	1808	2515	415	455	2825	3209	2417	2879	1765	2424	2077	1084	1165	1184	3241	620	2083	2001	171	3053	1018	80
1667	256	587	287	863	2553	2048	2882	1709	433	2982	962	864	806	2301	2796	191	2628	2642	1545	3107	107	197	1355	1970	2952	1866	80	1633	1704	601	722	1477	2116	1252	2308	184	3084	566	1097	381	2518	1539	326	1771	80	1222	1442	1481	3025	692	974	1134	493	3109	1039	3048	80	3207	3148	2143	2958	1357	2768	193	2117	3055	357	2275	1786	1408	1831	3208	620	3241	2508	2102	784	1592	259	3204
1214	2723	1820	271	1359	1446	1493	1711	356	286	1901	627	2657	2500	1926	2786	1921	2805	2969	2547	1642	3212	622	2632	2846	2070	1899	942	1505	2383	1793	2035	398	2295	890	1392	1742	2848	462	417	2669	2092	2415	1189	343	1125	988	303	1055	983	2480	2374	2696	2299	1517	1333	3151	255	2942	827	861	786	1670	1818	1468	1930	80	180	3128	2276	432	291	835	2083	2508	3241	2762	1401	558	2730	2169
867	385	1605	2110	308	2370	1054	1761	1003	847	2528	1584	2616	2780	2586	1301	3175	80	2450	2368	85	2491	1974	1648	187	755	1343	319	285	2534	1956	2292	2778	3087	1441	1644	2899	629	2614	1263	1972	272	217	2207	2717	1238	384	1395	2611	80	2687	2342	332	1626	1953	190	2171	1416	1511	546	2456	3163	80	1299	2873	142	1888	1753	747	2101	3199	2441	2317	2001	2102	2762	3241	253	3202	664	979
1090	185	2843	416	1904	1639	2951	480	555	2599	3017	1277	753	347	2675	1844	672	3062	2128	1444	750	2345	2049	781	765	1474	3092	2482	1935	3100	832	227	3064	2223	1763	1083	1082	704	1781	245	1410	1183	1773	1834	209	931	1181	1672	2713	1402	1248	3111	1728	1230	1859	80	1496	2766	1666	176	1233	3134	968	1979	2194	1240	642	2979	3056	1043	1219	880	2718	171	784	1401	253	3241	1772	2131	1403
2681	1396	252	231	1191	440	2195	2452	2174	3160	1894	3232	818	1232	1911	2503	515	2852	207	80	643	1989	1129	637	2973	1128	2055	2956	1081	2300	1594	2978	80	2490	1196	2051	1087	1669	1807	1379	2111	653	2146	1613	1281	2526	665	1466	405	1307	3083	390	1889	1247	490	3191	2404	917	1012	2808	848	2435	116	2316	2410	1732	2425	3013	1535	1983	80	2286	1058	3053	1592	558	3202	1772	3241	1842	196
396	1310	407	80	301	3194	578	2871	1447	2239	1586	2555	2025	564	2514	1060	2409	670	990	2038	1836	717	1871	512	1445	1064	2837	1458	1254	3217	2663	2716	846	2056	1164	2057	1296	2540	1976	798	1955	3066	2016	597	2774	2769	2578	149	128	333	2322	1280	2995	2580	876	446	1857	1606	1088	3130	1335	1570	2126	2321	413	2517	1388	843	2402	1638	1127	1557	1161	1018	259	2730	664	2131	1842	3241	2860
2736	1640	1009	1434	2326	834	1720	1534	2685	2080	1553	1345	228	3058	573	584	2838	1729	2725	2407	80	2141	2359	1637	146	3035	3093	592	1266	2189	2897	764	3032	910	2867	360	1399	2907	2753	388	2653	1706	2262	1523	671	3070	1795	459	1575	1139	1910	3022	2351	1588	2149	299	2103	2499	816	1652	1971	882	596	1891	660	387	3063	222	674	2296	3211	1428	1499	80	3204	2169	979	1403	196	2860	3241
