5051	2806	2437	3533	2009	2576	4607	912	2680	4964	2821	1101	3643	1541	1996	4954	4528	1610	1231	4411	2066	102	3361	4208	3318	3349	1663	2830	2925	4467	1964	4255	4537	1178	3095	992	4006	2912	4960	4134	2264	3914	4823	948	4159	3444	1793	2116	3981	3653	3732	4915	4538	3538	4286	1055	1072	100	2721	2148	177	3989	2893	4667	100	2797	3500	4603	4379	1469	4450	514	581	1712	979	945	2030	4571	1628	1726	2231	3837	1091	1953	4504	798	836	4996	1123	241	875	1682	1510	3040	206	4657	1085	1038	2621	3876	2531
2806	5051	2237	3398	422	324	516	4056	2876	1264	2916	3781	685	1013	4357	1691	4845	2748	2971	3226	3065	1772	3743	3502	666	1784	445	991	791	4315	3890	1696	621	3565	4928	2549	605	4906	3880	2029	832	4972	4259	4793	3954	3809	4851	958	2188	1138	2602	2946	3616	2927	2204	3400	4436	2641	2956	4033	4787	2767	1537	1874	4442	1283	4987	3540	1710	794	3011	2759	4712	1999	2864	100	315	4670	3063	1686	727	2485	845	1813	4609	1576	3300	1500	3816	1920	1273	4028	1484	4128	650	4440	1065	2497	2373	3092	1613
2437	2237	5051	1702	569	3812	4583	1227	406	4601	3067	225	2371	3501	637	3249	2799	2422	3052	408	4014	859	250	1489	3948	405	251	4402	3839	1342	2033	1707	4340	4015	1187	2144	1477	1899	3017	708	314	615	2921	3197	3905	3242	3027	3341	2703	209	3139	1814	3650	4063	3793	1886	4397	3000	2957	4229	803	4582	2077	1011	3451	4632	1199	2172	4019	396	2519	1418	307	392	3849	3111	4359	100	4927	1341	1426	557	3103	3458	1144	4215	4654	4361	1400	1708	208	597	3599	812	3411	3871	2994	4108	849	1479	1406
3533	3398	1702	5051	1205	3321	669	3753	3513	3961	3495	3919	4891	403	4586	3365	4197	2990	2049	4395	2166	1854	2614	681	2640	1630	2839	1092	100	3659	648	4000	658	361	354	3834	4017	311	100	1759	1200	2473	1365	2709	696	3164	1649	2418	4496	2509	2457	2400	649	2035	851	2771	789	1377	4646	1777	2689	4059	1768	3474	1927	279	1975	792	2663	3465	2126	215	2182	3835	4096	4265	3751	3443	1256	2124	4944	3348	2512	3015	1977	509	3509	1337	2782	1003	3035	204	1504	4749	1508	2983	3857	643	2267	5001	184
2009	422	569	1205	5051	3915	1470	3271	3428	2006	1387	4426	4110	4868	4092	1781	2650	4353	496	2074	2801	4879	2878	1357	3158	1894	3546	2241	1941	881	3090	442	4137	538	3235	1483	441	171	4456	4457	2052	2280	1567	435	3080	1513	3601	499	4873	644	470	2581	2193	2334	3562	3516	3436	3874	4631	1393	4191	252	2796	2755	1554	2880	2960	1688	957	100	3917	3028	270	784	195	874	1425	4242	1971	5014	2197	436	3825	4551	1104	1389	1512	3577	1385	1836	718	1114	3413	3836	221	5037	2919	2246	1506	1608	4799
2576	324	3812	3321	3915	5051	4535	4703	3391	2688	4091	168	1260	1154	2409	3945	1995	2140	834	4859	1520	829	668	1911	2377	427	1192	1582	4770	3968	1056	4527	2913	2815	2522	1864	2540	1372	457	865	4135	359	3364	132	210	3278	3818	2329	1195	4697	3611	1774	1998	2162	1046	3007	1330	923	410	4433	3012	4284	4331	1238	2829	751	999	1561	716	1262	1420	2608	1651	3231	2308	2538	3964	356	913	4491	3141	4923	919	3367	100	3950	3389	884	3503	633	3070	3858	4336	108	2401	659	2544	2691	3505	4936	3109
4607	516	4583	669	1470	4535	5051	4009	4802	2620	1334	889	2015	1390	4016	3142	3058	2546	3799	1494	2910	4321	1647	2647	2678	1451	3129	1224	3937	2333	4871	2314	2504	1598	4279	1034	240	100	4833	779	3697	1572	327	588	247	2636	103	1258	5027	2094	100	3233	4755	1301	4533	4828	2073	1307	2340	342	981	671	3331	4575	124	1670	3160	2168	3179	3900	1304	1783	4148	506	2378	4857	3479	4127	2618	302	2516	1861	4540	967	278	4274	3210	4026	4207	3023	172	915	914	700	3356	2234	1619	3060	2711	4025	1578
912	4056	1227	3753	3271	4703	4009	5051	4087	3207	3225	1358	2555	3828	100	795	1635	3663	3497	4404	4288	1516	4998	100	1241	1128	672	1097	2763	2257	2803	3390	1165	426	4827	4837	544	2163	2528	1421	548	1308	1986	1380	559	2674	1043	3255	2026	1661	2494	1985	1075	4007	1246	4843	2646	1285	4942	200	1348	3187	227	3302	3716	2372	1394	619	4652	1414	1378	3985	3820	257	1413	3044	2093	100	1419	1416	100	2394	156	4217	3424	1053	2258	3938	4227	4445	4071	3004	4100	4131	4952	2733	3789	4153	1767	4333	3863
2680	2876	406	3513	3428	3391	4802	4087	5051	2399	1257	3891	1505	3921	4669	3360	3192	1105	2158	4608	4826	2617	3722	3607	2363	4671	1963	3266	100	2935	640	3240	4515	5035	368	883	3419	618	2493	2909	4392	4576	334	664	486	4503	452	4548	975	4414	2972	2294	1064	2209	390	4089	4501	936	879	397	2139	830	2196	1586	100	2417	1188	3711	3608	721	2436	3641	1507	4345	2753	3202	4085	4622	4585	2831	4739	1878	500	4410	4790	2022	802	2475	3696	4043	4991	1020	4740	1339	814	3294	2297	4482	1976	4077	4937
4964	1264	4601	3961	2006	2688	2620	3207	2399	5051	3587	848	2291	2392	1058	2122	3853	4969	1047	1620	2585	1918	3655	3906	3714	2458	3108	100	2170	503	1223	4417	226	2645	4963	3600	1824	1896	4733	932	635	2239	213	447	4295	305	4531	3326	485	4709	2069	3138	3576	1660	4339	1852	1983	1289	1823	4550	2164	1356	1317	4615	2370	4371	1460	373	1488	3713	2619	761	2354	2727	4610	1209	4023	1322	870	2307	2415	197	2154	3001	4820	5042	3441	4552	1981	1968	888	1930	2835	864	2863	1705	5032	2259	3156	1422	1703
2821	2916	3067	3495	1387	4091	1334	3225	1257	3587	5051	4216	344	4694	2352	4614	3671	4933	686	1818	2600	4855	3118	4409	3557	3031	3620	2087	3763	100	3889	3518	1349	2315	3804	1860	495	141	3071	4525	3998	3021	2529	4870	2885	3877	3009	409	207	1807	1962	575	2429	1007	2819	3790	1259	4737	459	100	4903	5031	4301	2490	4342	2369	228	462	3290	591	1113	2288	4945	3128	624	2979	1295	4161	2434	2465	1515	384	2071	2252	3603	4759	808	2351	1014	1291	518	2813	3923	3196	987	180	562	2481	2332	440	1547
1101	3781	225	3919	4426	168	889	1358	3891	848	4216	5051	2846	4224	163	4779	3542	371	145	3977	2356	785	2537	582	972	4399	393	1830	2338	2710	4708	4021	3473	933	1709	2675	3936	837	2403	4486	4058	3433	2343	3195	1606	4246	1215	2221	100	4982	2955	1531	4993	296	2128	1842	3104	2127	2690	1906	4555	4664	4169	100	3089	3541	244	4225	1747	4384	3047	1535	928	4573	3200	2024	783	2342	3746	1938	2489	2174	3967	2866	3153	4546	1831	1797	4990	1029	3438	1532	3558	2658	4001	3515	1042	3214	379	3613	3098
3643	685	2371	4891	4110	1260	2015	2555	1505	2291	344	2846	5051	1609	4794	2575	3439	3975	2698	100	1819	4729	424	3157	1443	2852	1984	293	2265	167	1556	3126	1782	931	4424	2908	1197	4714	2027	1268	100	1249	4020	1683	2726	4510	4844	3492	4285	1359	5019	1875	2269	616	1826	4293	4260	670	2774	2048	346	970	120	4211	1150	1121	1433	2050	2119	1959	2367	806	3467	1088	1634	1392	4988	1228	3884	2511	2432	1093	3140	645	1900	1540	1028	2086	1602	4676	2967	4753	3590	3324	3008	3485	3735	4103	3333	2242	1597
1541	1013	3501	403	4868	1154	1390	3828	3921	2392	4694	4224	1609	5051	2219	687	2383	4648	1982	3928	3282	1568	2141	2016	1191	3840	3795	1792	4592	973	1067	2446	104	1491	3427	1084	3543	4360	4209	3042	100	4448	1184	4223	4443	491	4049	4507	1111	1270	2515	4888	1294	412	3801	114	3519	136	2598	3076	3870	3627	4572	182	2551	4328	1795	100	4300	4522	2175	3581	880	2082	2463	1158	1728	3117	604	2149	3322	3673	1827	3731	1595	364	4840	4365	300	1890	3019	3482	729	2824	443	4064	357	1490	2111	2731	1244
1996	4357	637	4586	4092	2409	4016	100	4669	1058	2352	163	4794	2219	5051	2673	1644	2850	714	2317	1376	1226	2302	1033	1234	456	2426	1519	1994	1589	4529	2879	1310	1887	229	2854	4775	2911	1364	3425	2245	4468	1587	2366	891	766	3739	3463	1331	3251	389	3718	2526	3432	694	100	1292	4483	841	3621	4965	1208	3777	1637	353	2943	1137	793	4245	4060	4606	1300	4462	352	3766	4597	260	183	715	1272	1159	4864	2283	3287	3606	3106	4057	1967	3234	3813	550	3901	2981	1281	3429	1455	2471	3996	135	4674	1536
4954	1691	3249	3365	1781	3945	3142	795	3360	2122	4614	4779	2575	687	2673	5051	348	3986	3700	1611	4853	887	261	2661	1596	3560	976	4878	3422	243	4813	4024	155	4261	4617	3846	4810	3228	417	1805	4618	2941	3749	1993	2635	3666	2757	3631	2648	1803	2525	1437	2014	4865	986	2651	3642	3149	1642	1054	3982	989	4644	4038	657	1480	2890	4156	4189	4471	1473	858	3822	943	1381	3800	3399	4500	553	532	2396	4553	1692	3330	2904	543	1853	3328	4157	2611	1789	2671	752	1168	100	1120	2761	4308	303	4072	1843
4528	4845	2799	4197	2650	1995	3058	1635	3192	3853	3671	3542	3439	2383	1644	348	5051	2270	4341	2596	3688	1699	3926	944	1944	1253	983	3778	2889	4854	175	1685	308	2118	942	3018	1872	187	1263	2895	4792	2345	347	3564	2200	4526	1498	4829	3736	2171	1438	2296	3544	3738	3551	3764	3437	4196	1444	963	679	683	995	100	2800	1765	4637	926	3691	2513	3690	3261	642	1360	1629	3567	1552	450	2802	4358	4564	3146	170	2568	713	3286	639	4219	954	894	4593	1401	4441	2109	1662	3237	489	202	782	3920	1794
1610	2748	2422	2990	4353	2140	2546	3663	1105	4969	4933	371	3975	4648	2850	3986	2270	5051	3946	3337	4013	2324	771	4022	3798	3724	3038	1240	3404	3043	3537	3898	3151	5008	2384	3123	3725	2095	4702	176	828	2589	5022	1954	4986	589	2104	1624	904	2316	4132	2043	4976	3454	2328	1148	2754	3949	1206	4472	2665	100	900	100	479	667	1551	2286	2776	4684	2746	118	2945	2694	4350	1974	2634	1063	2228	1677	4856	1867	2464	2932	2672	876	448	4741	1742	2826	2744	1048	3572	1350	1318	3594	703	873	2108	4407	143
1231	2971	3052	2049	496	834	3799	3497	2158	1047	686	145	2698	1982	714	3700	4341	3946	5051	2942	3280	2379	4809	2037	652	4093	488	2832	2805	2630	623	3166	1030	1761	4124	1865	4683	853	3754	1892	1615	1951	100	2344	4910	744	473	2195	4041	4641	3755	2368	4875	3851	5048	4734	2103	3030	1603	493	2520	745	3452	1201	1945	1719	2096	3979	100	100	4204	871	3561	199	3335	1885	984	455	1466	173	2275	1175	978	4918	3734	1503	743	1156	3083	4645	2486	119	100	4129	318	1658	1109	3894	2220	1667	1580
4411	3226	408	4395	2074	4859	1494	4404	4608	1620	1818	3977	100	3928	2317	1611	2596	3337	2942	5051	2468	401	4955	2251	4180	2132	1312	258	1015	4297	391	2477	1992	1172	3279	3756	4252	1776	4428	878	886	3630	1893	3563	665	985	1847	1749	2870	4819	2810	1267	1458	3796	336	3385	2868	3476	4705	3414	4916	3125	1680	2034	2907	4474	100	593	826	770	3662	3406	1558	1868	4238	1325	4835	414	3775	3137	239	2157	1912	4032	4213	1442	3440	3679	3152	2591	563	3224	799	2605	1131	3350	4567	3757	1243	4349	1151
2066	3065	4014	2166	2801	1520	2910	4288	4826	2585	2600	2356	1819	3282	1376	4853	3688	4013	3280	2468	5051	4600	2459	4214	4066	4139	2253	1743	4102	3223	599	381	756	100	1232	3929	3105	2848	4796	2999	579	4821	1204	1901	4239	1353	3353	2928	1346	3636	4946	1080	1355	1407	3054	3592	2770	3974	3999	3665	1779	3508	4269	2502	4420	2881	4143	5050	294	2454	100	100	4836	2304	487	1202	2954	897	1862	2276	4599	165	205	4867	4313	245	1822	2642	4707	4263	100	1495	4894	4524	4909	2023	4967	4789	1588	2255	4475
102	1772	859	1854	4879	829	4321	1516	2617	1918	4855	785	4729	1568	1226	887	1699	2324	2379	401	4600	5051	433	4913	4589	2099	1493	2822	1833	383	4355	1730	3980	3860	3759	3265	609	2092	3213	2202	242	4415	704	1450	449	1079	2461	680	1135	1950	2117	2631	3055	4075	4817	2556	1769	1871	122	1866	139	2167	1361	4106	2298	4206	4338	2155	100	2482	1140	398	137	3698	840	1639	477	4880	1701	2536	3873	3831	4877	737	4347	2623	1237	712	1124	4688	4175	4270	4042	1410	1997	3669	2090	1242	513	3382	2632
3361	3743	250	2614	2878	668	1647	4998	3722	3655	3118	2537	424	2141	2302	261	3926	771	4809	4955	2459	433	5051	3802	1203	100	990	3112	2189	1019	3186	211	2472	690	3088	387	4173	4306	4425	1722	1844	2476	1845	3431	2060	3783	4378	5036	2075	3345	2380	2306	4831	100	2541	4545	2780	3016	1668	742	3517	4403	402	4807	150	2207	2785	510	2687	4677	1269	4850	3805	3461	2165	4177	4668	1926	1023	2871	3645	2894	1141	892	148	4405	4074	1436	1434	4815	2510	682	2580	2336	539	4122	3381	4760	4849	705	3462
4208	3502	1489	681	1357	1911	2647	100	3607	3906	4409	582	3157	2016	1033	2661	944	4022	2037	2251	4214	4913	3802	5051	4154	1134	775	3256	2083	2410	572	2045	2968	750	3943	711	4943	376	1077	2419	1746	1811	4886	3680	1388	2992	2936	1031	4692	100	2923	3927	787	3782	1382	2638	4962	469	291	1936	4317	5026	3966	4772	4416	100	3393	431	2905	1574	877	634	100	444	777	2626	3416	545	4633	3273	731	759	113	3707	100	1032	3022	1157	2886	4511	3243	910	4325	4086	2151	5013	4647	2825	3706	2210	4781
3318	666	3948	2640	3158	2377	2678	1241	2363	3714	3557	972	1443	1191	1234	1596	1944	3798	652	4180	4066	4589	1203	4154	5051	2867	4690	2133	1115	4449	4971	1293	369	1136	2779	2552	4804	2547	1614	719	4249	1018	4497	1139	4164	3548	1386	631	3024	533	4639	423	301	3470	2076	3370	4283	869	1897	1858	306	2059	1423	1487	641	4318	2398	754	421	3252	4220	753	1290	4199	100	3573	362	773	3323	2644	2388	2456	1161	1044	2951	903	2411	1005	2655	3862	222	1548	2279	2543	962	3553	4256	3566	2989	374	3169
3349	1784	405	1630	1894	427	1451	1128	4671	2458	3031	4399	2852	3840	456	3560	1253	3724	4093	2132	4139	2099	100	1134	2867	5051	386	465	2408	2505	1857	4158	2374	1062	547	2223	3464	2964	2053	164	1119	1086	2686	3604	3887	4653	3635	1757	1468	1891	2402	4303	4920	4185	998	2309	100	3776	4391	1832	4838	366	1098	1142	248	2840	4490	4094	2959	2110	4275	246	697	1618	1717	4389	1435	3699	1297	2724	1621	2322	2089	1467	466	3311	1990	3101	232	3238	4192	100	223	5002	1883	360	3493	574	4176	3993	720
1663	445	251	2839	3546	1192	3129	672	1963	3108	3620	393	1984	3795	2426	976	983	3038	488	1312	2253	1493	990	775	4690	386	5051	3712	2136	778	2783	3742	523	3189	4354	762	4010	2962	3262	2483	1539	2405	4735	4866	2573	2752	4081	2169	3276	3194	2838	4401	2469	702	121	1090	4757	100	2268	2883	101	2657	451	1659	1678	411	4369	272	4659	4251	3376	3408	484	2735	693	2284	1040	655	2272	3852	1848	4941	3992	1778	1076	4981	1193	2020	3717	1319	2337	1395	2449	587	2855	2903	464	1577	3387	3066	290
2830	991	4402	1092	2241	1582	1224	1097	3266	100	2087	1830	293	1792	1519	4878	3778	1240	2832	258	1743	2822	3112	3256	2133	465	3712	5051	4719	1786	3315	4271	1167	3708	2820	4711	100	4970	4479	3830	2025	3686	3177	365	2530	2902	1288	3855	551	2718	4419	343	3209	4724	3520	3081	2010	2222	1082	4150	4125	2301	3130	3614	4221	2833	4518	1633	3199	4686	1126	2098	1863	100	3313	2712	2156	1327	4362	5039	1057	3701	2183	3078	271	2067	3844	4073	930	2607	4814	4663	1840	3970	3418	935	3826	2980	541	3569	917
2925	791	3839	100	1941	4770	3937	2763	100	2170	3763	2338	2265	4592	1994	3422	2889	3404	2805	1015	4102	1833	2189	2083	1115	2408	2136	4719	5051	4723	1895	1016	2570	2725	1087	100	1837	3868	2386	528	2201	4412	3940	2595	1754	2375	2065	3536	4745	2474	556	1369	1889	4650	736	1266	815	2282	811	1725	4174	4460	3395	2696	4925	283	1640	1880	2877	3155	284	2385	580	4432	1641	4983	790	2523	100	1766	254	4030	281	2699	2414	3159	4598	1511	819	3639	3145	3188	3942	3371	844	4179	701	4666	289	3359	1800
4467	4315	1342	3659	881	3968	2333	2257	2935	503	100	2710	167	973	1589	243	4854	3043	2630	4297	3223	383	1019	2410	4449	2505	778	1786	4723	5051	2736	2786	2841	2729	4235	937	3693	3215	5009	4805	460	4099	758	780	4431	3761	2131	2423	404	1279	5043	534	3521	3896	1302	4558	3654	607	475	2582	4489	4257	2901	4167	3646	483	1405	1973	4521	1553	4481	1791	2130	1439	2732	1143	2438	4638	1036	3827	2395	1155	3649	2940	856	4101	2533	1254	3100	2660	1107	653	3116	1236	2216	4687	739	4464	100	2969	297
1964	3890	2033	648	3090	1056	4871	2803	640	1223	3889	4708	1556	1067	4529	4813	175	3537	623	391	599	4355	3186	572	4971	1857	2783	3315	1895	2736	5051	3806	1311	312	1396	1566	275	3972	3005	4203	1732	3245	3010	590	1733	2233	4940	1917	4695	4750	1625	1815	2742	100	5040	1384	415	498	4212	1579	100	1391	1929	2365	2683	4956	151	3378	738	214	1806	1623	4922	3845	1472	3457	820	1877	1601	2985	1189	3808	4731	3838	1884	768	4720	1213	2794	231	3327	911	1715	267	335	288	3748	1286	1925	1573	2430
4255	1696	1707	4000	442	4527	2314	3390	3240	4417	3518	4021	3126	2446	2879	4024	1685	3898	3166	2477	381	1730	211	2045	1293	4158	3742	4271	1016	2786	3806	5051	4120	4595	1909	4881	786	4751	710	2998	190	1412	4376	2587	3430	100	4642	4377	4762	131	2138	4530	1037	2624	3554	1176	3941	2349	100	994	237	3221	2653	4892	2184	3281	1453	1704	3246	4861	953	4011	2063	1617	2849	3491	3955	3752	4968	617	1923	1780	3096	3841	3535	350	4413	3730	4791	831	2542	1344	341	2963	2817	3682	3445	3490	4699	4626	3329
4537	621	4340	658	4137	2913	2504	1165	4515	226	1349	3473	1782	104	1310	155	308	3151	1030	1992	756	3980	2472	2968	369	2374	523	1167	2570	2841	1311	4120	5051	4088	2859	747	4109	2714	3308	2135	1796	1740	4795	3248	748	2987	4453	1354	3598	1940	3420	2811	3336	1230	4117	1694	4951	329	4896	2323	576	2105	2772	542	3740	772	3994	2072	726	2420	2858	3854	1427	2812	189	613	568	3794	3539	105	596	2738	850	4696	1379	100	4899	3821	2040	4570	1700	1648	4661	2180	1671	3316	1913	4948	4629	3632	3488
1178	3565	4015	361	538	2815	1598	426	5035	2645	2315	933	931	1491	1887	4261	2118	5008	1761	1172	100	3860	690	750	1136	1062	3189	3708	2725	2729	312	4595	4088	5051	1162	4266	4766	1052	2198	4882	4672	3099	4612	776	4727	1352	1133	5012	1904	1643	4788	3181	4069	1653	4323	1876	4588	4738	1946	4897	728	4052	4344	2584	3338	3046	4930	2112	2376	3530	3263	2249	4862	1147	3449	4556	400	309	416	4111	1724	3807	4704	1245	4241	1645	2192	1559	2554	4070	3041	1096	2532	2350	517	4958	100	3383	1972	1980	1656
3095	4928	1187	354	3235	2522	4279	4827	368	4963	3804	1709	4424	3427	229	4617	942	2384	4124	3279	1232	3759	3088	3943	2779	547	4354	2820	1087	4235	1396	1909	2859	1162	5051	4605	3026	3570	1695	2357	1716	3037	233	586	2313	1464	1636	763	5015	3229	939	3911	2262	1321	1170	3244	2715	5004	4133	4005	833	1408	468	100	2975	3093	2506	218	2558	2229	419	4168	1452	592	1735	2232	2944	614	5000	3220	3528	2057	2194	3045	331	4630	3442	4957	4123	3426	2444	196	4698	899	1457	1196	2387	5006	2281	997	100
992	2549	2144	3834	1483	1864	1034	4837	883	3600	1860	2675	2908	1084	2854	3846	3018	3123	1865	3756	3929	3265	387	711	2552	2223	762	4711	100	937	1566	4881	747	4266	4605	5051	3113	425	1050	3550	3944	4902	1741	4584	1010	3960	3423	2984	1299	2569	3675	741	1070	3253	3532	3480	3132	3629	4520	1575	4995	3176	2518	2143	304	2088	3670	531	3363	2299	3494	2937	3272	4889	3375	1314	3270	4914	2745	4816	4095	1305	3295	734	956	3674	4068	1870	620	4905	988	4566	129	2161	2244	4408	1770	3472	1745	4198	3930
4006	605	1477	4017	441	2540	240	544	3419	1824	495	3936	1197	3543	4775	4810	1872	3725	4683	4252	3105	609	4173	4943	4804	3464	4010	100	1837	3693	275	786	4109	4766	3026	3113	5051	100	382	4045	2055	2762	2146	2062	2123	3584	3309	4065	3602	238	3779	4616	188	4747	3277	1934	3848	4046	4722	3586	3134	3767	4140	1248	5033	515	1881	3791	3660	480	4078	725	2036	1616	1229	1298	4329	2500	838	1679	2982	4236	191	2566	2740	4798	2973	235	1928	1652	2891	1849	3296	4126	3319	123	2756	4055	1027	3973	3879
2912	4906	1899	311	171	1372	100	2163	618	1896	141	837	4714	4360	2911	3228	187	2095	853	1776	2848	2092	4306	376	2547	2964	2962	4970	3868	3215	3972	4751	2714	1052	3570	425	100	5051	2056	1440	1856	4876	4435	4721	4651	626	2360	1153	2695	497	1332	2318	1211	676	2722	2364	438	2933	1591	3077	110	1693	3656	1543	1166	4018	4736	4581	5046	3571	2667	1039	4036	2517	3622	2261	1265	282	234	2501	4578	2478	558	255	1250	1004	3918	4655	2248	5021	4579	1306	125	2017	3347	916	629	2320	908	1326	3119
4960	3880	3017	100	4456	457	4833	2528	2493	4733	3071	2403	2027	4209	1364	417	1263	4702	3754	4428	4796	3213	4425	1077	1614	2053	3262	4479	2386	5009	3005	710	3308	2198	1695	1050	382	2056	5051	4842	1675	1873	2361	3182	1903	161	4869	4846	2470	3471	3062	2906	1841	941	3552	117	2633	2843	2407	1738	2173	4713	2277	2836	2966	1563	295	2616	4145	3617	4368	1546	3765	809	3881	2078	4623	4273	4390	2115	1538	1371	1931	3678	3895	1698	100	3124	3784	2730	1564	2273	4549	946	100	3512	2211	3136	964	5018	1521
4134	2029	708	1759	4457	865	779	1421	2909	932	4525	4486	1268	3042	3425	1805	2895	176	1892	878	2999	2202	1722	2419	719	164	2483	3830	528	4805	4203	2998	2135	4882	2357	3550	4045	1440	4842	5051	160	4346	1362	860	4228	4458	3593	3692	3051	4997	1471	2097	530	1009	846	535	2603	3526	253	458	3374	1343	1432	2019	1690	1492	746	628	3589	861	2924	4934	265	2728	3487	3978	2147	3029	2749	2285	1599	3087	507	3048	453	4184	3990	1287	2572	413	100	4771	2872	2534	1592	4337	4847	100	4786	2628	3486
2264	832	314	1200	2052	4135	3697	548	4392	635	3998	4058	100	100	2245	4618	4792	828	1615	886	579	242	1844	1746	4249	1119	1539	2025	2201	460	1732	190	1796	4672	1716	3944	2055	1856	1675	160	5051	1180	2498	2508	142	4625	2917	179	3997	2949	1914	1089	1129	3396	1657	2479	2823	2208	2018	4890	1921	3459	4104	2381	5029	2704	5045	2310	1194	1785	2451	4205	3829	1684	2187	5034	1755	4282	1524	1672	4863	1430	3392	1979	595	3912	1939	4466	2028	502	2775	4885	4226	4422	4706	3059	2003	529	504	2247	675
3914	4972	615	2473	2280	359	1572	1308	4576	2239	3021	3433	1249	4448	4468	2941	2345	2589	1951	3630	4821	4415	2476	1811	1018	1086	2405	3686	4412	4099	3245	1412	1740	3099	3037	4902	2762	4876	1873	4346	1180	5051	5038	2214	3292	3689	882	249	1183	1846	3148	4565	4396	2289	1474	3456	1106	625	2496	2545	4116	333	4580	577	2701	100	4144	339	4090	2503	3421	3728	1367	4051	1095	4400	3291	1130	4119	3681	3814	4536	2577	866	4181	2606	5003	907	330	1721	3131	2085	3481	1320	1744	3951	4728	1313	1817	3185	3453
4823	4259	2921	1365	1567	3364	327	1986	334	213	2529	2343	4020	1184	1587	3749	347	5022	100	1893	1204	704	1845	4886	4497	2686	4735	3177	3940	758	3010	4376	4795	4612	233	1741	2146	4435	2361	1362	2498	5038	5051	3394	3143	4680	4979	216	1368	603	277	2764	1570	2791	4302	3924	3211	3815	4465	2988	4247	3069	4115	3750	2353	4980	2000	1713	3219	1108	1278	2684	4280	2001	1454	2013	3268	3957	3935	262	3580	3726	1397	4382	3227	474	4744	4459	3916	100	4304	3412	1441	1185	2160	4544	2341	560	4822	1125	698
948	4793	3197	2709	435	132	588	1380	664	447	4870	3195	1683	4223	2366	1993	3564	1954	2344	3563	1901	1450	3431	3680	1139	3604	4866	365	2595	780	590	2587	3248	776	586	4584	2062	4721	3182	860	2508	2214	3394	5051	2599	399	1687	4267	1073	993	2431	1752	3664	1545	922	961	3676	4568	1060	1118	351	1737	1324	3579	4860	4984	2666	2668	3147	1905	3787	134	4277	3306	3507	520	3885	1001	3747	3969	2560	1501	1706	4658	4800	3899	1074	1347	1711	2692	2991	100	805	810	446	3340	3715	420	3165	3652	2012
4159	3954	3905	696	3080	210	247	559	486	4295	2885	1606	2726	4443	891	2635	2200	4986	4910	665	4239	449	2060	1388	4164	3887	2573	2530	1754	4431	1733	3430	748	4727	2313	1010	2123	4651	1903	4228	142	3292	3143	2599	5051	1922	2948	4231	5005	3769	4291	100	1612	2808	4665	3549	2884	2865	276	328	2875	1066	781	3506	4149	4768	3314	4754	2416	2958	627	862	100	4272	2205	3637	4506	2153	201	316	622	822	1481	1351	3651	181	1069	1499	1665	4691	3415	2499	2442	3745	2652	3020	4780	1821	1025	4505	2778
3444	3809	3242	3164	1513	3278	2636	2674	4503	305	3877	4246	4510	491	766	3666	4526	589	744	985	1353	1079	3783	2992	3548	4653	2752	2902	2375	3761	2233	100	2987	1352	1464	3960	3584	626	161	4458	4625	3689	4680	399	1922	5051	4421	4543	2042	608	2795	3648	1869	5011	3198	4343	2717	3864	1879	855	1198	1804	2996	4130	2604	2256	3358	2553	863	3122	4438	4312	4774	4230	3668	3410	749	1207	924	4427	471	1758	2335	4434	3447	4752	854	1277	920	4183	3534	3504	4812	2114	2005	2100	827	380	2874	3833	905
1793	4851	3027	1649	3601	3818	103	1043	452	4531	3009	1215	4844	4049	3739	2757	1498	2104	473	1847	3353	2461	4378	2936	1386	3635	4081	1288	2065	2131	4940	4642	4453	1133	1636	3423	3309	2360	4869	3593	2917	882	4979	1687	2948	4421	5051	4932	4975	4939	4656	1398	4048	3230	1403	3283	2610	100	3264	1296	100	4118	317	4681	5016	152	4429	2079	4534	1486	4953	3902	4901	3355	3284	2860	2583	1607	3824	1448	1956	3704	321	2734	4264	2697	2142	3685	2190	3772	4281	2768	4512	472	2460	193	3721	2447	3260	2586	691
2116	958	3341	2418	499	2329	1258	3255	4548	3326	409	2221	3492	4507	3463	3631	4829	1624	2195	1749	2928	680	5036	1031	631	1757	2169	3855	3536	2423	1917	4377	1354	5012	763	2984	4065	1153	4846	3692	179	249	216	4267	4231	4543	4932	5051	4485	4557	349	1529	3079	2625	1943	3072	630	3984	3788	2705	1655	1329	4808	1100	106	2986	2181	1585	709	2032	3797	1631	1127	4451	217	4477	4911	893	968	929	3402	1146	100	4834	4569	2058	2179	2101	3638	3317	4509	501	100	2939	285	2514	3612	2427	2129	4624	1345
3981	2188	2703	4496	4873	1195	5027	2026	975	485	207	100	4285	1111	1331	2648	3736	904	4041	2870	1346	1135	2075	4692	3024	1468	3276	551	4745	404	4695	4762	3598	1904	5015	1299	3602	2695	2470	3051	3997	1183	1368	1073	5005	2042	4975	4485	5051	2339	2682	3568	4620	3823	3633	1810	4487	1989	2809	2873	2319	3640	3792	2008	3379	4080	4142	4330	3236	3903	982	375	2488	3373	765	4320	2758	3455	2406	3257	1955	1282	256	965	4756	1557	1182	4797	4163	2150	178	3173	3695	2235	2676	2637	3115	4375	3053	2792	1676
3653	1138	209	2509	644	4697	2094	1661	4414	4709	1807	4982	1359	1270	3251	1803	2171	2316	4641	4819	3636	1950	3345	100	533	1891	3194	2718	2474	1279	4750	131	1940	1643	3229	2569	238	497	3471	4997	2949	1846	603	993	3769	608	4939	4557	2339	5051	3878	3094	3301	566	2303	1462	3170	654	4037	4202	3760	159	1638	3888	4447	158	3780	3483	4455	2565	4763	2287	367	3163	2773	169	4640	4973	3907	3657	322	4562	2404	2326	1171	3267	867	2550	4931	3729	2741	2390	3061	1374	1751	677	2327	4374	2664	4386	1949
3732	2602	3139	2457	470	3611	100	2494	2972	2069	1962	2955	5019	2515	389	2525	1438	4132	3755	2810	4946	2117	2380	2923	4639	2402	2838	4419	556	5043	1625	2138	3420	4788	939	3675	3779	1332	3062	1471	1914	3148	277	2431	4291	2795	4656	349	2682	3878	5051	1850	526	4233	1669	1798	3619	2145	3710	3574	1969	2238	2594	116	2571	3175	2495	3310	4190	950	949	2250	2629	127	1828	3527	2790	1431	2362	370	4480	1626	2970	4824	898	1445	1622	273	3705	5025	1366	735	4992	100	1731	4594	4121	554	804	377	3774
4915	2946	1814	2400	2581	1774	3233	1985	2294	3138	575	1531	1875	4888	3718	1437	2296	2043	2368	1267	1080	2631	2306	3927	423	4303	4401	343	1369	534	1815	4530	2811	3181	3911	741	4616	2318	2906	2097	1089	4565	2764	1752	100	3648	1398	1529	3568	3094	1850	5051	573	2922	2681	3477	220	2440	511	578	1801	1112	3086	2593	4193	4380	2203	2300	1094	796	2107	3475	2293	5028	4210	4926	2627	2612	1041	1233	3289	1775	525	2413	4444	4053	1336	4806	4839	2002	4893	2834	4076	4364	3372	1714	298	345	2215	100	1966
4538	3616	3650	649	2193	1998	4755	1075	1064	3576	2429	4993	2269	1294	2526	2014	3544	4976	4875	1458	1355	3055	4831	787	301	4920	2469	3209	1889	3521	2742	1037	3336	4069	2262	1070	188	1211	1841	530	1129	4396	1570	3664	1612	1869	4048	3079	4620	3301	526	573	5051	268	319	2845	1026	1991	3354	4811	2213	3510	896	4675	138	3597	3407	2659	600	264	5044	100	1220	1102	4966	3892	4372	2929	1338	2590	2507	508	2487	584	909	3201	872	4463	325	4907	1051	947	1447	3150	2441	4949	1177	1526	4098	1465	2887
3538	2927	4063	2035	2334	2162	1301	4007	2209	1660	1007	296	616	412	3432	4865	3738	3454	3851	3796	1407	4075	100	3782	3470	4185	702	4724	4650	3896	100	2624	1230	1653	1321	3253	4747	676	941	1009	3396	2289	2791	1545	2808	5011	3230	2625	3823	566	4233	2922	268	5051	4067	4373	3120	4726	3304	4874	695	4012	1763	3091	1509	996	2713	4237	3178	1855	3623	430	4178	3610	2961	4394	4294	1132	1816	4352	3634	3615	4152	938	1718	2191	2579	1882	4748	162	3380	1965	1734	109	4461	3417	2004	287	565	2567	2781
4286	2204	3793	851	3562	1046	4533	1246	390	4339	2819	2128	1826	3801	694	986	3551	2328	5048	336	3054	4817	2541	1382	2076	998	121	3520	736	1302	5040	3554	4117	4323	1170	3532	3277	2722	3552	846	1657	1474	4302	922	4665	3198	1403	1943	3633	2303	1669	2681	319	4067	5051	4542	1186	2723	3203	868	852	2828	4165	3344	2561	1902	3883	890	2804	3183	4590	1666	2527	3626	1461	2227	4423	4989	4240	100	3559	707	3988	2080	1061	100	2976	1605	2236	902	3605	1210	4758	767	2113	2159	1179	2784	2263	1333	2039
1055	3400	1886	2771	3516	3007	4828	4843	4089	1852	3790	1842	4293	114	100	2651	3764	1148	4734	3385	3592	2556	4545	2638	3370	2309	1090	3081	1266	4558	1384	1176	1694	1876	3244	3480	1934	2364	117	535	2479	3456	3924	961	3549	4343	3283	3072	1810	1462	1798	3477	2845	4373	4542	5051	4978	3190	1646	1476	2656	2125	3403	4887	3786	3875	3886	4473	505	2433	1173	800	1948	4439	2084	1750	2892	2068	1839	3965	130	1021	4292	2305	1947	598	2787	1674	1428	1160	439	1916	4649	100	4635	100	2769	934	292	313	636
1072	4436	4397	789	3436	1330	2073	2646	4501	1983	1259	3104	4260	3519	1292	3642	3437	2754	2103	2868	2770	1769	2780	4962	4283	100	4757	2010	815	3654	415	3941	4951	4588	2715	3132	3848	438	2633	2603	2823	1106	3211	3676	2884	2717	2610	630	4487	3170	3619	220	1026	3120	1186	4978	5051	4316	3466	2391	1514	2224	372	299	2091	1961	149	4171	611	2199	3217	1760	1681	5020	340	1697	1463	1898	3908	1449	3397	2355	1225	1045	2225	2453	1370	1217	4151	3859	2266	3006	363	699	1627	3032	3386	3064	4258	977	2152
100	2641	3000	1377	3874	923	1307	1285	936	1289	4737	2127	670	136	4483	3149	4196	3949	3030	3476	3974	1871	3016	469	869	3776	100	2222	2282	607	498	2349	329	4738	5004	3629	4046	2933	2843	3526	2208	625	3815	4568	2865	3864	100	3984	1989	654	2145	2440	1991	4726	2723	3190	4316	5051	813	2311	2978	4559	5047	1753	478	3362	3582	3976	3084	2452	236	1604	3995	4660	757	1838	4848	3850	2853	2274	286	4561	842	1103	2947	2054	2421	4693	885	940	3297	1190	788	2760	816	5010	1417	4335	4950	4908	153
2721	2956	2957	4646	4631	410	2340	4942	879	1823	459	2690	2774	2598	841	1642	1444	1206	1603	4705	3999	122	1668	291	1897	4391	2268	1082	811	475	4212	100	4896	1946	4133	4520	4722	1591	2407	253	2018	2496	4465	1060	276	1879	3264	3788	2809	4037	3710	511	3354	3304	3203	1646	3466	813	5051	3168	2938	1859	1593	2070	1527	3514	3496	100	3762	2995	186	4539	555	3856	4182	3684	1017	3075	3555	4305	2358	2708	4136	4494	602	3114	3867	4679	2295	4700	2445	2993	3307	2177	2492	2535	1910	5041	320	147	2997
2148	4033	4229	1777	1393	4433	342	200	397	4550	100	1906	2048	3076	3621	1054	963	4472	493	3414	3665	1866	742	1936	1858	1832	2883	4150	1725	2582	1579	994	2323	4897	4005	1575	3586	3077	1738	458	4890	2545	2988	1118	328	855	1296	2705	2873	4202	3574	578	4811	4874	868	1476	2391	2311	3168	5051	2548	632	2412	1212	4884	764	1736	463	4492	3971	2869	4363	4563	4685	3963	3523	4761	1549	3216	769	1252	3583	4985	4035	4596	1035	3212	1068	4852	5023	4488	3524	4188	2862	2953	429	1163	467	2669	4113	4484
177	4787	803	2689	4191	3012	981	1348	2139	2164	4903	4555	346	3870	4965	3982	679	2665	2520	4916	1779	139	3517	4317	306	4838	101	4125	4174	4489	100	237	576	728	833	4995	3134	110	2173	3374	1921	4116	4247	351	2875	1198	100	1655	2319	3760	1969	1801	2213	695	852	2656	1514	2978	2938	2548	5051	1935	4628	4290	4513	3110	1957	185	4194	1122	3161	1284	4773	2739	678	2185	1323	524	3910	4895	1799	4746	432	266	437	1518	4311	4959	1083	2847	3647	4541	740	1829	3770	3167	4938	3275	1235	2931	2700
3989	2767	4582	4059	252	4284	671	3187	830	1356	5031	4664	970	3627	1208	989	683	100	745	3125	3508	2167	4403	5026	2059	366	2657	2301	4460	4257	1391	3221	2105	4052	1408	3176	3767	1693	4713	1343	3459	333	3069	1737	1066	1804	4118	1329	3640	159	2238	1112	3510	4012	2828	2125	2224	4559	1859	632	1935	5051	3250	4186	3469	2347	4801	3810	2578	3162	3332	571	4974	3962	2330	1942	4898	3727	2882	4309	2178	4278	3702	3068	692	3448	4054	2563	1723	100	203	192	146	1219	4725	2716	112	4619	2425	921	1475
2893	1537	2077	1768	2796	4331	3331	227	2196	1317	4301	4169	120	4572	3777	4644	995	900	3452	1680	4269	1361	402	3966	1423	1098	451	3130	3395	2901	1929	2653	2772	4344	468	2518	4140	3656	2277	1432	4104	4580	4115	1324	781	2996	317	4808	3792	1638	2594	3086	896	1763	4165	3403	372	5047	1593	2412	4628	3250	5051	5007	959	1600	5017	3133	3744	3934	722	2915	2278	2484	1399	4999	4138	2788	2397	100	1081	3285	3522	656	4732	310	4298	2455	133	1274	4166	3097	3843	3882	971	4147	2439	4977	706	1117	3468
4667	1874	1011	3474	2755	1238	4575	3302	1586	4615	2490	100	4211	182	1637	4038	100	100	1201	2034	2502	4106	4807	4772	1487	1142	1659	3614	2696	4167	2365	4892	542	2584	100	2143	1248	1543	2836	2019	2381	577	3750	3579	3506	4130	4681	1100	2008	3888	116	2593	4675	3091	3344	4887	299	1753	2070	1212	4290	4186	5007	5051	1720	2670	564	3819	4031	482	1251	2737	3013	428	4498	2934	2325	4082	3897	2448	3644	3922	337	3737	259	601	461	2031	4195	1222	4276	2102	3803	1169	1988	3184	3547	4777	2312	3434	4476
100	4442	3451	1927	1554	2829	124	3716	100	2370	4342	3089	1150	2551	353	657	2800	479	1945	2907	4420	2298	150	4416	641	248	1678	4221	4925	3646	2683	2184	3740	3338	2975	304	5033	1166	2966	1690	5029	2701	2353	4860	4149	2604	5016	106	3379	4447	2571	4193	138	1509	2561	3786	2091	478	1527	4884	4513	3469	959	1720	5051	2857	1059	1340	2212	3368	2601	3033	4351	4818	3672	4187	4383	857	407	4634	1000	3931	4710	2702	825	2240	4621	2467	3135	1247	4289	2051	638	3585	3595	3352	3478	3624	1409	4495	3325
2797	1283	4632	279	2880	751	1670	2372	2417	4371	2369	3541	1121	4328	2943	1480	1765	667	1719	4474	2881	4206	2207	100	4318	2840	411	2833	283	483	4956	3281	772	3046	3093	2088	515	4018	1563	1492	2704	100	4980	4984	4768	2256	152	2986	4080	158	3175	4380	3597	996	1902	3875	1961	3362	3514	764	3110	2347	1600	2670	2857	5051	1404	4172	1373	3343	4418	3511	2707	395	4430	755	4574	1221	2615	4718	1522	3758	3405	4218	4783	3384	3274	4160	3369	4079	4034	1276	1919	2176	3893	3913	388	2539	1787	1788	3667
3500	4987	1199	1975	2960	999	3160	1394	1188	1460	228	244	1433	1795	1137	2890	4637	1551	2096	100	4143	4338	2785	3393	2398	4490	4369	4518	1640	1405	151	1453	3994	4930	2506	3670	1881	4736	295	746	5045	4144	2000	2666	3314	3358	4429	2181	4142	3780	2495	2203	3407	2713	3883	3886	149	3582	3496	1736	1957	4801	5017	564	1059	1404	5051	1825	1534	1970	688	126	567	724	4627	3366	647	4248	4406	1808	2331	3127	1937	4765	4502	4243	4141	2186	1565	2290	1544	1907	2844	4924	224	2950	4232	895	3658	4935	2359
4603	3540	2172	792	1688	1561	2168	619	3711	373	462	4225	2050	100	793	4156	926	2286	3979	593	5050	2155	510	431	754	4094	272	1633	1880	1973	3378	1704	2072	2112	218	531	3791	4581	2616	628	2310	339	1713	2668	4754	2553	2079	1585	4330	3483	3310	2300	2659	4237	890	4473	4171	3976	100	463	185	3810	3133	3819	1340	4172	1825	5051	323	219	1216	2977	1590	3074	100	3002	1303	2766	594	2818	801	3811	4114	4662	100	144	1456	3312	111	4162	4008	4730	1024	3057	901	198	4825	4900	1255	476	1275
4379	1710	4019	2663	957	716	3179	4652	3608	1488	3290	1747	2119	4300	4245	4189	3691	2776	100	826	294	100	2687	2905	421	2959	4659	3199	2877	4521	738	3246	726	2376	2558	3363	3660	5046	4145	3589	1194	4090	3219	3147	2416	863	4534	709	3236	4455	4190	1094	600	3178	2804	505	611	3084	3762	4492	4194	2578	3744	4031	2212	1373	1534	323	5051	4514	4446	107	3687	3446	733	3953	3909	537	4084	4682	723	807	2044	2765	3703	2462	115	4388	519	2662	2217	2720	230	1650	2321	2424	4560	4604	3082	2888	338
1469	794	396	3465	100	1262	3900	1414	721	3713	591	4384	1959	4522	4060	4471	2513	4684	100	770	2454	2482	4677	1574	3252	2110	4251	4686	3155	1553	214	4861	2420	3530	2229	2299	480	3571	3617	861	1785	2503	1108	1905	2958	3122	1486	2032	3903	2565	950	796	264	1855	3183	2433	2199	2452	2995	3971	1122	3162	3934	482	3368	3343	1970	219	4514	5051	4547	2643	157	1446	4872	2930	4591	1739	1756	2137	3085	4678	1960	280	1261	1664	536	1002	2926	1748	3865	3545	3218	817	2750	490	4326	4469	4047	2120	3768
4450	3011	2519	2126	3917	1420	1304	1378	2436	2619	1113	3047	2367	2175	4606	1473	3690	2746	4204	3662	100	1140	1269	877	4220	4275	3376	1126	284	4481	1806	953	2858	3263	419	3494	4078	2667	4368	2924	2451	3421	1278	3787	627	4438	4953	3797	982	4763	949	2107	5044	3623	4590	1173	3217	236	186	2869	3161	3332	722	1251	2601	4418	688	1216	4446	4547	5051	4517	3241	2814	3339	3258	646	689	3866	4327	4516	663	3904	2751	4587	100	100	3171	2243	1528	2777	527	1116	3193	3683	194	1149	2206	100	4112	1078
514	2759	1418	215	3028	2608	1783	3985	3641	761	2288	1535	806	3581	1300	858	3261	118	871	3406	100	398	4850	634	753	246	3408	2098	2385	1791	1623	4011	3854	2249	4168	2937	725	1039	1546	4934	4205	3728	2684	134	862	4312	3902	1631	375	2287	2250	3475	100	430	1666	800	1760	1604	4539	4363	1284	571	2915	2737	3033	3511	126	2977	107	2643	4517	5051	3872	3484	821	2900	1820	4689	154	3939	100	4201	3861	3342	1523	1008	1239	2382	1812	2260	2564	4493	2292	1402	454	3958	955	549	4367	2393	4107
581	4712	307	2182	270	1651	4148	3820	1507	2354	4945	928	3467	880	4462	3822	642	2945	3561	1558	4836	137	3805	100	1290	697	484	1863	580	2130	4922	2063	1427	4862	1452	3272	2036	4036	3765	265	3829	1367	4280	4277	100	4774	4901	1127	2488	367	2629	2293	1220	4178	2527	1948	1681	3995	555	4563	4773	4974	2278	3013	4351	2707	567	1590	3687	157	3241	3872	5051	5049	2798	1924	3773	4296	4040	674	4437	2081	4673	3288	1773	2435	585	4105	3056	3357	583	1335	434	212	166	3578	1497	1174	140	4332	2920
1712	1999	392	3835	784	3231	506	257	4345	2727	3128	4573	1088	2082	352	943	1360	2694	199	1868	2304	3698	3461	444	4199	1618	2735	100	4432	1439	3845	1617	2812	1147	592	4889	1616	2517	809	2728	1684	4051	2001	3306	4272	4230	3355	4451	3373	3163	127	5028	1102	3610	3626	4439	5020	4660	3856	4685	2739	3962	2484	428	4818	395	724	3074	3446	1446	2814	3484	5049	5051	1673	3039	4919	4883	3596	4244	4370	4717	3588	4366	3050	2106	1309	1271	1762	4523	418	1482	823	951	3377	2837	3269	355	1478	2685	3206
979	2864	3849	4096	195	2308	2378	1413	2753	4610	624	3200	1634	2463	3766	1381	1629	4350	3335	4238	487	840	2165	777	100	1717	693	3313	1641	2732	1472	2849	189	3449	1735	3375	1229	3622	3881	3487	2187	1095	1454	3507	2205	3668	3284	217	765	2773	1828	4210	4966	2961	1461	2084	340	757	4182	3963	678	2330	1399	4498	3672	4430	4627	100	733	4872	3339	821	2798	1673	5051	3259	3351	4262	3591	3334	1328	100	100	4784	540	1542	1560	4454	1571	4532	1764	4314	4769	1164	3556	3842	4146	3014	1502	552	2038
945	100	3111	4265	874	2538	4857	3044	3202	1209	2979	2024	1392	1158	4597	3800	3567	1974	1885	1325	1202	1639	4177	2626	3573	4389	2284	2712	4983	1143	3457	3491	613	4556	2232	1314	1298	2261	2078	3978	5034	4400	2013	520	3637	3410	2860	4477	4320	169	3527	4926	3892	4394	2227	1750	1697	1838	3684	3523	2185	1942	4999	2934	4187	755	3366	3002	3953	2930	3258	2900	1924	3039	3259	5051	1022	128	3025	662	3618	4004	3947	3525	100	1632	4470	673	2226	3869	1851	2521	4554	4387	1908	3952	4003	4268	2047	927	3694
2030	315	4359	3751	1425	3964	3479	2093	4085	4023	1295	783	4988	1728	260	3399	1552	2634	984	4835	2954	477	4668	3416	362	1435	1040	2156	790	2438	820	3955	568	400	2944	3270	4329	1265	4623	2147	1755	3291	3268	3885	4506	749	2583	4911	2758	4640	2790	2627	4372	4294	4423	2892	1463	4848	1017	4761	1323	4898	4138	2325	4383	4574	647	1303	3909	4591	646	1820	3773	4919	3351	1022	5051	3771	1181	494	4050	1375	4044	1727	3529	3832	4716	4319	4254	610	1790	3489	4782	100	4222	2134	3709	3925	2842	1562	3298
4571	4670	100	3443	4242	356	4127	100	4622	1322	4161	2342	1228	3117	183	4500	450	1063	455	414	897	4880	1926	545	773	3699	655	1327	2523	4638	1877	3752	3794	309	614	4914	2500	282	4273	3029	4282	1130	3957	1001	2153	1207	1607	893	3455	4973	1431	2612	2929	1132	4989	2068	1898	3850	3075	1549	524	3727	2788	4082	857	1221	4248	2766	537	1739	689	4689	4296	4883	4262	128	3771	5051	1006	4234	4776	1978	2609	4994	3983	4002	3720	4029	2861	3498	326	3661	4602	3460	4577	843	1689	4613	3222	358	1834
1628	3063	4927	1256	1971	913	2618	1419	4585	870	2434	3746	3884	604	715	553	2802	2228	1466	3775	1862	1701	1023	4633	3323	1297	2272	4362	100	1036	1601	4968	3539	416	5000	2745	838	234	4390	2749	1524	4119	3935	3747	201	924	3824	968	2406	3907	2362	1041	1338	1816	4240	1839	3908	2853	3555	3216	3910	2882	2397	3897	407	2615	4406	594	4084	1756	3866	154	4040	3596	3591	3025	1181	1006	5051	4385	2719	2562	4499	3180	4961	839	2965	3719	2389	906	684	1530	3205	3956	4324	3208	2480	651	4381	3102	2271
1726	1686	1341	2124	5014	4491	302	1416	2831	2307	2465	1938	2511	2149	1272	532	4358	1677	173	3137	2276	2536	2871	3273	2644	2724	3852	5039	1766	3827	2985	617	105	4111	3220	4816	1679	2501	2115	2285	1672	3681	262	3969	316	4427	1448	929	3257	3657	370	1233	2590	4352	100	3965	1449	2274	4305	769	4895	4309	100	2448	4634	4718	1808	2818	4682	2137	4327	3939	674	4244	3334	662	494	4234	4385	5051	4097	4830	3677	2428	4701	4307	4508	3741	1145	3144	2254	4027	3247	4912	4803	797	1012	3723	385	4832	269
2231	727	1426	4944	2197	3141	2516	100	4739	2415	1515	2489	2432	3322	1159	2396	4564	4856	2275	239	4599	3873	3645	731	2388	1621	1848	1057	254	2395	1189	1923	596	1724	3528	4095	2982	4578	1538	1599	4863	3814	3580	2560	622	471	1956	3402	1955	322	4480	3289	2507	3634	3559	130	3397	286	2358	1252	1799	2178	1081	3644	1000	1522	2331	801	723	3085	4516	100	4437	4370	1328	3618	4050	4776	2719	4097	5051	4310	774	730	4743	3036	2743	969	4039	980	2793	2011	3628	1429	3959	1771	4170	3191	2592	1415	1932
3837	2485	557	3348	436	4923	1861	2394	1878	197	384	2174	1093	3673	4864	4553	3146	1867	1175	2157	165	3831	2894	759	2456	2322	4941	3701	4030	1155	3808	1780	2738	3807	2057	1305	4236	2478	1371	3087	1430	4536	3726	1501	822	1758	3704	1146	1282	4562	1626	1775	508	3615	707	1021	2355	4561	2708	3583	4746	4278	3285	3922	3931	3758	3127	3811	807	4678	663	4201	2081	4717	100	4004	1375	1978	2562	4830	4310	5051	1594	4287	1525	4083	952	3174	4778	4452	2649	1569	4478	5024	3293	332	3049	4929	3847	2974	2021
