6106	303	3182	3713	3180	4870	1996	1476	578	242	1332	1304	3329	5447	398	3277	4312	2066	585	6042	2868	2246	1966	5121	5574	110	4906	3641	2404	442	5091	2784	3969	5970	3504	123	3572	4336	2156	1316	889	153	4270	4394	135	1747	4253	112	1576	3268	4048	3620	3260	852	445	216	4933	920	5778	389	1190	326	3138	3146	2380	3926	1164	724	4723	5432	5562	1446	1583	5554	570	2881	5372	368	3160	488	2153	1462	5186	5582	3007	497	4374	1552	5200	4836	3764	4435	3334	1447	980	912	5874	3717	3693	5527	720	3210	2746	379	539	110	4879	4340	4028	5005	1611
303	6106	3422	3916	4416	1375	2598	110	1216	2317	4180	4901	3091	3665	4153	5815	155	4406	3400	1159	3601	2260	4908	4500	2339	538	2921	2880	3923	5836	3012	2691	4310	4753	2500	2400	3955	672	5334	1449	1740	1518	5551	1364	5332	110	2170	2064	1100	619	3872	2200	5240	4150	4176	5701	4279	5968	2902	2751	4867	734	1214	1889	1272	5906	3535	2003	4187	3208	4788	3467	5252	4458	6044	5765	5598	3676	3117	4911	6049	4526	3864	5067	2075	4484	2228	345	1818	3144	4428	3408	2959	2634	3943	4494	110	4214	5139	5742	1066	5429	4260	3825	6050	4813	5644	1297	3224	2573	3439
3182	3422	6106	5130	5214	2217	334	1241	4106	1867	1806	5141	1327	1821	4750	4175	1819	2190	5570	529	1417	4674	120	1324	504	3251	5247	3022	892	1293	5469	1548	2540	765	4464	2711	1881	5361	4463	3738	3809	2772	2173	1003	2831	1930	4228	941	4490	5427	3895	5720	3057	4715	4162	1177	1609	5748	2457	1435	3462	2501	5483	4349	3413	517	2032	3579	2693	1766	422	2395	3921	136	642	3650	5174	3104	4202	3039	6089	793	1728	3723	4506	110	5981	2262	485	2748	110	1976	2259	1165	5921	4844	5195	3561	6020	3347	3687	1140	5242	3442	3938	3356	2091	1184	5466	547	4016
3713	3916	5130	6106	947	4057	3229	5680	1444	4004	3673	3358	5822	5842	2033	3232	991	1843	2566	3249	5338	3619	2305	1831	526	4085	1795	439	5489	3771	4325	257	5963	3077	110	4636	3554	3385	4614	2456	1055	4561	3838	5825	543	110	3536	265	993	5077	1399	2542	5506	4644	5609	2800	207	323	3371	133	1640	534	4679	3056	5474	4749	5744	2131	3003	1533	6000	377	3143	3061	597	4600	3881	2399	837	3587	6038	4630	3629	3350	4573	1566	2671	3639	4694	4437	2138	4420	4465	304	1615	5046	1466	2184	5406	3111	5615	247	2268	960	1614	3578	1815	5088	4381	1880	1442
3180	4416	5214	947	6106	4729	4217	3162	1928	2161	740	4651	192	2142	3497	1529	4712	4702	2816	5285	721	5192	5011	281	2243	5230	4021	3307	6027	3919	5548	3886	2422	4172	1098	4773	2469	4219	832	4523	1572	4320	1127	4248	2454	5706	3514	5351	4824	4102	5750	4747	2504	4699	1412	110	3314	3407	3297	1335	182	5135	1116	5004	680	758	5549	2726	428	1817	5356	4379	5633	2732	2318	3702	3981	2488	2616	1208	3113	2263	4226	403	5919	922	5659	4089	5895	3745	3582	2352	3346	1223	5510	3315	5760	746	4966	2265	2987	1161	2326	5716	5933	4032	5941	1073	3044	376	5918
4870	1375	2217	4057	4729	6106	2832	341	3487	1306	3744	2922	5007	3483	2373	4599	694	4806	3715	4258	4981	2491	3128	4505	3480	5301	5664	3987	3101	3335	2077	1596	3158	2468	4348	1440	4065	3309	1192	3130	3479	5367	1017	5204	3583	3603	5954	4259	423	5151	6039	2034	2321	5613	1568	110	3891	3079	2035	4108	5488	558	110	4148	1920	449	896	1986	3053	4829	5206	2053	1393	5036	2060	1128	1861	3950	4262	297	2160	5463	1269	2863	4436	1683	5805	5971	5009	2130	1985	1046	5614	2956	3832	5998	1992	853	1590	2892	3485	1420	3897	4968	3156	3108	2172	5016	1708	1410	6023
1996	2598	334	3229	4217	2832	6106	898	3733	3747	5444	343	4688	3815	2369	2334	1385	452	5863	1419	1234	601	4080	1756	1181	2428	964	5127	110	3262	5473	2508	4181	1631	2592	5257	110	1153	3116	4529	2638	4591	1778	491	5515	4921	3776	1940	1827	5845	3153	4534	4743	241	4976	950	1099	5658	4928	4882	4403	5890	888	235	688	117	2169	2798	899	5022	4652	3114	1247	1207	1998	1235	1024	1146	3058	5280	5251	5145	5694	2140	3915	110	383	3840	1289	110	2842	2771	4169	3584	5996	3699	1721	499	3662	1791	3172	1780	3225	2323	5578	711	217	240	794	4318	2938
1476	110	1241	5680	3162	341	898	6106	4857	6011	1924	629	4828	3518	2602	243	1764	2534	753	367	2327	3835	3731	4568	1277	5197	489	1149	723	614	1595	3626	4280	2703	3437	2466	770	6031	5433	1682	5498	1591	1119	2311	2405	2030	1612	5125	2742	5107	5789	2449	5437	1263	4917	2942	3593	5851	163	847	911	1598	3171	5972	603	6026	5597	3252	1210	3086	4326	3589	2723	2086	110	1087	161	2266	3860	3411	1191	382	6058	1319	5982	4811	5026	1879	5034	3135	5362	4045	5811	2777	5620	274	5915	6059	645	3380	4454	2866	3339	1120	3875	4799	3577	3899	2836	4990	5537
578	1216	4106	1444	1928	3487	3733	4857	6106	2250	4932	1796	5357	110	5696	3196	4714	4834	3342	5157	2808	2865	5289	4429	1228	4897	3736	5847	4243	773	3095	2203	110	5033	2818	3985	3203	4086	2567	1369	3615	1152	3817	1189	3438	918	1785	4272	4810	4885	2795	1390	4410	3831	4560	371	4353	4536	5682	5596	1899	3958	1391	634	110	4443	1802	5487	1339	2838	3159	891	5123	1411	994	693	4210	1673	4287	4658	2849	5082	5454	4271	646	3957	5639	3353	3685	4400	2680	936	5418	3341	3168	1043	4913	4100	6090	4871	6072	881	5646	823	1458	2337	4852	2175	2741	2127	638
242	2317	1867	4004	2161	1306	3747	6011	2250	6106	4311	2325	2792	1592	2126	3190	3173	178	949	4384	5651	4307	6082	563	5666	1348	5600	5622	5335	5823	5340	3450	3375	1437	5409	3791	5816	4096	4195	990	110	2402	3800	2581	2966	4120	1532	3885	3929	842	397	2644	1363	2811	2557	3046	5073	4309	5389	851	2527	5993	4884	5062	4888	3574	1868	4198	5791	2765	1650	4146	5147	4964	4069	4460	983	1036	1870	2069	1504	4789	1854	3004	5917	3767	5495	5779	4009	2336	1749	2042	935	4350	1436	3521	2721	3622	3317	4889	2280	2672	2212	683	1546	4812	4442	3502	4550	1095	1665
1332	4180	1806	3673	740	3744	5444	1924	4932	4311	6106	3794	874	1498	5868	1074	602	2936	321	1605	1623	1002	4521	1014	787	4043	331	4700	4665	1653	2258	417	327	4553	2869	5678	1917	365	509	413	1368	1608	5686	1903	527	166	5491	5859	4992	1495	4455	2301	1019	2208	1875	2757	2622	4547	3621	1850	656	4357	4190	4593	1336	2631	4488	2094	5035	5776	3873	2335	5767	4405	3318	3777	5383	4232	1997	5205	1776	110	4891	3365	1769	2517	5258	154	2903	1200	3073	5530	3960	2410	4887	5853	4988	3701	4046	1397	1251	2229	6030	5183	1730	540	2783	4155	4029	3523	130
1304	4901	5141	3358	4651	2922	343	629	1796	2325	3794	6106	5695	6094	1849	1130	3282	3666	2238	3129	1859	5684	3591	4616	5522	3901	5278	5920	5543	968	5193	2090	5163	5844	2397	5627	2385	2558	309	5261	5601	2437	3570	2314	4095	4775	4823	1603	2162	2679	5792	5013	5052	6080	2215	1086	3760	6060	1076	2293	3163	5274	1215	1561	916	5728	3105	5485	110	4953	225	4398	5079	2744	2648	2828	4582	2628	2188	520	890	2433	4302	4164	2913	4074	2858	5271	1882	3322	3828	1311	1860	2310	2197	5683	1536	3253	2421	2082	514	4188	4412	447	4876	6104	1103	791	4418	5380	3292
3329	3091	1327	5822	192	5007	4688	4828	5357	2792	874	5695	6106	3519	2478	4645	3238	110	2547	4404	4669	125	1290	3995	254	1483	3630	3531	5519	2643	5025	1023	1358	6098	4958	3345	110	3473	5563	807	5937	4007	2806	3692	110	5402	5824	2927	4996	1110	4143	2152	3300	110	5288	1543	811	4639	5347	364	5962	2367	1526	4142	1923	3719	4343	5879	168	4579	559	2490	3827	600	2505	5655	4114	1929	760	3782	1278	4983	4061	6096	113	5303	141	4223	2409	5089	4746	5161	2768	1303	2479	1052	2678	5631	2447	843	2699	3656	1060	2393	2316	4595	5184	774	1314	2696	1328
5447	3665	1821	5842	2142	3483	3815	3518	110	1592	1498	6094	3519	6106	219	2495	1455	342	3642	3839	1409	291	110	470	4170	1439	598	613	1321	3212	110	3611	2189	1711	4183	355	5422	5443	3373	3823	3982	2977	3976	3011	4711	4742	1199	3533	3856	4129	3023	4268	5786	2272	3230	5670	3149	1874	904	762	2794	3181	854	197	5263	3045	4225	655	4642	687	4375	3216	190	4816	877	4861	3312	2448	1249	3516	5781	5826	4266	400	5212	1774	5755	2425	6025	4493	604	5586	736	530	4621	4776	1516	372	5866	3048	474	1292	745	4392	3217	3319	5040	2099	2071	3775	279
398	4153	4750	2033	3497	2373	2369	2602	5696	2126	5868	1849	2478	219	6106	742	4608	1162	2180	4969	1758	410	5809	3256	3563	5517	4038	4625	1156	6016	3107	1946	5015	979	2222	498	1131	110	2072	3237	1081	358	5721	299	3192	3762	3905	5253	2459	1601	4409	4001	110	2372	4566	5713	5854	3517	4123	3748	4276	414	956	277	4244	5480	5850	3404	110	3184	1253	1230	5097	4230	1637	722	2471	4716	4092	1506	2857	5796	2031	1080	3695	4979	3283	110	556	5269	571	2000	763	2211	1454	5029	180	2056	4277	494	3810	2257	3765	1954	3491	1137	3206	4539	3951	3529	4583
3277	5815	4175	3232	1529	4599	2334	243	3196	3190	1074	1130	4645	2495	742	6106	4367	3617	5292	679	1370	5880	4229	2133	3646	1808	5827	1040	5148	2704	3384	1051	5783	5855	2497	1485	3545	4601	2553	4125	110	4131	2807	2635	259	1186	1097	3271	2599	3807	1092	4499	346	4212	1331	6021	110	1310	5986	5241	4462	2431	2510	1634	1773	3944	4035	5395	3922	1480	5947	3235	5112	307	1862	3757	2474	4479	5875	2819	575	2357	3389	1378	4005	731	110	1768	5012	1163	1049	5177	2575	4313	3103	5196	1906	1121	6013	4119	5759	4451	3597	4293	2651	5248	2916	4640	5846	1666	4544
4312	155	1819	991	4712	694	1385	1764	4714	3173	602	3282	3238	1455	4608	4367	6106	3877	4805	2401	237	957	233	4845	3420	4109	387	3973	2933	288	427	2724	2365	137	2950	4950	5210	5617	1894	4638	1257	251	2725	1613	1170	1295	5298	5723	2231	5946	3759	5708	682	5618	1562	172	5629	6019	2897	432	3937	5420	5132	4052	1803	4503	2764	5001	4103	1105	975	596	482	1317	4787	2023	3682	2937	2698	1489	4370	5381	5960	5410	3968	5820	2821	5376	626	5058	4073	3134	809	5267	834	2701	4965	4516	2461	110	6074	3226	3525	670	1045	4733	2752	2946	1225	5250	1535
2066	4406	2190	1843	4702	4806	452	2534	4834	178	2936	3666	110	342	1162	3617	3877	6106	204	3445	1171	1895	4424	3374	1389	1154	2221	2120	2773	1188	1662	2234	4393	5649	1699	1554	4774	2476	5366	4034	5149	3801	3910	988	885	3988	5215	3952	3833	1481	1173	3169	1456	2097	909	815	3041	3741	1515	1218	2763	1577	194	1463	5604	5146	5255	1441	5736	1528	5669	5707	1848	2492	666	3896	1800	2411	431	4572	2018	981	962	5180	5293	2570	1617	2891	4149	2814	1878	4724	5925	3050	5043	572	5391	2230	583	6018	982	2940	4124	2008	5558	5448	2991	5777	5573	2749	3909
585	3400	5570	2566	2816	3715	5863	753	3342	949	321	2238	2547	3642	2180	5292	4805	204	6106	3826	3634	2669	4843	5238	5566	4985	2017	4332	1574	110	5470	2683	4083	3900	3472	5220	2654	5546	1022	110	4121	1947	4292	312	4372	2932	615	870	3755	110	2297	3388	557	2705	3846	3743	4705	1122	2375	5766	1794	5634	3671	175	278	3972	691	5064	5975	4440	232	3824	2841	4027	2047	5164	5244	3131	245	2149	4739	3664	1799	860	2536	4678	4628	2804	6001	5119	5400	2796	594	1979	840	1689	3959	2407	1323	2951	6046	1813	3287	4308	2403	3708	2353	1762	313	4177	4541
6042	1159	529	3249	5285	4258	1419	367	5157	4384	1605	3129	4404	3839	4969	679	2401	3445	3826	6106	4532	3837	5223	3433	2538	3638	5359	3653	119	1275	2245	487	2435	4064	5331	1936	5983	2606	2633	3426	3377	775	3298	5569	2984	3293	5481	816	5780	3547	195	4873	2477	5497	5273	2484	5397	6081	5555	1011	959	5764	2568	648	5798	754	2509	3667	4296	3781	1016	1063	5726	4877	2731	3461	915	3592	930	211	5785	3092	5066	1829	4141	3507	5870	3285	4486	1361	2873	767	2434	3636	156	409	1469	1308	3443	3488	3632	2720	110	5881	1839	3174	3742	817	1901	218	4977
2868	3601	1417	5338	721	4981	1234	2327	2808	5651	1623	1859	4669	1409	1758	1370	237	1171	3634	4532	6106	1646	3126	462	5804	2625	1430	1428	3706	1107	5412	1005	2590	4352	110	2747	4026	1919	1700	5057	336	6077	2108	3978	224	386	2011	2010	3734	3464	3360	324	3732	1396	3176	2511	560	4466	1258	3275	4955	4476	4752	4285	592	3924	5239	4567	3566	3772	4201	5291	4288	1431	3811	796	737	884	2609	5502	4556	1915	3170	5178	3870	4298	1633	4989	2122	1916	6064	510	4300	3475	1720	1960	4054	5458	3754	3725	4916	1565	3074	1837	3191	5056	5885	3002	1286	5630	1509
2246	2260	4674	3619	5192	2491	601	3835	2865	4307	1002	5684	125	291	410	5880	957	1895	2669	3837	1646	6106	4946	2118	2886	4231	1974	2128	356	2112	1517	5054	5754	4291	1261	2270	222	4365	1250	2791	5158	3779	2968	4439	5930	4641	1414	167	2578	2356	2755	2192	1907	2525	184	1507	3819	3444	3233	2080	2714	6105	2076	4281	4071	2753	3942	1589	110	375	2926	4717	3207	1470	6043	5276	5801	5773	5471	4760	173	127	4084	4693	3495	3460	110	4604	4854	4530	3633	1984	4354	3994	4588	2824	4865	5794	5484	2809	1630	4578	4487	2827	3954	883	2319	3931	2390	5567	1356
1966	4908	120	2305	5011	3128	4080	3731	5289	6082	4521	3591	1290	110	5809	4229	233	4424	4843	5223	3126	4946	6106	1226	3324	3696	741	1807	3714	2470	5233	5642	1812	2361	3139	5218	3132	4537	5985	2381	4548	3541	3658	825	3966	4821	1670	1844	4960	2014	3062	3269	5000	4633	1521	3419	1313	2994	505	2657	577	1619	3550	2666	4692	785	3490	5032	3026	1647	264	2282	4171	5326	5162	4249	2743	3527	1288	110	3059	707	2109	3425	2194	255	3893	1471	1743	1694	110	1931	110	2328	5268	3878	931	4631	3009	2702	4637	3454	790	2232	5337	5453	2554	1727	1822	126	4461
5121	4500	1324	1831	281	4505	1756	4568	4429	563	1014	4616	3995	470	3256	2133	4845	3374	5238	3433	462	2118	1226	6106	258	5579	882	3903	4721	5154	1742	3867	2563	3498	663	5916	5090	4044	4132	502	5575	5857	2615	3197	228	315	4397	3015	5179	1716	749	1687	2256	2386	5464	214	2637	3042	1133	1531	3737	3219	3008	5065	971	3573	5838	4399	2549	1787	4091	402	110	643	4160	3141	2382	681	3512	2815	1898	5712	4323	2429	4938	446	4351	5545	4346	3258	859	2850	5912	4587	3735	541	2061	3635	985	3185	1748	4980	1514	2565	1443	4878	5800	1283	555	1744	1629
5574	2339	504	526	2243	3480	1181	1277	1228	5666	787	5522	254	4170	3563	3646	3420	1389	5566	2538	5804	2886	3324	258	6106	2822	3228	878	4087	5913	3459	3859	4014	2475	319	2862	3805	3333	5782	706	3357	4137	1254	5390	329	5583	2039	4571	2706	5624	4366	5173	4389	1892	6078	2144	2506	786	1405	1988	2084	4058	3255	1150	4220	3355	5021	5693	668	459	5187	3992	2676	1426	2195	3643	3686	3030	3861	2026	2252	5190	1349	110	3868	5588	2324	3752	301	3501	1392	5455	4018	3466	4113	2948	5354	3628	3401	2885	640	2465	4090	223	4762	3361	3703	4904	116	5656	471
110	538	3251	4085	5230	5301	2428	5197	4897	1348	4043	3901	1483	1439	5517	1808	4109	1154	4985	3638	2625	4231	3696	5579	2822	6106	3067	1557	2037	2073	363	5817	5264	4364	5314	4265	229	3247	1373	1620	4441	5756	593	836	1211	3793	1828	3556	5891	2503	4864	924	5150	6071	263	3110	4185	5477	4915	4562	370	1158	2965	1606	3796	1220	4376	664	512	4167	4037	1723	5411	686	3286	3017	3728	1477	3402	5974	4111	4008	4564	3613	998	1926	3227	463	897	5602	3201	3448	2912	3934	3109	1221	4438	2021	3818	2915	2614	143	5938	4925	6087	458	4179	4145	3151	110	868
4906	2921	5247	1795	4021	5664	964	489	3736	5600	331	5278	3630	598	4038	5827	387	2221	2017	5359	1430	1974	741	882	3228	3067	6106	4710	5929	2957	2550	2179	2151	1490	2043	3421	2359	2467	3070	3672	5997	1429	3787	2797	2799	2338	110	4839	4909	3383	290	6073	3941	2855	5769	2665	4956	3499	3506	1636	1078	394	4449	110	4471	552	3195	1387	4959	1004	761	2046	4848	339	2284	1318	855	3996	296	5910	110	4912	5699	5352	827	5101	1564	2281	2135	2847	4115	5637	2667	1961	4791	3774	3306	5259	2958	923	2604	2673	3078	4725	4675	3157	6007	4290	443	4241	567
3641	2880	3022	439	3307	3987	5127	1149	5847	5622	4700	5920	3531	613	4625	1040	3973	2120	4332	3653	1428	2128	1807	3903	878	1557	4710	6106	2513	1888	5973	3674	1282	3565	4003	4446	4342	879	5228	4194	4650	3349	4841	5949	3088	1125	5479	4574	4851	5442	4240	5557	2473	2610	4186	3214	1077	4584	5341	5538	1809	1858	2854	2141	5363	4138	2157	1893	5606	1281	2462	2760	110	3681	2366	4681	725	4431	4538	548	4817	3795	5369	6028	5592	472	4689	4025	492	977	944	1941	1213	1407	748	2710	5181	1876	5509	1386	1600	4245	1129	3883	610	3911	5568	6033	4000	4173	2769
2404	3923	892	5489	6027	3101	110	723	4243	5335	4665	5543	5519	1321	1156	5148	2933	2773	1574	119	3706	356	3714	4721	4087	2037	5929	2513	6106	2662	4744	3427	5421	4704	3396	4067	699	1994	2917	308	4385	1668	3543	3640	2935	4031	1406	4445	1873	4869	5394	5237	3866	2087	1872	3069	5111	2834	5438	542	5492	3677	2600	231	5835	4632	5718	4056	5513	830	3947	2630	2093	1789	4586	1714	1112	1724	110	5871	4796	1658	2191	1145	669	1950	2876	2295	2867	4267	4903	2843	4362	3142	3367	4728	2134	4433	4783	2805	2377	660	2236	1144	4359	3332	1569	2941	2291	1784	1914
442	5836	1293	3771	3919	3335	3262	614	773	5823	1653	968	2643	3212	6016	2704	288	1188	110	1275	1107	2112	2470	5154	5913	2073	2957	1888	2662	6106	5345	169	4934	2888	508	697	6103	1544	798	2174	5745	131	3294	1201	3595	3272	2036	821	5511	5957	996	4227	4030	4356	426	3241	3975	5096	284	4166	3155	2027	4745	4766	1956	3209	4551	6047	4872	1939	948	5834	4158	730	961	1811	2251	5018	2559	5207	1513	369	2432	5856	5909	521	6086	5603	3928	1497	4862	6032	1783	2487	2349	2603	4756	5889	1953	2063	2376	2095	3940	831	2619	828	1123	5441	5673	2013	5231
5091	3012	5469	4325	5548	2077	5473	1595	3095	5340	2258	5193	5025	110	3107	3384	427	1662	5470	2245	5412	1517	5233	1742	3459	363	2550	5973	4744	5345	6106	5155	1243	649	5671	5262	4118	2370	1357	3493	1877	3032	3221	1824	4731	3338	1792	978	4577	5063	1855	1113	1726	5260	4334	4178	1841	3979	5512	4144	4224	4835	5924	866	2096	5198	2309	401	952	2115	5935	862	4327	3756	1065	4513	5378	4634	4668	5886	750	203	4831	857	710	2978	3186	1790	2528	3526	1733	4896	1555	4017	1582	480	4133	2544	789	2709	969	2719	2443	4251	2585	2918	4648	3075	2444	5140	450
2784	2691	1548	257	3886	1596	2508	3626	2203	3450	417	2090	1023	3611	1946	1051	2724	2234	2683	487	1005	5054	5642	3867	3859	5817	2179	3674	3427	169	5155	6106	3857	3071	292	806	1484	1649	1511	5415	5175	347	3100	1033	2264	3808	3047	338	5457	2574	3301	2201	110	1967	5841	3248	3612	1219	3028	4576	196	2423	3553	3945	4701	5236	1957	1538	1012	5284	3882	5897	3663	4558	864	995	1741	4923	3236	2098	5302	5403	1732	5116	4221	1408	2083	392	1933	2900	1053	2472	3403	833	1166	1353	1834	1597	6002	5103	4602	3783	4840	5676	4496	2346	381	2277	4617	5762	824
3969	4310	2540	5963	2422	3158	4181	4280	110	3375	327	5163	1358	2189	5015	5783	2365	4393	4083	2435	2590	5754	1812	2563	4014	5264	2151	1282	5421	4934	1243	3857	6106	118	5246	4250	5306	4501	1198	4931	4741	3568	4511	448	3327	209	1147	2961	549	110	3344	1453	4951	2522	1607	3551	1487	5595	6057	3863	2583	5310	2952	2355	3511	772	2597	2770	2458	5254	506	353	2440	1075	5531	273	5339	3513	3223	532	3920	3842	6068	110	3802	5724	3453	5641	3145	5320	2944	618	405	5115	1972	4643	4407	5010	2029	160	2048	3320	110	2689	4122	4875	3276	4769	1394	1842	115
5970	4753	765	3077	4172	2468	1631	2703	5033	1437	4553	5844	6098	1711	979	5855	137	5649	3900	4064	4352	4291	2361	3498	2475	4364	1490	3565	4704	2888	649	3071	118	6106	5336	5440	4680	5165	188	1586	1054	1725	696	2895	3194	4672	1846	6067	4128	2255	5892	1124	2882	4156	5901	5660	2964	4147	4316	6076	617	3616	1593	1524	4880	5368	2092	1739	2320	2907	2302	2908	174	424	1788	4755	1196	2223	1777	2004	2288	4474	2734	5216	4569	650	3161	5431	4720	4991	3024	1678	2562	1360	2727	3539	2103	2417	325	4935	5876	3564	2451	4333	2207	1345	5945	902	5203	554	110
3504	2500	4464	110	1098	4348	2592	3437	2818	5409	2869	2397	4958	4183	2222	2497	2950	1699	3472	5331	110	1261	3139	663	319	5314	2043	4003	3396	508	5671	292	5246	5336	6106	639	1403	1692	1433	3851	4847	586	1359	2901	1274	4324	2363	3936	4695	1374	4898	152	2341	1287	2378	4622	3064	2005	1148	2119	3436	4890	3378	2024	3429	2813	1182	1991	134	3730	4422	895	1905	3037	4914	5711	3927	1786	4286	1083	3768	4273	1679	580	2057	5758	5802	244	1987	2893	2618	4387	187	1911	5387	3724	5027	4104	2537	1908	3424	2779	2973	4685	2608	1772	3567	4269	3080	6022	3399
123	2400	2711	4636	4773	1440	5257	2466	3985	3791	5678	5627	3345	355	498	1485	4950	1554	5220	1936	2747	2270	5218	5916	2862	4265	3421	4446	4067	697	5262	806	4250	5440	639	6106	2116	2493	2587	4050	2627	1937	4206	476	3261	3609	2596	1202	1951	4627	5914	4771	4713	110	1222	726	1260	5751	4236	752	3152	1093	2333	2430	561	352	2178	199	429	4973	5436	1900	3689	2253	4504	2761	3381	3013	298	1993	3471	3700	1695	2155	1478	3418	4757	2210	5719	1482	2556	4528	581	5048	849	1539	5417	1556	2267	3644	919	3739	3458	2923	3869	5084	588	3328	6062	4322	3351
3572	3955	1881	3554	2469	4065	110	770	3203	5816	1917	2385	110	5422	1131	3545	5210	4774	2654	5983	4026	222	3132	5090	3805	229	2359	4342	699	6103	4118	1484	5306	4680	1403	2116	6106	1779	1404	3763	2613	4671	4208	2176	1298	2163	181	111	576	4927	3060	5028	579	3321	2412	2520	306	5099	5967	1330	2694	1421	293	2972	4425	1921	1912	2233	908	4975	5803	1520	2241	5098	3803	3415	1450	4207	698	310	2387	1852	1594	1464	5078	4301	599	4215	4842	5839	5080	5812	5790	110	5746	2875	2237	708	3175	4905	4358	3709	4040	3829	589	3316	1059	524	4759	5069	1068
4336	672	5361	3385	4219	3309	1153	6031	4086	4096	365	2558	3473	5443	110	4601	5617	2476	5546	2606	1919	4365	4537	4044	3333	3247	2467	879	1994	1544	2370	1649	4501	5165	1692	2493	1779	6106	5467	5556	1238	3967	1340	4737	1299	3246	3394	4585	4509	1856	3530	5405	287	1952	5003	253	3082	4735	3121	516	5591	2840	3359	3412	1499	940	2790	2464	2736	5017	4088	2040	2414	5358	1486	2392	5819	1233	3647	5928	3961	1294	1062	3220	1157	5342	2535	4015	110	3645	818	3544	2947	4414	2344	4020	2147	276	986	841	3657	1174	215	5134	4687	2313	3503	705	3323	2274	4918
2156	5334	4463	4614	832	1192	3116	5433	2567	4195	509	309	5563	3373	2072	2553	1894	5366	1022	2633	1700	1250	5985	4132	5782	1373	3070	5228	2917	798	1357	1511	1198	188	1433	2587	1404	5467	6106	122	636	1832	2658	5423	4275	1452	5619	5589	3933	2712	4329	2793	483	1010	1205	110	1781	3558	2110	5100	3761	2025	4182	5605	5829	3119	5182	3788	1959	659	4754	803	4597	2738	511	5208	5348	1560	2621	5450	1820	921	3522	4978	3165	5385	1753	5286	1395	5740	2835	1793	5944	4924	2482	1705	2374	644	4341	4330	1279	3720	1669	3150	121	3939	110	5965	820	2502	2962
1316	1449	3738	2456	4523	3130	4529	1682	1369	990	413	5261	807	3823	3237	4125	4638	4034	110	3426	5057	2791	2381	502	706	1620	3672	4194	308	2174	3493	5415	4931	1586	3851	4050	3763	5556	122	6106	673	3956	110	3990	4866	2244	4126	3989	110	5419	2171	3625	1715	5118	3980	1032	360	2802	515	5521	3065	1508	4696	1307	3546	2340	4849	1661	5102	5681	3679	3710	1626	4954	4971	802	6052	2677	1172	179	5475	2750	3974	189	2455	3325	4386	5532	5318	5227	5668	344	4297	2299	2646	5094	1432	1750	2582	536	3006	546	1969	622	2548	973	6004	183	1616	965	4107
889	1740	3809	1055	1572	3479	2638	5498	3615	110	1368	5601	5937	3982	1081	110	1257	5149	4121	3377	336	5158	4548	5575	3357	4441	5997	4650	4385	5745	1877	5175	4741	1054	4847	2627	2613	1238	636	673	6106	4246	1886	5979	3052	110	5709	4134	4453	3509	4797	5299	624	967	5507	784	2943	5828	4926	2139	3476	3398	1667	5692	3559	2906	361	4807	5500	2496	1968	1810	2016	2181	3571	1061	685	3852	5124	1696	2655	3068	501	2745	5110	2591	2360	5768	1602	1082	4066	1902	845	5862	4257	4618	384	905	1048	2708	5865	5407	3660	4159	4944	1268	5071	4317	729	351	5472
153	1518	2772	4561	4320	5367	4591	1591	1152	2402	1608	2437	4007	2977	358	4131	251	3801	1947	775	6077	3779	3541	5857	4137	5756	1429	3349	1668	131	3032	347	3568	1725	586	1937	4671	3967	1832	3956	4246	6106	4321	4623	4094	525	4830	4468	3072	1381	953	6066	1111	1853	5232	3624	419	747	1000	5305	631	4998	2551	3264	2204	4452	4765	695	2823	4264	1008	4974	2248	2388	469	5650	5315	4580	320	1752	2988	5313	2686	3204	2062	4832	4598	4076	1206	5667	2384	110	3814	5662	5169	1350	1549	2656	903	788	1007	5050	4426	1980	4235	621	5534	1031	2292	2722	3055
4270	5551	2173	3838	1127	1017	1778	1119	3817	3800	5686	3570	2806	3976	5721	2807	2725	3910	4292	3298	2108	2968	3658	2615	1254	593	3787	4841	3543	3294	3221	3100	4511	696	1359	4206	4208	1340	2658	110	1886	4321	6106	5730	2955	3474	2579	333	2227	999	1445	566	4662	2846	4777	2286	4859	3267	1553	3991	587	5023	266	5002	5393	3549	1141	544	2111	2871	5282	1493	1020	2884	3820	4945	951	2150	1958	4203	4078	5640	3179	3581	2117	1641	5508	3694	5550	3726	5585	4289	2859	2624	5401	444	801	3907	1645	744	2879	3683	3953	3263	2452	1047	1168	3746	2837	5833	1686
4394	1364	1003	5825	4248	5204	491	2311	1189	2581	1903	2314	3692	3011	299	2635	1613	988	312	5569	3978	4439	825	3197	5390	836	2797	5949	3640	1201	1824	1033	448	2895	2901	476	2176	4737	5423	3990	5979	4623	5730	6106	1519	4611	3198	535	4450	2781	1963	110	2756	415	267	3500	1114	4218	2364	311	5733	3844	2904	1362	1085	1570	4473	5445	5625	3917	3034	4565	1680	2541	3331	4497	1262	1376	3288	2276	2983	1352	4508	3845	322	2028	294	5042	5698	1346	1701	165	507	3154	4948	4105	2754	782	1347	769	1108	2953	5526	3215	5717	4961	738	1537	3243	3997	5355
135	5332	2831	543	2454	3583	5515	2405	3438	2966	527	4095	110	4711	3192	259	1170	885	4372	2984	224	5930	3966	228	329	1211	2799	3088	2935	3595	4731	2264	3327	3194	1274	3261	1298	1299	4275	4866	3052	4094	2955	1519	6106	1118	4361	2224	5893	2617	4942	2595	1088	260	200	2074	1599	2718	562	1805	1745	1663	5607	2485	1018	5295	4691	2104	3594	5031	5795	1883	976	451	271	454	5611	3311	262	757	1388	2670	2833	4117	2688	4667	4022	2308	2785	4255	2737	5076	1833	5460	3010	3063	4388	4012	4299	3406	5044	910	4339	1927	5039	901	2945	1305	4467	1194	2899
1747	110	1930	110	5706	3603	4921	2030	918	4120	166	4775	5402	4742	3762	1186	1295	3988	2932	3293	386	4641	4821	315	5583	3793	2338	1125	4031	3272	3338	3808	209	4672	4324	3609	2163	3246	1452	2244	110	525	3474	4611	1118	6106	5628	3033	1944	3035	6083	3606	455	4575	1001	3336	1179	4790	4355	2969	4557	6097	3386	3240	1371	1366	4345	4041	3971	4826	6048	5528	4792	2269	2415	1638	1180	5533	4677	2707	4480	2045	2521	2079	2213	4303	4377	5279	3727	2993	5185	6088	464	3189	4738	5992	4941	3740	5539	1500	2524	3659	2007	110	1197	1610	4097	565	5808	4319	373
4253	2170	4228	3536	3514	5954	3776	1612	1785	1532	5491	4823	5824	1199	3905	1097	5298	5215	615	5481	2011	1414	1670	4397	2039	1828	110	5479	1406	2036	1792	3047	1147	1846	2363	2596	181	3394	5619	4126	5709	4830	2579	3198	4361	5628	6106	5810	1965	1167	822	732	3340	4469	4809	4785	1970	146	4982	2420	5757	6091	404	2199	1367	2982	5213	1651	5932	3780	5731	4510	2416	5344	3302	4130	1945	5333	1618	4063	3605	4751	1135	1978	3031	158	3465	5085	268	5565	519	1025	5661	2861	5371	1255	3822	1932	3668	1717	5852	2164	4413	2939	3729	5329	2864	2555	4613	3962	1755
112	2064	941	265	5351	4259	1940	5125	4272	3885	5859	1603	2927	3533	5253	3271	5723	3952	870	816	2010	167	1844	3015	4571	3556	4839	4574	4445	821	978	338	2961	6067	3936	1202	111	4585	5589	3989	4134	4468	333	535	2224	3033	5810	6106	2975	357	657	2954	5126	3932	5564	5976	3177	1635	3688	2531	3918	1659	861	3964	2685	110	5312	4703	2480	110	3834	430	875	1981	6009	4804	3484	2129	4937	5729	110	411	781	1143	2963	3830	925	1037	3097	5478	6093	574	4546	6063	2934	992	3778	3505	4237	545	2516	110	6008	5456	4910	1964	3798	1648	5104	4495	3363
1576	1100	4490	993	4824	423	1827	2742	4810	3929	4992	2162	4996	3856	2459	2599	2231	3833	3755	5780	3734	2578	4960	5179	2706	5891	4909	4851	1873	5511	4577	5457	549	4128	4695	1951	576	4509	3933	110	4453	3072	2227	4450	5893	1944	1965	2975	6106	171	3005	5482	2682	4209	3654	4853	1273	1797	5229	3678	4581	4247	5665	1474	1091	2829	2183	5689	5159	2715	5864	1195	1333	162	5501	605	5653	270	3649	651	2515	5902	5109	4919	5516	595	5171	665	2105	1627	5404	4596	5987	3081	2332	4649	5647	186	4252	713	3279	337	5679	4427	4042	5702	4278	5703	282	208	236
3268	619	5427	5077	4102	5151	5845	5107	4885	842	1495	2679	1110	4129	1601	3807	5946	1481	110	3547	3464	2356	2014	1716	5624	2503	3383	5442	4869	5957	5063	2574	110	2255	1374	4627	4927	1856	2712	5419	3509	1381	999	2781	2617	3035	1167	357	171	6106	5797	2101	1021	3520	3492	2275	1675	114	1067	3270	1057	3799	2205	3769	2674	3167	1300	3812	3043	3379	3590	5459	362	1423	4533	2041	4987	5468	2580	399	285	2038	1581	2330	5156	3540	4590	4820	4727	5648	5168	3884	3393	4519	3627	1342	5199	2350	110	2569	3552	5201	3370	6006	3712	5632	1070	500	425	2605	3853
4048	3872	3895	1399	5750	6039	3153	5789	2795	397	4455	5792	4143	3023	4409	1092	3759	1173	2297	195	3360	2755	3062	749	4366	4864	290	4240	5394	996	1855	3301	3344	5892	4898	5914	3060	3530	4329	2171	4797	953	1445	1963	4942	6083	822	657	3005	5797	6106	4708	4833	1625	1015	3018	1325	5700	1851	4682	5328	2206	391	4470	212	5092	4684	110	4986	5049	1990	5365	5904	5461	2577	743	4261	2342	5848	780	5772	2389	3281	2225	3124	4335	1096	2198	1922	1644	865	5152	3112	2845	473	1835	249	4055	523	2441	185	4068	4802	6017	3890	2070	1379	1101	3133	1341	569
3620	2200	5720	2542	4747	2034	4534	2449	1390	2644	2301	5013	2152	4268	4001	4499	5708	3169	3388	4873	324	2192	3269	1687	5173	924	6073	5557	5237	4227	1113	2201	1453	1124	152	4771	5028	5405	2793	3625	5299	6066	566	110	2595	3606	732	2954	5482	2101	4708	6106	4670	110	3390	2584	5860	1461	295	4894	129	1185	1887	5657	5529	2089	1896	4053	2418	3326	5763	5774	5038	970	3705	2774	4502	1029	929	2239	2300	4112	1525	4939	4800	5645	5821	1109	5959	1291	1244	795	2383	1467	4784	2347	4421	4860	1006	1825	5934	3463	3428	756	2759	4706	2296	4666	819	144	5388
3260	5240	3057	5506	2504	2321	4743	5437	4410	1363	1019	5052	3300	5786	110	346	682	1456	557	2477	3732	1907	5000	2256	4389	5150	3941	2473	3866	4030	1726	110	4951	2882	2341	4713	579	287	483	1715	624	1111	4662	2756	1088	455	3340	5126	2682	1021	4833	4670	6106	302	3607	4522	4609	4970	4457	5535	2219	393	3750	1761	1383	4629	2242	4763	328	1448	475	460	3528	4165	5544	5087	5093	2730	1042	1475	2992	4060	2716	2995	3291	3751	3524	2486	5413	5392	5047	1823	4274	5386	1587	1973	5428	2278	3562	6034	316	3122	2078	1654	942	1372	147	3284	2125	5990	486
852	4150	4715	4644	4699	5613	241	1263	3831	2811	2208	6080	110	2272	2372	4212	5618	2097	2705	5497	1396	2525	4633	2386	1892	6071	2855	2610	2087	4356	5260	1967	2522	4156	1287	110	3321	1952	1010	5118	967	1853	2846	415	260	4575	4469	3932	4209	3520	1625	110	302	6106	4283	2419	1132	5900	5465	3648	1034	717	1652	5143	4448	932	1869	5581	2123	5499	2059	2830	5222	2358	5322	2960	1657	5898	4315	5818	5571	2788	4837	5304	633	1765	4657	1013	3265	3310	5166	4481	1763	5908	234	4607	4856	1415	3585	1523	2905	3946	3576	4525	4135	5984	5364	4761	839	5964	5243
445	4176	4162	5609	1412	1568	4976	4917	4560	2557	1875	2215	5288	3230	4566	1331	1562	909	3846	5273	3176	184	1521	5464	6078	263	5769	4186	1872	426	4334	5841	1607	5901	2378	1222	2412	5003	1205	3980	5507	5232	4777	267	200	1001	4809	5564	3654	3492	1015	3390	3607	4283	6106	5370	4151	5688	5425	778	1628	2589	1904	4242	2450	984	5349	4373	5059	256	3213	1897	177	1026	3193	3295	3051	5807	3618	4984	5375	3711	5978	3123	2801	1326	3242	966	1830	5903	479	4863	110	2306	5225	1193	2852	2856	1684	2235	2279	5129	654	3902	4683	1079	252	5872	858	1434	3205
216	5701	1177	2800	110	110	950	2942	371	3046	2757	1086	1543	5670	5713	6021	172	815	3743	2484	2511	1507	3419	214	2144	3110	2665	3214	3069	3241	4178	3248	3551	5660	4622	726	2520	253	110	1032	784	3624	2286	3500	2074	3336	4785	5976	4853	2275	3018	2584	4522	2419	5370	6106	2304	1259	1459	1296	1354	3303	5430	493	2006	927	4606	317	2664	2572	1801	2331	856	1910	764	110	531	5414	433	3785	4328	3451	4391	5235	1365	4075	3963	5051	227	4730	5462	2979	5360	1242	3187	440	5813	2218	4383	3707	2620	2185	5494	5283	490	3414	378	4850	1681	4963	2343
4933	4279	1609	207	3314	3891	1099	3593	4353	5073	2622	3760	811	3149	5854	110	5629	3041	4705	5397	560	3819	1313	2637	2506	4185	4956	1077	5111	3975	1841	3612	1487	2964	3064	1260	306	3082	1781	360	2943	419	4859	1114	1599	1179	1970	3177	1273	1675	1325	5860	4609	1132	4151	2304	6106	4690	1729	3821	4846	1885	5308	468	4620	2789	3999	3364	3843	1264	1224	5956	1697	3494	719	2820	3244	2668	4110	3405	5697	568	193	2919	3935	1418	421	972	5307	4520	4338	3871	3423	4152	2883	4778	1058	641	1343	1622	1698	1836	5323	2481	5316	5663	2289	703	2107	4072	5350
920	5968	5748	323	3407	3079	5658	5851	4536	4309	4547	6060	4639	1874	3517	1310	6019	3741	1122	6081	4466	3444	2994	3042	786	5477	3499	4584	2834	5096	3979	1219	5595	4147	2005	5751	5099	4735	3558	2802	5828	747	3267	4218	2718	4790	146	1635	1797	114	5700	1461	4970	5900	5688	1259	4690	6106	1231	3330	4803	2931	5939	2054	2088	110	1722	2929	221	3770	3489	3880	1656	3127	5319	2483	3280	5814	5832	5019	6069	110	5300	4478	466	3865	1344	2817	1703	2427	4447	1943	5878	759	1840	2990	1050	907	4432	3348	2146	1798	5752	3892	779	5931	1488	2890	4514	1438	1962
5778	2902	2457	3371	3297	2035	4928	163	5682	5389	3621	1076	5347	904	4123	5986	2897	1515	2375	5555	1258	3233	505	1133	1405	4915	3506	5341	5438	284	5512	3028	6057	4316	1148	4236	5967	3121	2110	515	4926	1000	1553	2364	562	4355	4982	3688	5229	1067	1851	295	4457	5465	5425	1459	1729	1231	6106	1090	2202	3049	2113	4594	906	5849	718	5424	206	2507	652	6036	5030	3366	5593	4524	799	2439	1044	887	5905	2143	5398	496	4233	1104	5524	110	2442	4740	3580	4081	4477	3021	2594	2406	1256	230	4295	3036	1334	4189	5281	4254	3862	3602	5991	5330	4646	4545	4920
389	2751	1435	133	1335	4108	4882	847	5596	851	1850	2293	364	762	3748	5241	432	1218	5766	1011	3275	2080	2657	1531	1988	4562	1636	5538	542	4166	4144	4576	3863	6076	2119	752	1330	516	5100	5521	2139	5305	3991	311	1805	2969	2420	2531	3678	3270	4682	4894	5535	3648	778	1296	3821	3330	1090	6106	3014	5553	2914	2626	5923	3392	826	628	5270	5137	4489	997	671	2182	5761	2870	4902	1567	5321	3914	1540	226	2739	1398	573	1938	110	5439	3447	4542	4899	675	4011	441	4369	5643	5687	3296	4770	1151	5927	607	5325	1473	2775	5106	3623	2700	6070	4314	1494
1190	4867	3462	1640	182	5488	4403	911	1899	2527	656	3163	5962	2794	4276	4462	3937	2763	1794	959	4955	2714	577	3737	2084	370	1078	1809	5492	3155	4224	196	2583	617	3436	3152	2694	5591	3761	3065	3476	631	587	5733	1745	4557	5757	3918	4581	1057	5328	129	2219	1034	1628	1354	4846	4803	2202	3014	6106	4380	3456	2209	3211	3984	3468	1271	4801	5969	5738	1117	2776	2055	5942	1267	2539	4456	2911	2778	4589	2159	4883	4767	1522	110	2786	5434	2240	4707	3416	4794	1351	2051	4238	2012	2848	2526	612	684	3758	5883	2368	4663	1816	1510	4213	3697	4772	2312	3118
326	734	2501	534	5135	558	5890	1598	3958	5993	4357	5274	2367	3181	414	2431	5420	1577	5634	5764	4476	6105	1619	3219	4058	1158	394	1858	3677	2027	4835	2423	5310	3616	4890	1093	1421	2840	2025	1508	3398	4998	5023	3844	1663	6097	6091	1659	4247	3799	2206	1185	393	717	2589	3303	1885	2931	3049	5553	4380	6106	3680	1301	1309	1575	2408	2639	1688	1547	5343	3410	4116	987	4719	3486	1710	5873	4019	4070	5160	3430	2576	110	5045	3199	2354	2315	2514	5577	6005	4475	4734	5008	1451	1573	689	2612	5911	4768	5041	5256	1604	1265	5503	1671	1975	2283	4515	1312	2303
3138	1214	5483	4679	1116	110	888	3171	1391	4884	4190	1215	1526	854	956	2510	5132	194	3671	2568	4752	2076	3550	3008	3255	2965	4449	2854	2600	4745	5924	3553	2952	1593	3378	2333	293	3359	4182	4696	1667	2551	266	2904	5607	3386	404	861	5665	2205	391	1887	3750	1652	1904	5430	5308	5939	2113	2914	3456	3680	6106	989	1384	2413	5977	3887	1558	3586	5610	6053	2782	700	667	1227	3510	3222	1232	4408	3020	963	5324	3874	5452	6065	4554	2546	5142	2002	3164	3200	5677	3369	3930	4626	3391	5966	2586	2398	4205	1512	305	6035	2273	5799	550	5536	3753	6029	5995
3146	1889	4349	3056	5004	4148	235	5972	634	5062	4593	1561	4142	197	277	1634	4052	1463	175	648	4285	4281	2666	5065	1150	1606	110	2141	231	4766	866	3945	2355	1524	2024	2430	2972	3412	5605	1307	5692	3264	5002	1362	2485	3240	2199	3964	1474	3769	4470	5657	1761	5143	4242	493	468	2054	4594	2626	2209	1301	989	6106	5867	3477	4993	110	396	591	5948	1890	5167	128	1229	1707	1913	3245	3099	261	917	412	110	2148	388	148	3469	4013	914	4647	1422	395	2543	2607	5055	3651	739	250	6095	3596	4698	3816	5024	5518	3548	4196	5416	5953	1866	5654	1413
2380	1272	3413	5474	680	1920	688	603	110	4888	1336	916	1923	5263	4244	1773	1803	5604	278	5798	592	4071	4692	971	4220	3796	4471	5363	5835	1956	2096	4701	3511	4880	3429	561	4425	1499	5829	3546	3559	2204	5393	1085	1018	1371	1367	2685	1091	2674	212	5529	1383	4448	2450	2006	4620	2088	906	5923	3211	1309	1384	5867	6106	1542	4615	3137	1891	3983	4517	5547	5674	4793	3239	5749	4256	876	3457	2681	564	3847	3001	390	1545	2512	3898	4036	5735	1416	5449	4930	3542	3790	4972	5590	674	1541	702	635	5006	873	838	4718	5840	1643	3254	5685	844	5114	2663
3926	5906	517	4749	758	449	117	6026	4443	3574	2631	5728	3719	3045	5480	3944	4503	5146	3972	754	3924	2753	785	3573	3355	1220	552	4138	4632	3209	5198	5236	772	5368	2813	352	1921	940	3119	2340	2906	4452	3549	1570	5295	1366	2982	110	2829	3167	5092	2089	4629	932	984	927	2789	110	5849	3392	3984	1575	2413	3477	1542	6106	1925	2494	1175	690	2067	5922	2020	1977	2687	5541	1685	4507	1280	4062	453	3027	829	4485	3417	4900	1804	3115	954	5075	2019	201	6041	5108	2996	3691	5211	1534	5265	2999	4368	5788	4907	191	5608	4371	5520	2642	955	5994	4549
1164	3535	2032	5744	5549	896	2169	5597	1802	1868	4488	3105	4343	4225	5850	4035	2764	5255	691	2509	5239	3942	3490	5838	5021	4376	3195	2157	5718	4551	2309	1957	2597	2092	1182	2178	1912	2790	5182	4849	361	4765	1141	4473	4691	4345	5213	5312	2183	1300	4684	1896	2242	1869	5349	4606	3999	1722	718	826	3468	2408	5977	4993	4615	1925	6106	3455	2692	3231	701	2137	1767	110	1760	1041	1427	3290	776	1771	3019	2998	4200	5747	5446	4676	318	110	5621	4204	1757	1028	3452	3470	3588	5153	5384	2675	1217	110	145	5980	4059	608	2826	1056	2009	4999	3879	5894	3684
724	2003	3579	2131	2726	1986	2798	3252	5487	4198	2094	5485	5879	655	3404	5395	5001	1441	5064	3667	4567	1589	5032	4399	5693	664	1387	1893	4056	6047	401	1538	2770	1739	1991	199	2233	2464	3788	1661	4807	695	544	5445	2104	4041	1651	4703	5689	3812	110	4053	4763	5581	4373	317	3364	2929	5424	628	1271	2639	3887	110	3137	2494	3455	6106	3792	1989	5587	1731	269	2294	1632	3102	677	2971	4686	1401	5014	1039	4051	3368	2530	4491	4378	5061	3908	4199	606	4192	4024	2114	3482	4555	3515	5743	275	1691	5486	5122	662	3532	5120	4822	3537	5202	1942	2290	1847
4723	4187	2693	3003	428	3053	899	1210	1339	5791	5035	110	168	4642	110	3922	4103	5736	5975	4296	3566	110	3026	2549	668	512	4959	5606	5513	4872	952	1012	2458	2320	134	429	908	2736	1959	5102	5500	2823	2111	5625	3594	3971	5932	2480	5159	3043	4986	2418	328	2123	5059	2664	3843	221	206	5270	4801	1688	1558	396	1891	1175	2692	3792	6106	5714	3085	4936	533	3575	3202	5081	5952	5576	1863	5037	4949	4570	2348	4417	5136	3614	1759	3888	4396	3661	2453	5732	380	210	2629	1624	5525	157	3087	2285	5675	2894	1918	2044	4697	2362	4294	2661	3854	3970	766
5432	3208	1766	1533	1817	4829	5022	3086	2838	2765	5776	4953	4579	687	3184	1480	1105	1528	4440	3781	3772	375	1647	1787	459	4167	1004	1281	830	1939	2115	5284	5254	2907	3730	4973	4975	5017	659	5681	2496	4264	2871	3917	5031	4826	3780	110	2715	3379	5049	3326	1448	5499	256	2572	1264	3770	2507	5137	5969	1547	3586	591	3983	690	3231	1989	5714	6106	1009	4010	5715	620	457	5068	3098	5540	4624	2976	420	1995	4239	2640	4284	6051	3949	727	124	5396	6102	5858	1782	933	1142	478	5635	3273	2463	1492	4483	246	4079	1712	110	1639	140	2298	1134	3257	5020
5562	4788	422	6000	5356	5206	4652	4326	3159	1650	3873	225	559	4375	1253	5947	975	5669	232	1016	4201	2926	264	4091	5187	4037	761	2462	3947	948	5935	3882	506	2302	4422	5436	5803	4088	4754	3679	1968	1008	5282	3034	5795	6048	5731	3834	5864	3590	1990	5763	475	2059	3213	1801	1224	3489	652	4489	5738	5343	5610	5948	4517	2067	701	5587	3085	1009	6106	5552	4331	623	3652	893	3313	3140	1948	4136	5311	110	2645	783	4193	149	4612	3148	4077	1266	5219	3178	3183	3721	814	272	4808	4360	2193	3906	3789	2196	5584	1999	3698	1672	1382	5053	3304	2529	627
1446	3467	2395	377	4379	2053	3114	3589	891	4146	2335	4398	2490	3216	1230	3235	596	5707	3824	1063	5291	4717	2282	402	3992	1723	2046	2760	2630	5834	862	5897	353	2908	895	1900	1520	2040	803	3710	1810	4974	1493	4565	1883	5528	4510	430	1195	5459	5365	5774	460	2830	1897	2331	5956	3880	6036	997	1117	3410	6053	1890	5547	5922	2137	1731	4936	4010	5552	6106	2351	6037	205	1563	4419	1094	3637	5940	2641	1237	4363	777	5734	3274	434	2729	805	4653	4344	110	2158	4748	3084	407	6056	110	110	1203	4929	3382	2611	1579	3029	5884	1857	3557	4498	2564	1071
1583	5252	3921	3143	5633	1393	1247	2723	5123	5147	5767	5079	3827	190	5097	5112	482	1848	2841	5726	4288	3207	4171	110	2676	5411	4848	110	2093	4158	4327	3663	2440	174	1905	3689	2241	2414	4597	1626	2016	2248	1020	1680	976	4792	2416	875	1333	362	5904	5038	3528	5222	177	856	1697	1656	5030	671	2776	4116	2782	5167	5674	2020	1767	269	533	5715	4331	2351	6106	5117	5138	3481	6099	3435	3434	2523	5775	3913	1212	1424	1248	6061	2519	2762	213	5806	3354	5060	2758	4709	359	110	5623	4222	110	4401	4154	661	3120	2068	4781	4531	2909	5408	3804	4798	5490
5554	4458	136	3061	2732	5036	1207	2086	1411	4964	4405	2744	600	4816	4230	307	1317	2492	4027	4877	1431	1470	5326	643	1426	686	339	3681	1789	730	3756	4558	1075	424	3037	2253	5098	5358	2738	4954	2181	2388	2884	2541	451	2269	5344	1981	162	1423	5461	970	4165	2358	1026	1910	3494	3127	3366	2182	2055	987	700	128	4793	1977	110	2294	3575	620	623	6037	5117	6106	1530	5710	2518	2186	537	2844	3998	3440	3655	513	2928	2460	1949	6012	4459	150	943	4736	1909	946	1178	3089	2717	5191	4552	5496	5272	5194	5327	939	3395	1030	1136	2740	1236	1246	2588
