5051	863	4804	1072	477	805	1623	1543	3355	1627	454	1174	4287	4530	3309	3770	1474	2533	1963	1063	235	4836	100	915	3258	4074	1876	4552	4431	2671	4728	1365	3437	4199	2802	258	3538	1574	2219	4031	1244	4704	795	4346	2126	2489	2847	2310	4091	3113	928	2503	1589	4100	4605	4620	316	1716	1488	3470	3518	4680	695	1668	2119	2448	4262	4306	2341	334	405	2458	859	2554	373	2839	5050	1065	4963	1892	2487	300	2327	1398	2433	3536	3569	3143	2675	2859	1082	2840	4422	2741	1282	911	1920	368	4339	2991	2065
863	5051	2376	1486	553	3596	3961	4669	3794	4443	1224	1698	3277	407	2557	144	3324	270	3921	100	856	4479	2160	3181	3396	2094	2187	3130	2799	2075	3354	973	3025	5008	1507	1128	2315	807	967	1916	660	1828	3543	771	1924	4080	2317	366	479	3374	558	1351	2696	4617	892	1851	3919	4516	2659	3176	4536	131	4549	3106	361	2792	3951	100	4797	3751	2375	4301	1236	3100	4446	4463	464	4292	3965	4118	1958	1137	4534	100	2323	3750	4104	2891	3203	3126	3091	4323	3980	2716	2390	400	3890	2751	3172	3924	4717
4804	2376	5051	3778	3591	1887	898	4786	743	3822	3827	2185	3188	3015	2559	4352	3763	3103	4055	3819	2634	4056	3469	3031	2386	1295	2156	4599	1422	1526	3956	940	2597	1809	984	1060	587	315	3139	4720	1692	3556	985	4115	3568	4302	1799	3367	1225	3507	3330	397	2851	1469	3180	3027	808	2061	100	1289	767	430	1516	2604	3223	3854	4758	3498	3379	2006	4957	1085	3566	4288	1630	307	3649	1895	473	4685	4587	4376	2630	2680	890	171	3514	543	3791	4501	364	1414	3060	1038	3567	2855	3045	3892	251	2172	100
1072	1486	3778	5051	2611	2899	3553	961	296	1781	1479	2992	3913	2704	2522	3461	4174	2885	3906	4412	1080	4313	255	656	1531	4544	4755	159	1191	392	4994	4201	3603	4333	4048	4281	4218	4483	100	2895	2296	4909	4304	1456	3962	2504	100	534	134	2330	3739	3923	4527	2233	3840	1009	3521	1665	4972	664	3251	3443	3363	4987	377	4684	5013	1466	1173	1223	3164	713	2745	1968	2507	2374	962	2255	4978	2378	1748	4787	2015	2718	2229	2013	3925	2149	3478	650	3154	2232	1055	396	830	737	2655	2758	720	3984	1536
477	553	3591	2611	5051	658	3438	2906	3491	4754	4845	2591	723	4365	954	1577	602	3075	4520	2337	3055	1348	2756	1766	2028	2627	4521	3329	1206	4604	105	3287	1363	601	1104	1327	3263	4087	2231	3165	459	3803	1399	4735	2179	3602	444	3726	3192	3040	1252	860	2932	3899	4457	267	3358	2540	100	1598	2979	1915	434	1906	4317	1620	1383	4309	4926	1614	3534	3941	4052	2938	3061	1928	3642	1307	135	4318	108	4148	646	1606	1838	1317	3512	4177	4860	845	4064	4391	4812	823	2449	4135	1350	2377	2950	3265	4824
805	3596	1887	2899	658	5051	3852	5025	1608	2301	1725	4439	4933	375	2770	3947	827	2767	1515	2662	3195	1193	2710	2024	1823	4362	2087	2348	3331	3932	1246	465	2247	1473	138	301	4510	5018	2903	3955	4841	1452	3282	1159	100	886	4003	1689	921	4792	177	3264	2835	1153	3464	458	182	4732	209	2724	3459	3073	3022	4619	4236	390	2999	1910	3123	4893	1045	354	4595	3338	2688	2738	4871	3444	4651	600	1260	2602	1921	1028	2712	2660	2500	4924	533	2528	1188	3072	3272	143	145	391	2412	2658	770	4741	2998
1623	3961	898	3553	3438	3852	5051	2759	988	2833	1339	3000	4910	3817	3936	505	4452	2673	4388	606	4370	1704	4305	907	3197	838	4977	100	148	2128	3562	2761	2030	4036	2253	1700	3147	2137	1108	4782	3912	3805	3590	1121	160	4580	1418	122	1815	1640	2908	848	3660	4959	1319	381	4509	990	5035	1240	1883	4499	1594	312	1760	100	3841	2923	1836	4491	2773	3849	4067	2784	4937	150	1275	1712	196	3780	1919	2342	4196	4110	3056	769	1480	1435	1308	983	3856	4918	3280	3212	562	1309	2831	1438	4224	4283	885
1543	4669	4786	961	2906	5025	2759	5051	616	3169	1357	2588	2289	922	265	2451	4220	2071	2763	2169	3689	3617	113	1860	3624	1054	100	4970	174	3157	100	2320	1048	4912	3871	1042	3474	3353	3728	1846	4269	1744	4518	2358	4420	969	3376	100	4223	2806	2719	3462	1597	2084	4050	4334	3279	802	1127	1190	5028	1204	3067	905	4458	4962	2531	2040	3292	393	4202	4921	4638	4532	3250	127	4273	2779	2963	1403	1940	4419	777	2876	1590	2031	1643	100	346	2369	3038	2021	2822	4666	2049	4702	4543	1867	2138	3582	4879
3355	3794	743	296	3491	1608	988	616	5051	2849	357	2816	264	2888	4848	779	2990	3589	1179	4386	4411	4649	1569	4200	3472	3008	2669	3549	4160	634	1579	4843	3779	4677	4296	942	4765	2095	379	141	857	481	2362	2004	4385	3340	5043	1051	2062	1830	4240	1960	4574	1853	3043	2882	4621	4122	3149	4712	1034	544	3158	2897	3872	2197	3439	2107	2151	100	2029	3510	250	3752	1728	3454	1257	2631	4247	1556	4093	3700	4249	620	1294	4783	566	2052	4342	2960	4377	1897	1615	4873	1169	201	3731	1436	694	2907	252
1627	4443	3822	1781	4754	2301	2833	3169	2849	5051	4710	4672	1933	4645	1521	4919	3757	2956	2266	2775	4094	4829	2011	466	3811	3295	4512	3146	2933	1100	1973	1226	4846	3373	1250	1449	3657	4134	2864	3818	4763	1301	748	2222	2163	2302	2639	489	4464	2181	2184	3508	3630	2168	3855	498	1491	1160	1287	1446	1805	920	2661	2572	4816	2326	1134	3644	4982	3662	2316	100	3667	3806	1837	535	2463	279	941	3501	3252	3244	507	3685	3858	1842	4494	2922	2515	4097	2966	4084	290	3541	1445	1429	2813	1109	2210	3769	3588
454	1224	3827	1479	4845	1725	1339	1357	357	4710	5051	1149	645	1329	901	3781	711	1642	691	642	4345	3426	213	551	4691	4973	2590	3085	331	2931	433	1235	1986	4489	1245	1167	2526	2676	697	100	541	4844	491	1375	3471	3555	4581	4308	3204	3544	1825	678	549	3732	2668	3260	3618	2768	1197	2682	3525	3257	2328	1095	1346	3715	3497	4136	2140	1550	4725	1938	1145	3089	1442	2114	1129	360	2167	1848	1613	1652	4593	924	4613	1067	3516	2312	4847	4598	4307	4686	1459	3723	4813	3655	4923	582	369	4561	4086
1174	1698	2185	2992	2591	4439	3000	2588	2816	4672	1149	5051	3385	1780	2949	1493	1358	2491	688	449	1185	1254	4630	304	1905	1230	4778	4289	2826	4401	1767	3486	5042	3306	1843	2450	2976	881	2647	3814	4228	3684	1411	2300	643	4108	3749	4612	649	2958	1959	2293	4870	2406	633	3207	4889	285	5016	3421	1373	1154	1448	2226	1682	781	423	3494	2848	3847	385	2837	2941	1749	1964	4583	3351	100	4981	945	1831	2069	576	3138	3666	4158	4251	286	4996	416	1889	3844	1530	3573	2037	1759	842	3977	3314	3799	198
4287	3277	3188	3913	723	4933	4910	2289	264	1933	645	3385	5051	4745	1956	2385	3062	5007	1990	818	3110	1337	3571	1944	3179	3182	4276	2205	3665	107	624	218	3570	3654	2124	100	3699	1797	4867	100	2275	4194	2836	2544	740	4990	1841	2129	101	4913	4123	1865	3423	578	3425	3463	613	3629	1743	1572	1379	3291	708	1534	2636	896	295	3057	938	4899	2125	4253	1571	3327	492	2098	1711	100	3873	3410	3361	4538	641	4255	3382	1628	644	3774	3160	683	3407	3776	2054	2339	3370	3274	1312	1785	308	435	2581
4530	407	3015	2704	4365	375	3817	922	2888	4645	1329	1780	4745	5051	3558	4142	3413	1790	2558	2419	2776	2010	1538	2601	4801	1170	4274	1639	1163	875	3432	3694	4780	166	106	151	2929	946	3918	3293	3289	2518	2161	3488	4116	3552	382	1995	728	2497	4182	3108	4157	345	4326	3406	1274	4140	4709	2872	463	1917	3634	2279	4887	1619	4774	2101	1133	3233	3926	1061	3400	715	3220	3677	3960	897	2721	1872	1991	2937	3522	100	5048	1382	869	4769	1025	3523	581	2750	2221	1361	3134	1998	1432	4681	4277	1896	4975
3309	2557	2559	2522	954	2770	3936	265	4848	1521	901	2949	1956	3558	5051	3785	2510	3727	968	1376	884	231	4461	3863	455	4693	1135	4354	100	1355	1699	4226	2846	1957	731	1046	4462	5031	4482	1372	783	4823	4325	1253	2772	1677	4172	4998	707	2603	2707	2066	163	559	1444	4503	3957	3414	4748	4958	3168	1416	1926	100	1861	1084	223	1855	1551	840	4359	1900	2981	1189	5037	3542	2964	4198	4703	3862	1368	776	2132	829	2605	4448	716	2405	3842	3850	1027	4433	4573	4674	1107	563	3907	1234	4381	3451	4545
3770	144	4352	3461	1577	3947	505	2451	779	4919	3781	1493	2385	4142	3785	5051	4730	2565	2480	2056	2282	3636	2367	712	4366	4558	680	3077	1925	3783	4032	580	4486	2733	2915	1352	376	1894	3184	2492	3386	3417	403	1033	2303	2349	2319	3944	4072	3800	1500	3808	2136	2178	2666	4892	1074	4737	1762	3082	4928	993	623	4077	4560	4246	4178	1996	3166	3658	121	4356	2070	714	4707	3834	804	3810	3734	2764	583	4623	1800	2170	2593	4143	4859	2982	1094	4353	2983	4905	589	2171	2984	4331	100	3949	3224	2570	4007
1474	3324	3763	4174	602	827	4452	4220	2990	3757	711	1358	3062	3413	2510	4730	5051	3019	3372	4208	4294	4375	3527	3294	3430	3046	4278	184	1817	2723	3326	3215	3998	3531	5023	343	4046	344	2695	149	4759	2641	4946	100	2566	3911	220	1931	1549	1768	4934	2498	3445	669	4384	1839	5003	2090	4169	3076	3262	2921	4679	4779	4591	3468	3963	989	2972	2265	2697	3712	140	355	4378	1463	4726	1770	2360	667	1022	1832	3163	3213	2417	997	3098	1083	1869	100	4232	4364	3793	1218	2460	4291	2535	2477	2079	2951	1420
2533	270	3103	2885	3075	2767	2673	2071	3589	2956	1642	2491	5007	1790	3727	2565	3019	5051	952	4506	1518	1468	3217	2117	919	100	1616	3554	1952	2294	1941	565	4664	3702	4041	971	1291	1278	1733	3898	902	949	1784	820	2782	1599	1638	1595	4418	4819	3706	1568	2892	619	2679	4029	330	1209	996	4349	3449	1119	4568	178	2100	3249	2350	4214	4329	4673	3505	1849	607	717	1637	1580	1273	125	3557	709	904	1954	1405	1271	100	3419	4641	3167	4949	1007	5044	1512	1885	1607	1377	299	452	2248	2870	3671	427
1963	3921	4055	3906	4520	1515	4388	2763	1179	2266	691	688	1990	2558	968	2480	3372	952	5051	1671	3846	2014	2643	4469	2365	3741	4088	2213	3234	2927	4015	2573	4602	4618	3586	1666	2455	1523	100	843	1541	593	3328	1356	1603	3887	3128	2057	2754	2783	4616	4894	2809	3041	978	1116	3719	3132	2202	735	2560	2781	912	3718	1222	4316	4113	1891	4624	2139	2786	3002	4799	2742	586	3325	609	2036	3993	2131	4904	2035	2814	1967	1544	768	1706	3409	4771	900	4723	2059	2644	1316	4969	3365	1370	2842	4586	4967	1426
1063	100	3819	4412	2337	2662	606	2169	4386	2775	642	449	818	2419	1376	2056	4208	4506	1671	5051	260	3848	1985	3170	2638	1437	2684	4566	4657	4656	2571	3598	2945	4427	2800	1802	648	100	3148	1653	1978	229	261	4002	2471	2068	4837	3532	2092	239	2381	3465	4416	3996	2445	788	3720	3688	2747	257	4417	1934	1138	1017	3420	2047	4856	2820	3275	1058	3623	1030	746	955	4270	1231	3125	3152	547	3173	439	1182	3116	3253	2732	1237	2902	3408	2344	4028	803	4502	4204	2186	4496	3297	3663	757	520	3178	1600
235	856	2634	1080	3055	3195	4370	3689	4411	4094	4345	1185	3110	2776	884	2282	4294	1518	3846	260	5051	2678	3124	272	1239	293	3127	4582	998	4877	4394	2821	1750	4880	2422	2106	1510	1268	1657	2435	1812	1626	408	636	3535	1079	866	4455	3369	3418	244	436	1913	1171	3335	3107	100	1562	1772	4415	1560	4872	2861	192	3959	2578	499	493	4784	100	363	1791	789	4010	142	1631	3550	3565	909	1369	3093	1936	100	3837	3950	1662	786	212	4145	4885	3859	4714	3384	2081	2103	4930	197	1166	2418	2686	4721
4836	4479	4056	4313	1348	1193	1704	3617	4649	4829	3426	1254	1337	2010	231	3636	4375	1468	2014	3848	2678	5051	4773	2954	2777	4285	536	4230	438	1019	2749	4263	2967	1937	1561	2519	462	3563	3888	4825	4063	1089	3440	1505	1331	2947	4397	855	4027	837	2228	2815	687	4729	611	4637	100	3092	3191	3452	170	4478	1659	1882	4601	2722	1136	268	2464	4853	1232	502	1102	4217	1056	4071	2371	1043	591	542	4629	1091	3003	2711	1401	3381	2713	1764	306	1847	1441	1635	685	3433	3656	3853	1439	4330	2694	573	1943
100	2160	3469	255	2756	2710	4305	113	1569	2011	213	4630	3571	1538	4461	2367	3527	3217	2643	1985	3124	4773	5051	1115	2582	263	3729	4059	4953	3479	1451	1982	3145	3761	3894	183	2866	283	4043	1591	3129	4165	2596	2276	622	1789	1596	3513	4324	2147	2904	1691	3446	1344	100	2765	5039	4284	1951	4667	4646	2427	1049	429	764	4444	2158	2509	3411	908	2727	1205	3701	1724	2506	3051	3788	4487	3641	2003	100	4399	1987	394	4742	4569	4719	936	3917	1726	4282	2537	765	2917	736	2924	948	1695	3594	2322	2165
915	3181	3031	656	1766	2024	907	1860	4200	466	551	304	1944	2601	3863	712	3294	2117	4469	3170	272	2954	1115	5051	1328	4627	918	100	3011	3261	425	2586	4952	164	1663	2538	4776	2887	4941	3016	1670	2865	2159	3760	982	1412	4556	2524	2379	3903	3094	3576	2622	2901	4428	3156	2693	3682	1010	4406	4222	3904	236	424	741	2971	980	2568	4875	1096	4606	2725	3210	1334	4857	3301	100	5040	4976	112	4490	4237	4633	100	1106	1026	3118	2002	760	3457	1942	1783	4348	4739	4047	1576	4480	2654	1168	2173	2008
3258	3396	2386	1531	2028	1823	3197	3624	3472	3811	4691	1905	3179	4801	455	4366	3430	919	2365	2638	1239	2777	2582	1328	5051	4213	4260	975	3320	1997	4297	3285	2271	1880	4832	1484	3030	2473	2277	3756	450	3613	3511	2270	4371	3807	4290	1610	4993	100	4171	2830	2862	2105	4906	3693	1099	4078	4360	3637	1078	217	4350	2415	3183	4540	4017	1324	3606	2410	100	2580	1719	2162	871	4150	337	1052	2470	2284	4964	2825	2567	599	3318	3405	2113	2734	1710	2594	1381	2664	3622	3303	2122	277	225	2211	2587	603	3647
4074	2094	1295	4544	2627	4362	838	1054	3008	3295	4973	1230	3182	1170	4693	4558	3046	100	3741	1437	293	4285	263	4627	4213	5051	931	3033	2123	3502	2421	4212	3713	2436	1314	4026	3915	476	2249	2091	999	2484	262	3307	3455	2332	4367	3978	1801	3081	1070	1394	903	2396	4101	100	847	3946	1902	4895	2466	320	4756	5011	517	4900	2456	3798	4789	1813	1522	2791	2642	3945	3707	3792	701	1068	445	3517	752	4096	137	3868	2329	4103	298	1629	4795	663	3659	1681	1300	3625	1177	3122	2703	4432	3133	2286	4341
1876	2187	2156	4755	4521	2087	4977	100	2669	4512	2590	4778	4276	4274	1135	680	4278	1616	4088	2684	3127	536	3729	918	4260	931	5051	1545	3987	3429	4650	4939	3748	289	1457	2263	1408	2157	2254	3670	4256	4117	370	2257	3867	3744	1833	775	1336	4960	883	1353	854	4528	1256	4896	3753	4525	4842	2176	725	4473	1753	3581	3721	2096	287	1501	3796	500	2812	179	2318	853	3614	1362	1533	1397	1124	2078	5034	790	2268	2657	3243	4193	3208	2217	4596	4950	4533	2019	4668	1303	342	1280	4035	4001	2023	1434	1277
4552	3130	4599	159	3329	2348	100	4970	3549	3146	3085	4289	2205	1639	4354	3077	184	3554	2213	4566	4582	4230	4059	100	975	3033	1545	5051	4229	3489	819	1871	2652	672	2536	1262	1310	1803	2373	1994	3937	734	3298	3321	2665	564	4575	102	4062	548	3905	1679	4337	2285	3900	4869	1248	1433	4484	1478	710	3801	4181	1014	1269	190	4715	4380	253	659	3939	4267	2486	590	2452	4733	1717	1650	4203	4793	2239	3175	1059	1886	339	3434	4209	4559	1018	3102	3495	518	2511	2304	4327	1756	2441	3813	1031	774	891
4431	2799	1422	1191	1206	3331	148	174	4160	2933	331	2826	3665	1163	100	1925	1817	1952	3234	4657	998	438	4953	3011	3320	2123	3987	4229	5051	696	1736	2000	2760	3893	1558	1195	3824	822	288	4954	1547	3766	2980	3205	1120	487	2920	726	4395	2736	1318	684	526	3683	3533	3931	2699	3308	2313	1424	5027	1532	1667	4535	1496	552	2585	3564	4585	1654	4777	4809	742	1467	1775	4876	3083	3315	4357	4006	3989	1462	2469	3349	585	2527	3254	916	579	1645	2939	3477	2874	1517	933	4300	797	1850	3826	5047	2766
2671	2075	1526	392	4604	3932	2128	3157	634	1100	2931	4401	107	875	1355	3783	2723	2294	2927	4656	4877	1019	3479	3261	1997	3502	3429	3489	696	5051	4065	1950	2780	1374	447	4699	834	2867	3368	1602	2771	3066	100	1776	2134	4176	326	2442	2154	1741	100	690	4450	2706	1918	3767	3398	4731	4390	4152	1866	1259	4891	3832	1196	1977	1044	2259	4916	4634	4014	3202	756	506	4400	2399	305	1395	2363	2952	957	3690	844	4971	5020	1965	322	2502	864	3897	3886	3390	2828	2397	1202	3473	3696	4205	3044	1406	4373
4728	3354	3956	4994	105	1246	3562	100	1579	1973	433	1767	624	3432	1699	4032	3326	1941	4015	2571	4394	2749	1451	425	4297	2421	4650	819	1736	4065	5051	2082	2689	2974	165	1483	100	4013	545	2740	635	4211	4020	2384	2083	280	2900	4935	100	4851	1774	2215	3653	1618	4652	111	3095	798	3112	3724	3861	608	204	4827	2145	2501	4421	3828	1969	4550	3601	2512	4839	503	3064	100	1739	3087	3362	1071	495	2413	979	2372	1738	4344	388	4800	719	114	1632	2877	2619	1013	2355	1782	2192	1914	4272	4734	4640
1365	973	940	4201	3287	465	2761	2320	4843	1226	1235	3486	218	3694	4226	580	3215	565	2573	3598	2821	4263	1982	2586	3285	4212	4939	1871	2000	1950	2082	5051	2616	2648	1793	640	2798	2462	2811	2685	3268	2334	1506	224	3902	484	4258	1430	4022	2479	1911	705	868	3226	3174	100	4005	1648	2220	1777	2012	2692	2204	3267	1431	2614	2474	977	4474	504	1037	4049	3312	4106	3638	592	4753	3772	2807	4713	2987	1731	1563	3496	4803	759	480	1747	1288	3927	516	4878	3668	4576	1343	3240	3466	3736	431	4363	2407
3437	3025	2597	3603	1363	2247	2030	1048	3779	4846	1986	5042	3570	4780	2846	4486	3998	4664	4602	2945	1750	2967	3145	4952	2271	3713	3748	2652	2760	2780	2689	2616	5051	1742	3232	4111	1555	2720	324	877	3981	3266	4191	1258	3441	3881	4424	1875	4225	451	2708	4162	2333	1333	2439	1675	2142	3153	668	3227	147	348	4034	117	3816	4852	3222	4155	4814	3583	1364	100	2252	4806	4293	4241	3151	4144	718	4195	4584	3467	3120	730	4547	1199	3633	732	1298	598	2894	1502	5006	2212	1041	100	1380	386	1811	2338	1509
4199	5008	1809	4333	601	1473	4036	4912	4677	3373	4489	3306	3654	166	1957	2733	3531	3702	4618	4427	4880	1937	3761	164	1880	2436	289	672	3893	1374	2974	2648	1742	5051	2291	1024	4358	2514	2871	100	1683	215	766	5024	2953	1485	3821	3820	2063	1864	4243	362	560	1859	421	3377	2701	4355	824	4168	3529	2256	1029	2624	4854	4438	1229	874	538	4835	1413	1898	136	5021	2297	1176	4261	118	413	2437	3691	3910	4614	521	1322	2928	186	1636	3530	4389	1873	584	2609	4603	1723	4405	3198	1384	617	228	2194
2802	1507	984	4048	1104	138	2253	3871	4296	1250	1245	1843	2124	106	731	2915	5023	4041	3586	2800	2422	1561	3894	1663	4832	1314	1457	2536	1558	447	165	1793	3232	2291	5051	4466	665	1392	1868	273	810	3782	2198	3725	100	2796	4688	4449	5038	2115	2600	3422	4312	3047	513	3901	1835	3356	4833	3914	2629	738	2230	100	4409	839	3394	4697	2803	567	4254	2705	4453	850	191	193	1175	1360	1378	531	4863	4079	4805	2577	3943	4979	3392	3300	1975	1980	4579	1093	245	128	1826	181	4692	1758	3402	2898	311
258	1128	1060	4281	1327	301	1700	1042	942	1449	1167	2450	100	151	1046	1352	343	971	1666	1802	2106	2519	183	2538	1484	4026	2263	1262	1195	4699	1483	640	4111	1024	4466	5051	3742	4128	1125	1904	597	888	2827	440	4818	572	2064	3346	773	469	4210	2575	4407	100	4808	3585	5030	2048	1829	4865	2242	2628	1393	1002	3005	2321	1139	809	4690	1601	3908	4146	456	4943	3052	1863	4551	699	1520	2753	2545	1807	2878	639	2467	1117	4159	679	1854	3626	219	3520	2423	4655	1325	2996	651	3815	2804	2632	3499
3538	2315	587	4218	3263	4510	3147	3474	4765	3657	2526	2976	3699	2929	4462	376	4046	1291	2455	648	1510	462	2866	4776	3030	3915	1408	1310	3824	834	100	2798	1555	4358	665	3742	5051	4716	1279	2940	3708	4911	1272	3028	2595	3880	3032	1465	3196	1286	4610	1578	3988	3276	1126	812	4343	537	532	3765	3332	2863	2051	4785	1320	249	835	704	1734	862	1249	519	4492	4781	310	2546	778	2997	3348	4319	953	527	3857	2481	1032	3412	2534	882	1315	555	4751	4476	1974	2225	625	2553	2269	2884	2542	1701	4332
1574	807	315	4483	4087	5018	2137	3353	2095	4134	2676	881	1797	946	5031	1894	344	1278	1523	100	1268	3563	283	2887	2473	476	2157	1803	822	2867	4013	2462	2720	2514	1392	4128	4716	5051	4129	1143	1111	3896	4992	2576	4266	1243	1746	4757	4004	3547	328	4435	3994	1407	2258	3607	2910	1220	2044	4974	1447	2108	867	4519	1947	1901	4874	2986	2461	1440	4989	3070	3042	2550	4794	3024	2401	269	722	4468	100	2241	2359	442	2361	2626	1263	146	4884	1857	2690	923	523	2529	510	2216	4626	3717	2911	4815	3515
2219	967	3139	100	2231	2903	1108	3728	379	2864	697	2647	4867	3918	4482	3184	2695	1733	100	3148	1657	3888	4043	4941	2277	2249	2254	2373	288	3368	545	2811	324	2871	1868	1125	1279	4129	5051	1686	3722	3310	3503	4883	3519	4796	693	327	2856	524	1005	3973	995	2447	2133	205	4798	3597	5001	3086	4997	3428	350	2102	100	1927	1213	3026	4338	4351	4073	2994	2677	3885	4590	3399	4149	4831	3609	3524	4445	1537	1255	1490	749	508	554	2453	3435	3270	1513	3078	1183	1552	525	4257	2058	2050	994	2111	2925
4031	1916	4720	2895	3165	3955	4782	1846	141	3818	100	3814	100	3293	1372	2492	149	3898	843	1653	2435	4825	1591	3016	3756	2091	3670	1994	4954	1602	2740	2685	877	100	273	1904	2940	1143	1686	5051	1077	2245	2968	2459	4683	1732	4459	4265	294	2651	2881	4922	195	2382	4711	700	540	240	2653	1824	428	4678	1504	216	1086	2752	1299	3104	1827	4396	1585	733	4075	371	3235	3786	3577	944	4983	1150	115	3709	3878	4163	3387	4694	1158	4271	247	1745	1617	4161	4862	960	3611	2366	3870	1227	2714	2364	1281
1244	660	1692	2296	459	4841	3912	4269	857	4763	541	4228	2275	3289	783	3386	4759	902	1541	1978	1812	4063	3129	1670	450	999	4256	3937	1547	2771	635	3268	3981	1683	810	597	3708	1111	3722	1077	5051	100	3388	2551	156	3347	1112	3645	836	1808	5033	4897	654	4622	4722	3037	4311	2236	4060	302	1012	1884	3695	5029	1721	1583	4600	2476	2852	2726	100	976	1122	2203	1542	894	780	2785	4061	4275	2478	100	4663	1335	1087	3964	100	906	1751	3475	3804	539	2995	1730	662	3869	2038	1069	817	4414	4948
4704	1828	3556	4909	3803	1452	3805	1744	481	1301	4844	3684	4194	2518	4823	3417	2641	949	593	229	1626	1089	4165	2865	3613	2484	4117	734	3766	3066	4211	2334	3266	215	3782	888	4911	3896	3310	2245	100	5051	3216	4242	2579	234	3304	970	3940	3539	1798	3687	167	4227	4268	1688	237	2093	1208	4764	3283	3079	3874	2175	194	3155	3746	4320	2152	2889	2143	130	3230	1146	514	1702	2739	666	3883	972	1455	203	4279	222	4252	314	2430	1390	100	3845	873	2730	2400	3976	4498	1553	3054	1622	4647	4565	3401
795	3543	985	4304	1399	3282	3590	4518	2362	748	491	1411	2836	2161	4325	403	4946	1784	3328	261	408	3440	2596	2159	3511	262	370	3298	2980	100	4020	1506	4191	766	2198	2827	1272	4992	3503	2968	3388	3216	5051	1687	1907	2919	4095	1646	571	2009	4822	2530	1492	4109	103	556	3352	4563	109	100	4025	232	3979	1634	154	2193	1834	2146	333	3316	670	4607	3225	3580	3733	2743	4881	917	5026	100	628	3214	3958	2829	4968	3592	2985	1795	744	3074	4131	2262	3537	3159	5045	3360	3053	4572	934	1203	2246
4346	771	4115	1456	4735	1159	1121	2358	2004	2222	1375	2300	2544	3488	1253	1033	100	820	1356	4002	636	1505	2276	3760	2270	3307	2257	3321	3205	1776	2384	224	1258	5024	3725	440	3028	2576	4883	2459	2551	4242	1687	5051	2824	3773	100	698	2438	4632	1297	453	100	2042	2569	4914	2667	1879	2298	3599	2295	4840	4838	3789	3248	3758	1988	794	4901	275	550	747	4441	932	242	4436	3427	1612	1972	4767	2485	3359	2190	104	1388	800	1270	2610	1693	831	3790	1366	2989	3140	3686	4085	100	169	336	2209	2583
2126	1924	3568	3962	2179	100	160	4420	4385	2163	3471	643	740	4116	2772	2303	2566	2782	1603	2471	3535	1331	622	982	4371	3455	3867	2665	1120	2134	2083	3902	3441	2953	100	4818	2595	4266	3519	4683	156	2579	1907	2824	5051	3371	826	2755	399	2311	281	3136	3651	5009	2978	754	349	2118	2207	4465	674	784	596	3403	1819	1000	677	1454	3983	703	3364	1584	3971	4861	2623	1565	865	3740	1460	254	2260	478	422	1321	557	2306	2027	3187	647	2120	1101	1081	4310	4082	4915	4051	2868	3933	2793	692	2549
2489	4080	4302	2504	3602	886	4580	969	3340	2302	3555	4108	4990	3552	1677	2349	3911	1599	3887	2068	1079	2947	1789	1412	3807	2332	3744	564	487	4176	280	484	3881	1485	2796	572	3880	1243	4796	1732	3347	234	2919	3773	3371	5051	751	3884	5032	3997	1221	271	2621	3704	2698	1609	793	2505	297	512	2490	638	2244	100	4454	3730	4040	3929	2790	4090	3775	329	3650	2443	1148	2893	615	482	274	3229	3631	880	2879	4548	1778	1593	2424	4984	568	1011	176	2552	3460	2555	2409	1450	913	4515	4886	2532	4264
2847	2317	1799	100	444	4003	1418	3376	5043	2639	4581	3749	1841	382	4172	2319	220	1638	3128	4837	866	4397	1596	4556	4290	4367	1833	4575	2920	326	2900	4258	4424	3821	4688	2064	3032	1746	693	4459	1112	3304	4095	100	826	751	5051	1391	3090	1709	3560	3639	353	4718	661	4570	4481	4788	2166	761	4775	974	2909	488	3109	2499	233	4820	4752	3034	497	3876	2962	1385	2080	1097	211	4303	1696	3595	3632	1233	4038	4053	1410	100	230	4985	1899	4589	1557	3972	4018	2520	4659	3864	2324	3036	3612	4379	2495
2310	366	3367	534	3726	1689	122	100	1051	489	4308	4612	2129	1995	4998	3944	1931	1595	2057	3532	4455	855	3513	2524	1610	3978	775	102	726	2442	4935	1430	1875	3820	4449	3346	1465	4757	327	4265	3645	970	1646	698	2755	3884	1391	5051	1214	266	4070	4170	3322	729	2072	4447	3895	4956	404	2715	3096	4826	474	1970	2973	3144	2729	1132	1981	3431	412	515	155	3049	1184	801	460	3115	1427	1939	2299	2646	4166	1415	2496	1050	3302	4372	1983	126	4675	1215	2896	124	750	2388	4821	3679	3891	4120	3579
4091	479	1225	134	3192	921	1815	4223	2062	4464	3204	649	101	728	707	4072	1549	4418	2754	2092	3369	4027	4324	2379	4993	1801	1336	4062	4395	2154	100	4022	4225	2063	5038	773	3196	4004	2856	294	836	3940	571	2438	399	5032	3090	1214	5051	4504	724	1098	1992	657	4635	4434	3762	3189	2150	1073	4658	4470	4760	3333	1326	671	426	3397	981	457	3135	129	3787	2539	2942	395	1141	4042	1729	4234	618	4817	3922	2025	758	468	4529	4654	2735	100	1605	1514	2817	1461	321	1062	188	3528	2957	3879	2283
3113	3374	3507	2330	3040	4792	1640	2806	1830	2181	3544	2958	4913	2497	2603	3800	1768	4819	2783	239	3418	837	2147	3903	100	3081	4960	548	2736	1741	4851	2479	451	1864	2115	469	1286	3547	524	2651	1808	3539	2009	4632	2311	3997	1709	266	4504	5051	2563	3317	4555	1389	1207	3114	3059	2843	3777	4114	383	3001	4676	2335	799	4850	1976	2525	3296	3829	1172	3141	2076	4425	2046	4810	1540	1644	3875	341	595	1529	546	2702	893	2053	796	1527	4137	4907	1564	4495	3177	964	1559	755	2823	3621	1472	914	1788
928	558	3330	3739	1252	177	2908	2719	4240	2184	1825	1959	4123	4182	2707	1500	4934	3706	4616	2381	244	2228	2904	3094	4171	1070	883	3905	1318	100	1774	1911	2708	4243	2600	4210	4610	328	1005	2881	5033	1798	4822	1297	281	1221	3560	4070	724	2563	5051	3391	4594	276	120	3311	335	4539	100	1989	3383	152	3228	1035	3948	2274	2613	3344	846	2905	4772	3121	4081	2389	2278	2273	2482	3784	2564	5049	4567	2357	3023	4125	4706	3012	2237	3703	4749	3039	2468	1690	1409	2060	1874	3843	100	1649	4564	162	4298
2503	1351	397	3923	860	3264	848	3462	1960	3508	678	2293	1865	3108	2066	3808	2498	1568	4894	3465	436	2815	1691	3576	2830	1394	1353	1679	684	690	2215	705	4162	362	3422	2575	1578	4435	3973	4922	4897	3687	2530	453	3136	271	3639	4170	1098	3317	3391	5051	365	4790	4951	3584	2748	1548	4189	189	1495	5041	1110	3171	2281	2425	2250	4802	2041	4126	4696	2728	3930	2218	317	3648	3992	991	1164	352	100	3953	1015	1566	4762	4430	5014	4642	4016	4190	5000	2055	1806	2033	4147	2164	878	1708	992	2305	387
1589	2696	2851	4527	2932	2835	3660	1597	4574	3630	549	4870	3423	4157	163	2136	3445	2892	2809	4416	1913	687	3446	2622	2862	903	854	4337	526	4450	3653	868	2333	560	4312	4407	3988	3994	995	195	654	167	1492	100	3651	2621	353	3322	1992	4555	4594	365	5051	243	2394	1008	1113	483	2618	4235	605	2488	1718	2731	309	446	870	1219	259	4248	202	3236	4514	226	2153	4902	472	2043	5012	4023	4238	2420	4631	4625	1740	2517	4592	2795	3256	3485	1330	4295	2224	1673	4517	1820	1715	467	2608	4045	2970
4100	4617	1469	2233	3899	1153	4959	2084	1853	2168	3732	2406	578	345	559	2178	669	619	3041	3996	1171	4729	1344	2901	2105	2396	4528	2285	3683	2706	1618	3226	1333	1859	3047	100	3276	1407	2447	2382	4622	4227	4109	2042	5009	3704	4718	729	657	1389	276	4790	243	5051	3909	1535	1156	313	1765	4743	1311	626	2663	475	1908	3393	432	2408	4855	172	511	3238	1633	4442	1722	5036	1962	411	3676	1624	753	2380	3938	4098	2001	4000	3692	3975	2674	895	2032	4231	577	4183	986	3482	1338	100	2946	2383	4682
4605	892	3180	3840	4457	3464	1319	4050	3043	3855	2668	633	3425	4326	1444	2666	4384	2679	978	2445	3335	611	100	4428	4906	4101	1256	3900	3533	1918	4652	3174	2439	421	513	4808	1126	2258	2133	4711	4722	4268	103	2569	2978	2698	661	2072	4635	1207	120	4951	2394	3909	5051	1481	2391	5046	927	2309	4578	2016	4259	4392	3476	4083	2869	4153	950	1587	4156	2873	987	3664	374	3628	2562	2875	2343	2548	935	3865	2097	132	3242	4280	4451	4245	1945	1993	3851	3604	417	4661	3831	4151	2769	4554	2547	910	3747
4620	1851	3027	1009	267	458	381	4334	2882	498	3260	3207	3463	3406	4503	4892	1839	4029	1116	788	3107	4637	2765	3156	3693	100	4896	4869	3931	3767	111	100	1675	3377	3901	3585	812	3607	205	700	3037	1688	556	4914	754	1609	4570	4447	4434	3114	3311	3584	1008	1535	1481	5051	3860	4908	3050	1984	1794	3830	675	3812	4938	806	1016	1487	100	100	5005	4537	4426	3716	3337	1674	2243	1306	3743	3375	3705	282	2818	2127	3866	3546	1694	100	4961	2918	3142	1264	3404	4665	2523	100	2598	3889	4888	4456	3548
316	3919	808	3521	3358	182	4509	3279	4621	1491	3618	4889	613	1274	3957	1074	5003	330	3719	3720	100	100	5039	2693	1099	847	3753	1248	2699	3398	3095	4005	2142	2701	1835	5030	4343	2910	4798	540	4311	237	3352	2667	349	793	4481	3895	3762	3059	335	2748	1113	1156	2391	3860	5051	1821	3738	570	1140	2141	1267	1494	610	221	4369	2188	2308	1142	3982	2251	1216	1489	2121	3241	4522	2089	1347	5017	3802	4513	1769	4413	173	2182	1680	3991	1685	2948	3967	2368	1858	4058	1870	2717	943	4988	3593	3442	4105
1716	4516	2061	1665	2540	4732	990	802	4122	1160	2768	285	3629	4140	3414	4737	2090	1209	3132	3688	1562	3092	4284	3682	4078	3946	4525	1433	3308	4731	798	1648	3153	4355	3356	2048	537	1220	3597	240	2236	2093	4563	1879	2118	2505	4788	4956	3189	2843	4539	1548	483	313	5046	4908	1821	5051	1296	2886	879	3336	1162	3319	1930	3745	1524	2074	319	4868	3509	100	2346	4830	1816	4471	4336	4112	4628	811	4030	4940	637	1647	4942	4347	1092	1787	1036	2977	3035	199	1511	1567	4648	3255	3877	4215	1946	2561	1105
1488	2659	100	4972	100	209	5035	1127	3149	1287	1197	5016	1743	4709	4748	1762	4169	996	2202	2747	1772	3191	1951	1010	4360	1902	4842	4484	2313	4390	3112	2220	668	824	4833	1829	532	2044	5001	2653	4060	1208	109	2298	2207	297	2166	404	2150	3777	100	4189	2618	1765	927	3050	3738	1296	5051	3199	3366	1554	100	1761	3063	3559	100	2880	1004	4858	2457	3754	100	1241	3616	1354	1923	2808	3882	2649	2387	612	1396	1211	3239	2267	2085	2201	441	4523	3572	2440	787	2045	2099	3575	3490	4955	3681	3071	248
3470	3176	1289	664	1598	2724	1240	1190	4712	1446	2682	3421	1572	2872	4958	3082	3076	4349	735	257	4415	3452	4667	4406	3637	4895	2176	1478	1424	4152	3724	1777	3227	4168	3914	4865	3765	4974	3086	1824	302	4764	100	3599	4465	512	761	2715	1073	4114	1989	189	4235	4743	2309	1984	570	2886	3199	5051	3206	3137	4497	119	1147	2398	939	3916	419	1929	2850	4744	2104	3193	1021	1611	1458	180	5010	241	4286	1771	4999	2744	2965	1641	1428	2287	1604	1144	4383	2494	3237	420	1814	1470	2086	2607	1678	2331	2606
3518	4536	767	3251	2979	3459	1883	5028	1034	1805	3525	1373	1379	463	3168	4928	3262	3449	2560	4417	1560	170	4646	4222	1078	2466	725	710	5027	1866	3861	2012	147	3529	2629	2242	3332	1447	4997	428	1012	3283	4025	2295	674	2490	4775	3096	4658	383	3383	1495	605	1311	4578	1794	1140	879	3366	3206	5051	2292	380	4440	3970	3484	415	2240	4250	3415	1210	1881	4653	2681	4437	4057	4321	1482	1953	2845	2914	4124	1961	3942	2670	614	2088	821	2930	3101	1161	3231	168	187	2934	2223	100	3069	3334	1118	4069
4680	131	430	3443	1915	3073	4499	1204	544	920	3257	1154	3291	1917	1416	993	2921	1119	2781	1934	4872	4478	2427	3904	217	320	4473	3801	1532	1259	608	2692	348	2256	738	2628	2863	2108	3428	4678	1884	3079	232	4840	784	638	974	4826	4470	3001	152	5041	2488	626	2016	3830	2141	3336	1554	3137	2292	5051	2890	3968	418	813	594	1890	1592	528	1672	2737	1893	1180	2541	4608	4936	861	2446	3540	2135	485	100	1421	4139	1757	621	2801	1658	3065	100	116	1304	4322	318	2336	157	1499	406	604	2189
695	4549	1516	3363	434	3022	1594	3067	3158	2661	2328	1448	708	3634	1926	623	4679	4568	912	1138	2861	1659	1049	236	4350	4756	1753	4181	1667	4891	204	2204	4034	1029	2230	1393	2051	867	350	1504	3695	3874	3979	4838	596	2244	2909	474	4760	4676	3228	1110	1718	2663	4259	675	1267	1162	100	4497	380	2890	5051	4849	3119	1878	3661	956	4374	630	2687	2026	1586	2645	123	4701	2444	4173	3269	1651	1856	4557	1066	1404	3389	4186	2975	4834	1705	2838	4761	3673	4485	4890	100	2432	4546	2177	2200	1290	1754
1668	3106	2604	4987	1906	4619	312	905	2897	2572	1095	2226	1534	2279	100	4077	4779	178	3718	1017	192	1882	429	424	2415	5011	3581	1014	4535	3832	4827	3267	117	2624	100	1002	4785	4519	2102	216	5029	2175	1634	3789	3403	100	488	1970	3333	2335	1035	3171	2731	475	4392	3812	1494	3319	1761	119	4440	3968	4849	5051	384	4184	4864	3080	2916	1664	3480	1200	3450	4467	2067	3342	3935	2857	3487	5004	4408	470	2787	1932	1247	522	3986	1064	2180	1714	3395	3014	1425	4740	100	1476	763	958	702	4670	816
2119	361	3223	377	4317	4236	1760	4458	3872	4816	1346	1682	2636	4887	1861	4560	4591	2100	1222	3420	3959	4601	764	741	3183	517	3721	1269	1496	1196	2145	1431	3816	4854	4409	3005	1320	1947	100	1086	1721	194	154	3248	1819	4454	3109	2973	1326	799	3948	2281	309	1908	3476	4938	610	1930	3063	1147	3970	418	3119	384	5051	2483	4736	1588	930	3711	1349	256	937	4929	1323	4008	2912	3323	494	4315	4882	4179	3097	2238	4662	4966	3697	367	461	3506	3305	2961	4021	782	3099	4505	2475	2625	1302	2472	1198
2448	2792	3854	4684	1620	390	100	4962	2197	2326	3715	781	896	1619	1084	4246	3468	3249	4316	2047	2578	2722	4444	2971	4540	4900	2096	190	552	1977	2501	2614	4852	4438	839	2321	249	1901	1927	2752	1583	3155	2193	3758	1000	3730	2499	3144	671	4850	2274	2425	446	3393	4083	806	221	3745	3559	2398	3484	813	1878	4184	2483	5051	2356	4102	849	1999	2144	1818	3574	3954	2959	1840	153	1242	1735	1261	1251	1075	2073	292	3117	4945	3068	2683	1402	3211	409	3500	158	3561	2853	2832	3010	4121	2617	1367	206
4262	3951	4758	5013	1383	2999	3841	2531	3439	1134	3497	423	295	4774	223	4178	3963	2350	4113	4856	499	1136	2158	980	4017	2456	287	4715	2585	1044	4421	2474	3222	1229	3394	1139	835	4874	1213	1299	4600	3746	1834	1988	677	4040	233	2729	426	1976	2613	2250	870	432	2869	1016	4369	1524	100	939	415	594	3661	4864	4736	2356	5051	3551	1165	1371	3058	2416	852	4636	175	3221	2612	887	1792	4138	1971	100	3838	110	4828	3378	1181	3652	4611	509	3771	529	792	4708	1313	284	1340	3343	1130	4609	5002
4306	100	3498	1466	4309	1910	2923	2040	2107	3644	4136	3494	3057	2101	1855	1996	989	4214	1891	2820	493	268	2509	2568	1324	3798	1501	4380	3564	2259	3828	977	4155	874	4697	809	704	2986	3026	3104	2476	4320	2146	794	1454	3929	4820	1132	3397	2525	3344	4802	1219	2408	4153	1487	2188	2074	2880	3916	2240	1890	956	3080	1588	4102	3551	5051	1844	278	4216	4009	2234	3678	4239	2307	291	899	3029	1528	2352	2620	1192	4132	825	682	2404	1763	4507	214	1713	398	4119	4541	4660	2797	3286	3004	569	966	1076
2341	4797	3379	1173	4926	3123	1836	3292	2151	4982	2140	2848	938	1133	1551	3166	2972	4329	4624	3275	4784	2464	3411	4875	3606	4789	3796	253	4585	4916	1969	4474	4814	538	2803	4690	1734	2461	4338	1827	2852	2152	333	4901	3983	2790	4752	1981	981	3296	846	2041	259	4855	950	100	2308	319	1004	419	4250	1592	4374	2916	930	849	1165	1844	5051	4099	1707	4671	4089	3456	303	323	814	3009	1006	2110	3436	3219	1810	200	4700	4644	1862	238	4925	3545	2794	4387	1155	588	2195	2392	3345	1157	100	1152	2395
334	3751	2006	1223	1614	4893	4491	393	100	3662	1550	3847	4899	3233	840	3658	2265	4673	2139	1058	100	4853	908	1096	2410	1813	500	659	1654	4634	4550	504	3583	4835	567	1601	862	1440	4351	4396	2726	2889	3316	275	703	4090	3034	3431	457	3829	2905	4126	4248	172	1587	100	1142	4868	4858	1929	3415	528	630	1664	3711	1999	1371	278	4099	5051	1212	4019	2148	3619	676	745	437	1178	3615	828	959	2235	2508	2347	3131	3797	1345	3453	4404	2883	4724	3995	4488	3020	3281	1888	2709	4932	3714	1573	2264
405	2375	4957	3164	3534	1045	2773	4202	2029	2316	4725	385	2125	3926	4359	121	2697	3505	2786	3623	363	1232	2727	4606	100	1522	2812	3939	4777	4014	3601	1037	1364	1413	4254	3908	1249	4989	4073	1585	100	2143	670	550	3364	3775	497	412	3135	1172	4772	4696	202	511	4156	5005	3982	3509	2457	2850	1210	1672	2687	3480	1349	2144	3058	4216	1707	1212	5051	496	2599	2351	1293	1948	4750	4185	1582	1103	3284	4335	2854	1669	1151	3273	4698	2993	1057	3608	4068	4898	575	2414	4727	2112	2757	3299	3288	4460	1727
2458	4301	1085	713	3941	354	3849	4921	3510	100	1938	2837	4253	1061	1900	4356	3712	1849	3002	1030	1791	502	1205	2725	2580	2791	179	4267	4809	3202	2512	4049	100	1898	2705	4146	519	3070	2994	733	976	130	4607	747	1584	329	3876	515	129	3141	3121	2728	3236	3238	2873	4537	2251	100	3754	4744	1881	2737	2026	1200	256	1818	2416	4009	4671	4019	496	5051	2005	1292	3759	4493	1053	4511	1877	3672	889	389	4931	3161	378	3006	185	402	4689	2774	3920	1773	653	947	2428	3835	3974	1194	2640	832	2844
859	1236	3566	2745	4052	4595	4067	4638	250	3667	1145	2941	1571	3400	2981	2070	140	607	4799	746	789	1102	3701	3210	1719	2642	2318	2486	742	756	4839	3312	2252	136	4453	456	4492	3042	2677	4075	1122	3230	3225	4441	3971	3650	2962	155	3787	2076	4081	3930	4514	1633	987	4426	1216	2346	100	2104	4653	1893	1586	3450	937	3574	852	2234	4089	2148	2599	2005	5051	3017	2574	4130	1423	1023	3200	3201	2191	208	686	5019	926	325	3185	925	2556	3674	358	1575	2199	207	689	2227	3021	1912	3839	1497	2018
2554	3100	4288	1968	2938	3338	2784	4532	3752	3806	3089	1749	3327	715	1189	714	355	717	2742	955	4010	4217	1724	1334	2162	3945	853	590	1467	506	503	4106	4806	5021	850	4943	4781	2550	3885	371	2203	1146	3580	932	4861	2443	1385	3049	2539	4425	2389	2218	226	4442	3664	3716	1489	4830	1241	3193	2681	1180	2645	4467	4929	3954	4636	3678	3456	3619	2351	1292	3017	5051	4524	4011	4903	785	1187	872	3209	1283	1949	2288	2290	1419	4141	3259	4770	1201	100	4768	1508	227	4639	332	2017	3186	574	3755	2789
373	4446	1630	2507	3061	2688	4937	3250	1728	1837	1442	1964	492	3220	5037	4707	4378	1637	586	4270	142	1056	2506	4857	871	3707	3614	2452	1775	4400	3064	3638	4293	2297	191	3052	310	4794	4590	3235	1542	514	3733	242	2623	1148	2080	1184	2942	2046	2278	317	2153	1722	374	3337	2121	1816	3616	1021	4437	2541	123	2067	1323	2959	175	4239	303	676	1293	3759	2574	4524	5051	3635	100	2778	4340	3380	2429	2584	2633	139	1305	4643	4066	1020	3698	2353	2762	1796	4206	963	3483	3990	2403	2393	1966	2936	4219
2839	4463	307	2374	1928	2738	150	127	3454	535	2114	4583	2098	3677	3542	3834	1463	1580	3325	1231	1631	4071	3051	3301	4150	3792	1362	4733	4876	2399	100	592	4241	1176	193	1863	2546	3024	3399	3786	894	1702	2743	4436	1565	2893	1097	801	395	4810	2273	3648	4902	5036	3628	1674	3241	4471	1354	1611	4057	4608	4701	3342	4008	1840	3221	2307	323	745	1948	4493	4130	4011	3635	5051	3492	351	1979	1342	4526	501	4314	3447	706	4076	1464	3458	347	4039	4695	2650	1039	2516	133	2589	2926	3048	1453	681	4167
5050	464	3649	962	3642	4871	1275	4273	1257	2463	1129	3351	1711	3960	2964	804	4726	1273	609	3125	3550	2371	3788	100	337	701	1533	1717	3083	305	1739	4753	3151	4261	1175	4551	778	2401	4149	3577	780	2739	4881	3427	865	615	211	460	1141	1540	2482	3992	472	1962	2562	2243	4522	4336	1923	1458	4321	4936	2444	3935	2912	153	2612	291	814	437	4750	1053	1423	4903	100	3492	5051	1503	629	4188	951	2183	1477	3809	4133	2944	4766	4746	762	4562	2913	1114	3150	1047	4947	815	4197	2691	4747	338	3627
1065	4292	1895	2255	1307	3444	1712	2779	2631	279	360	100	100	897	4198	3810	1770	125	2036	3152	3565	1043	4487	5040	1052	1068	1397	1650	3315	1395	3087	3772	4144	118	1360	699	2997	269	4831	944	2785	666	917	1612	3740	482	4303	3115	4042	1644	3784	991	2043	411	2875	1306	2089	4112	2808	180	1482	861	4173	2857	3323	1242	887	899	3009	1178	4185	4511	1023	785	2778	351	1503	5051	4472	1935	4500	3088	791	359	2022	1804	1909	2214	2454	4393	3795	3966	1525	2261	2819	3018	100	401	2426	4402	4991
4963	3965	473	4978	135	4651	196	2963	4247	941	2167	4981	3873	2721	4703	3734	2360	3557	3993	547	909	591	3641	4976	2470	445	1124	4203	4357	2363	3362	2807	718	413	1378	1520	3348	722	3609	4983	4061	3883	5026	1972	1460	274	1696	1427	1729	3875	2564	1164	5012	3676	2343	3743	1347	4628	3882	5010	1953	2446	3269	3487	494	1735	1792	3029	1006	3615	1582	1877	3200	1187	4340	1979	629	4472	5051	1276	3111	2402	3680	1400	652	1786	1090	1539	1123	210	100	2858	1922	4571	1332	3313	3764	2411	858	100	2810
1892	4118	4685	2378	4318	600	3780	1403	1556	3501	1848	945	3410	1872	3862	2764	667	709	2131	3173	1369	542	2003	112	2284	3517	2078	4793	4006	2952	1071	4713	4195	2437	531	2753	4319	4468	3524	1150	4275	972	100	4767	254	3229	3595	1939	4234	341	5049	352	4023	1624	2548	3375	5017	811	2649	241	2845	3540	1651	5004	4315	1261	4138	1528	2110	828	1103	3672	3201	872	3380	1342	4188	1935	1276	5051	4927	3823	1228	1386	2077	4791	486	2196	3526	2637	1684	3105	2834	1131	4615	4508	3481	3836	2034	1581	3290
2487	1958	4587	1748	108	1260	1919	1940	4093	3252	1613	1831	3361	1991	1368	583	1022	904	4904	439	3093	4629	100	4490	4964	752	5034	2239	3989	957	495	2987	4584	3691	4863	2545	953	100	4445	115	2478	1455	628	2485	2260	3631	3632	2299	618	595	4567	100	4238	753	935	3705	3802	4030	2387	4286	2914	2135	1856	4408	4882	1251	1971	2352	3436	959	3284	889	2191	3209	2429	4526	951	4500	3111	4927	5051	2431	3245	841	1660	965	4944	4033	1265	4107	3424	4192	100	4986	876	1779	2130	5022	2592	3247	4410
300	1137	4376	4787	4148	2602	2342	4419	3700	3244	1652	2069	4538	2937	776	4623	1832	1954	2035	1182	1936	1091	4399	4237	2825	4096	790	3175	1462	3690	2413	1731	3467	3910	4079	1807	527	2241	1537	3709	100	203	3214	3359	478	880	1233	2646	4817	1529	2357	3953	2420	2380	3865	282	4513	4940	612	1771	4124	485	4557	470	4179	1075	100	2620	3219	2235	4335	389	208	1283	2584	501	2183	3088	2402	3823	2431	5051	2206	2860	1266	4054	1656	443	3833	4207	1737	100	3952	4475	246	4542	1546	1387	4687	4738	4368
