4096	911	1829	4031	2965	757	2294	2347	3509	829	2043	90	3398	2617	4053	2367	3219	1654	4004	2597	551	2534	2159	845	476	1389	136	3716	2957	200	1555	1287	1917	2716	3352	2186	2616	1071	1769	2555	2372	323	1839	606	414	1336	1399	1757	1561	3194	501	1548	2830	3695	4091	3861	1904	173	2949	3152	3210	1257	1892	2674	3034	1854	2586	2455	305	1088	2424	3182	1686	515	2228	3297	1477	2075	2939	131	2157	1497	3327	1261	2577	1676	3993	2783	2625	1141	1880
911	4096	2841	226	2495	3613	2148	1950	1427	3603	2329	805	3294	328	3724	623	324	892	3288	2529	3344	3056	3919	2840	1216	4055	972	3072	1344	3641	1283	1573	3981	1635	2345	590	2581	3661	299	2982	2193	2732	3740	1638	3593	2874	3769	3134	3650	90	2775	1217	1042	1293	1855	2428	221	1885	234	3667	1739	2246	3759	1465	2470	3690	567	2223	162	3243	3812	2962	1795	472	1436	917	3983	3869	762	2220	1900	4025	1737	3092	2011	849	2887	2476	3462	3137	1443
1829	2841	4096	1292	2076	2770	1851	3186	3622	2374	707	3254	2825	3273	1163	2324	90	815	3423	408	3747	2080	1656	3832	3418	2520	1781	3116	1615	3643	2426	3820	2873	4072	1126	1906	1964	141	1667	3635	1868	2800	90	3696	90	3252	3873	1215	3545	98	1968	3415	3369	353	3105	3594	1263	2166	3457	2309	2527	1589	1208	1403	1961	3122	2839	527	1372	4082	1643	1878	1944	3765	572	401	3811	1270	2882	2184	1970	1606	1392	833	2681	3135	928	1804	3836	3296	1347
4031	226	1292	4096	650	1207	2607	2843	3709	3444	3274	418	90	4037	3146	1732	3346	2416	479	251	446	3571	2587	981	1265	3001	457	2395	942	1490	1943	1849	2537	4085	2191	239	1990	3224	1772	345	2480	3929	640	1370	1570	3166	3847	3379	4007	2226	953	283	1356	3703	1331	993	3751	4093	3842	3531	969	276	498	3728	2771	3800	3707	2585	3932	785	1181	628	3490	3921	3997	960	1310	2869	1825	2922	2649	1896	2548	789	121	1719	743	2098	4013	1136	247
2965	2495	2076	650	4096	1157	90	2272	3787	2700	962	918	90	1649	3488	2299	327	1671	1509	1115	923	2124	901	3140	3900	3831	1090	970	3630	2759	3175	900	3113	441	3517	1282	2242	3208	1918	214	1100	1523	2838	464	1621	3487	1167	562	1258	2776	1266	2993	3986	2930	2072	3339	2155	392	3417	745	2074	466	1158	3662	2582	2262	4081	3120	3875	3906	2172	116	1398	2319	484	1929	3237	1888	2029	3059	326	2556	1081	1979	3256	2665	1511	205	2827	3918	1695
757	3613	2770	1207	1157	4096	3954	398	90	3356	3790	368	1393	2705	3760	1491	2231	2950	2162	1065	556	2768	90	3620	1627	2194	4046	3154	557	3693	3329	478	597	102	120	3195	291	159	681	1384	2963	3476	2288	867	2786	3301	3656	3938	3810	3442	2637	3118	3757	2606	1975	1821	3512	790	2208	773	1013	1450	2646	506	1798	272	2673	1534	1461	2504	1512	4088	2757	3778	2313	733	389	3229	367	1348	3386	2234	2895	1954	1188	1363	2454	2199	702	2118	747
2294	2148	1851	2607	90	3954	4096	3299	852	1536	605	1350	3010	1864	1603	959	306	2997	1919	2440	2085	3901	3718	1898	2971	1053	1028	2340	2276	1476	3400	3502	2943	1499	3107	1440	383	1003	3061	3654	1001	252	2265	3393	2320	4059	1780	2632	2213	1619	2980	2386	2652	2573	2884	718	594	1962	2093	1209	1640	3736	164	1706	2676	1048	1156	3804	2380	2960	3872	3785	3291	3887	3193	1698	2894	1912	579	3775	3949	1824	1152	3519	2837	2160	1549	1077	3139	3941	2123
2347	1950	3186	2843	2272	398	3299	4096	206	693	913	553	3169	358	90	122	711	904	3632	2190	4086	2569	3051	1803	2628	902	1274	313	3126	3513	2087	1778	3321	630	90	2487	2066	1180	2053	2730	1762	665	3913	1025	2844	3449	1814	3945	3078	3777	1586	3081	2023	1388	3721	3473	1102	2284	596	1960	2101	1633	1319	3157	150	2161	574	1273	1522	2909	1105	1533	399	1308	362	249	2169	3624	2541	2633	3715	885	1278	3615	3090	4052	3080	2819	1073	2012	3668
3509	1427	3622	3709	3787	90	852	206	4096	2201	1343	726	1200	2478	2675	487	336	2613	1948	3678	2603	4032	2433	1761	2355	4022	1226	984	1038	1691	2595	1658	370	2006	429	3164	1934	285	2316	535	1579	584	1468	2103	248	1520	2279	426	3566	653	2108	3908	386	3042	2508	850	629	2567	3410	801	2212	90	615	2692	3363	1435	3651	2846	2526	2216	332	734	1187	1869	2807	3101	1963	387	3749	1359	422	1572	537	1312	1818	1946	3004	1881	1902	132	1862
829	3603	2374	3444	2700	3356	1536	693	2201	4096	526	2999	2306	631	4073	1254	3638	307	566	3982	2845	2290	1341	2834	1228	388	592	300	3047	3093	146	1355	3712	2052	2019	3033	2273	2694	1211	290	694	320	3353	4000	3535	2233	2197	188	796	1447	2551	2690	2892	2911	886	3568	3497	782	4016	2518	2037	2883	2004	3553	3100	90	1026	1857	1298	820	3378	223	862	769	1585	3910	1418	735	2687	1128	2472	1890	2915	561	1498	828	2082	625	2833	1245	2364
2043	2329	707	3274	962	3790	605	913	1343	526	4096	3960	2769	513	3867	2981	775	3424	2005	3475	3419	3469	2885	2116	4070	1740	3801	1808	337	1517	1694	1563	3006	1018	3460	3377	2921	786	2747	1752	2984	1368	1259	1144	2091	2007	1124	3824	2337	3407	2664	1123	795	2404	2900	607	1765	153	3018	180	2465	3207	3427	156	302	1422	2054	990	3191	882	2964	2972	3595	1390	2271	933	1409	3894	3198	611	1501	2447	3797	602	3388	2626	1328	1112	90	3494	2255
90	805	3254	418	918	368	1350	553	726	2999	3960	4096	91	3260	1024	1738	1304	1758	1867	1871	1134	2482	891	3136	887	690	2244	2779	1870	2241	3121	716	948	312	2822	3011	2443	2403	4076	3563	3730	3883	257	2035	1777	2886	3834	3066	1624	1213	3054	788	986	3839	2069	2631	1530	3631	742	469	3455	3481	419	2750	1369	3309	2615	1317	1609	90	3098	2033	2901	2828	430	2580	2906	462	2370	1538	128	3015	3007	3845	2217	3477	1438	2394	90	3436	2248
3398	3294	2825	90	90	1393	3010	3169	1200	2306	2769	91	4096	763	2229	836	2127	3064	531	698	3920	2032	339	996	3434	448	2238	3726	2408	2888	3833	3660	190	768	1161	3326	2792	2411	2206	3127	117	3813	3267	844	1457	2879	123	1800	454	1297	2423	1809	3564	90	3625	2418	2699	2174	359	1666	755	3039	3174	599	2022	351	433	2381	1920	1220	2724	1004	3924	1860	3290	2644	90	3368	2850	2102	741	229	1107	1244	1386	876	2515	1011	1908	90	289
2617	328	3273	4037	1649	2705	1864	358	2478	631	513	3260	763	4096	1198	964	1415	2811	1618	1184	2513	802	2267	1634	750	3896	666	671	2663	2266	2575	2173	1886	1875	1362	2039	4067	90	2125	2797	2132	199	222	906	1091	704	2149	90	3758	1327	434	3220	238	2391	1400	1644	318	3180	3748	3181	1455	4094	2409	853	2835	2505	493	2366	3604	1330	2467	90	2356	3456	2062	1378	2654	1679	2935	2976	2523	2330	3554	231	2045	2377	3253	2178	3217	1685	3239
4053	3724	1163	3146	3488	3760	1603	90	2675	4073	3867	1024	2229	1198	4096	1557	1205	1084	2760	1241	2507	533	1928	2488	2145	438	1466	3711	3560	3825	4010	90	2466	3422	3935	2115	545	245	776	465	1700	3150	1420	2277	2137	1583	1611	573	3734	2753	3934	2120	813	1008	2726	2058	2715	583	1576	134	1743	3674	2227	2291	540	916	3244	2153	2300	3670	2940	4089	2314	1202	1382	3405	3542	3562	637	661	3480	1394	2627	2274	201	3581	2933	2321	2385	3793	3628
2367	623	2324	1732	2299	1491	959	122	487	1254	2981	1738	836	964	1557	4096	3109	384	2798	1823	2410	784	3627	3637	3468	1419	1451	165	2978	90	2013	812	2661	1116	2618	2620	831	2243	3559	3257	2864	3956	2689	3942	416	3874	3366	4079	3958	1650	2081	2204	842	90	2261	967	3770	4061	1874	946	3621	3411	565	810	1556	3357	2579	3046	489	2945	2270	2251	420	881	1833	1604	3866	3289	616	1006	3153	90	3694	3249	412	1988	1093	3365	1061	1030	1559
3219	324	90	3346	327	2231	306	711	336	3638	775	1304	2127	1415	1205	3109	4096	3272	4043	4080	1620	3397	310	3649	654	90	1820	3132	2642	3028	3755	1031	376	2135	732	2382	737	2905	920	3951	3108	4071	273	133	3520	459	1714	2096	3454	1221	2852	860	3242	3466	108	3429	582	3948	3577	3306	3617	1723	3682	3840	3026	2254	2308	1058	397	3681	124	3384	3508	3731	3856	90	348	1019	390	437	642	3484	4042	791	3172	1543	4044	1662	3529	2095	3361
1654	892	815	2416	1671	2950	2997	904	2613	307	3424	1758	3064	2811	1084	384	3272	4096	979	1859	3440	1958	1724	1199	2766	2645	3583	2317	3179	2707	225	3471	1770	2358	2967	2406	3005	2826	3639	1068	2672	1352	2855	834	1479	90	174	90	909	2338	1893	3543	1593	1913	2055	2360	3391	723	3815	1907	2336	3971	2977	3209	3514	2878	3609	2801	793	2437	3221	1056	3659	3285	1233	2521	3602	3940	865	3783	2180	1801	1486	90	90	157	679	2187	2549	1054	3819
4004	3288	3423	479	1509	2162	1919	3632	1948	566	2005	1867	531	1618	2760	2798	4043	979	4096	846	1848	2203	1673	3202	2113	1602	1159	220	3854	2089	2477	752	764	2875	233	3003	3699	792	2334	1794	3465	2344	2796	1775	2064	3323	1688	1513	1735	1672	1923	1728	1614	1842	3672	2439	3764	3287	1009	725	3342	3184	2810	686	356	3013	3623	1448	3441	113	2445	3025	3522	1411	3381	4066	544	265	1940	90	1020	2401	1502	3539	3097	1608	2110	950	3083	2315	1401
2597	2529	408	251	1115	1065	2440	2190	3678	3982	3475	1871	698	1184	1241	1823	4080	1859	846	4096	1101	1790	2086	90	715	3633	4030	3947	480	3710	90	331	298	3899	838	1051	1832	1853	728	1569	349	2195	781	1182	3268	3957	2398	3550	2131	1070	3364	1725	1456	1395	3752	1805	633	1938	3570	1846	2397	2176	2312	1192	3526	3974	3586	1288	3697	3280	3677	3882	4011	1712	363	1087	1807	2136	3392	3987	2429	295	3501	1884	1391	555	2659	542	3808	2496	3515
551	3344	3747	446	923	556	2085	4086	2603	2845	3419	1134	3920	2513	2507	2410	1620	3440	1848	1101	4096	3511	3732	3573	90	949	3860	3931	1577	753	3528	3705	3143	3898	3881	2589	1748	1792	3984	1525	3994	1600	3450	137	2559	90	4049	366	1594	2481	3317	3789	3385	3032	2908	2824	983	3746	2427	1630	443	957	424	1865	2405	2107	492	3684	3837	2544	155	799	2471	3848	2772	2027	3376	490	2986	1300	2388	3870	1010	2218	3569	3431	1718	2598	3687	2000	1129
2534	3056	2080	3571	2124	2768	3901	2569	4032	2290	3469	2482	2032	802	533	784	3397	1958	2203	1790	3511	4096	2686	2538	3495	3124	3532	3048	375	932	893	1160	94	382	3823	688	2462	189	3946	3998	3259	952	612	182	2641	1214	463	3862	2353	1945	2809	1663	816	978	1759	3606	710	1527	3230	2784	3943	2781	3045	2565	879	3458	2369	2144	2688	3846	90	1446	1660	772	2535	3261	1219	1925	3040	1027	600	657	3911	1340	1625	2685	3679	357	3058	577	90
2159	3919	1656	2587	901	90	3718	3051	2433	1341	2885	891	339	2267	1928	3627	310	1724	1673	2086	3732	2686	4096	774	1137	1616	3859	744	355	524	1956	3857	1787	1122	3579	1985	396	2590	936	1605	1901	994	511	3347	2281	1165	3880	344	2712	697	3060	377	2282	2328	4034	125	168	2498	145	3884	3482	2222	3038	804	3283	1321	3933	1507	3358	2718	2691	2371	2483	3149	3888	955	536	1103	1067	2899	2475	1670	2815	2275	264	2348	961	3401	244	1984	243
845	2840	3832	981	3140	3620	1898	1803	1761	2834	2116	3136	996	1634	2488	3637	3649	1199	3202	90	3573	2538	774	4096	2813	824	1417	90	2365	3170	2662	1106	854	3737	1813	2450	968	669	3213	2264	3585	2790	2711	3178	2860	2182	695	394	2532	1203	1381	714	3572	1597	1639	1290	3330	3043	3148	3600	2235	514	766	1275	253	3183	4083	2693	315	4092	3610	738	3334	2989	2146	2177	1690	4033	1524	934	1651	2889	352	347	1811	1239	1682	411	4075	3276	3279
476	1216	3418	1265	3900	1627	2971	2628	2355	1228	4070	887	3434	750	2145	3468	654	2766	2113	715	90	3495	1137	2813	4096	2268	3402	1354	3311	985	2469	259	2704	1546	1590	379	827	447	3927	2648	3507	2727	3780	1986	2752	3187	2073	839	1007	926	170	1969	158	927	2872	1338	2799	409	2988	400	2376	2352	2025	586	3112	3333	3185	2122	3409	112	924	1652	980	2640	1170	374	809	2806	1500	2034	720	3996	2305	3359	1172	1037	2682	1973	1933	1155	1696
1389	4055	2520	3001	3831	2194	1053	902	4022	388	1740	690	448	3896	438	1419	90	2645	1602	3633	949	3124	1616	824	2268	4096	587	2817	1229	3266	1078	938	691	1642	3111	4035	864	1407	2510	3110	500	1206	509	1922	2070	2706	3216	176	1515	1269	3313	3065	2333	1924	658	1082	1529	279	3246	3879	2880	2287	1314	90	3967	3589	1930	956	2473	1076	213	3428	3009	3683	3658	3348	1291	2670	171	1433	3989	1488	436	4014	1774	2773	644	90	3145	1926	2947
136	972	1781	457	1090	4046	1028	1274	1226	592	3801	2244	2238	666	1466	1451	1820	3583	1159	4030	3860	3532	3859	1417	3402	587	4096	1470	991	1995	2211	613	3017	2474	1578	677	90	3963	2802	748	1668	3895	1830	275	2959	1387	2018	210	2865	1482	3928	2572	458	293	3483	1379	3408	3725	3031	508	1351	2904	3395	269	4078	1421	3653	1647	3582	316	3809	1537	2349	90	4019	1749	3676	3756	2861	2363	4041	843	317	3821	1689	608	3611	3371	2486	2524	1734
3716	3072	3116	2395	970	3154	2340	313	984	300	1808	2779	3726	671	3711	165	3132	2317	220	3947	3931	3048	744	90	1354	2817	1470	4096	2298	731	3151	3076	1815	483	1921	1612	1684	286	1495	3370	130	2955	907	407	3390	1826	826	452	2389	899	2468	2295	3612	2944	2684	2494	3302	1977	90	2876	2396	2763	3673	3885	675	2714	105	2002	167	3002	2979	90	3970	807	242	2583	3521	90	364	2540	729	181	1802	371	1483	2490	3849	3489	2065	2970	194
2957	1344	1615	942	3630	557	2276	3126	1038	3047	337	1870	2408	2663	3560	2978	2642	3179	3854	480	1577	375	355	2365	3311	1229	991	2298	4096	90	2185	2516	3414	1863	177	1238	1637	1971	497	261	3322	3733	2292	3077	1072	1460	3117	3616	3680	335	3596	3284	2392	1788	2283	1591	3990	1059	847	3470	3295	3389	274	2099	4064	2907	3807	2858	739	3063	207	2568	3461	2097	3310	1437	3534	3702	1375	1371	3988	1750	449	3892	268	2015	3472	2278	3168	1764	350
200	3641	3643	1490	2759	3693	1476	3513	1691	3093	1517	2241	2888	2266	3825	90	3028	2707	2089	3710	753	932	524	3170	985	3266	1995	731	90	4096	1508	674	571	2139	3795	3435	3597	4062	2068	3657	848	3019	2791	1247	3675	1373	703	1636	107	2057	187	2929	1831	3763	2744	1414	1342	1404	2745	1162	3286	1932	878	1015	1998	1936	825	3037	539	3362	1955	3464	1039	2823	668	114	638	780	3743	263	3412	2932	1510	2677	3000	2942	224	3655	1731	1545	3303
1555	1283	2426	1943	3175	3329	3400	2087	2595	146	1694	3121	3833	2575	4010	2013	3755	225	2477	90	3528	893	1956	2662	2469	1078	2211	3151	2185	1508	4096	2612	254	1276	643	3897	477	2622	4039	2214	3781	1333	192	507	1132	2009	3773	2851	2588	971	2653	2560	147	360	163	444	2829	2987	1819	1494	415	3578	3557	314	1747	2702	3318	3437	2456	1981	3739	2400	3212	811	2655	1472	2128	1493	2983	3750	1143	2953	1584	2924	1243	2106	3248	2114	995	3575	3878
1287	1573	3820	1849	900	478	3502	1778	1658	1355	1563	716	3660	2173	90	812	1031	3471	752	331	3705	1160	3857	1106	259	938	613	3076	2516	674	2612	4096	2502	3576	634	1877	3446	2310	2094	3538	1147	945	570	3232	1927	4036	1231	1449	1000	761	3102	140	2788	343	1678	548	2743	1250	2245	4001	2812	1991	647	2948	896	333	160	2758	576	3315	3094	1547	3692	2910	944	1045	1797	1711	90	95	3547	3745	890	2795	172	598	2189	2479	3835	2666	2063
1917	3981	2873	2537	3113	597	2943	3321	370	3712	3006	948	190	1886	2466	2661	376	1770	764	298	3143	94	1787	854	2704	691	3017	1815	3414	571	254	2502	4096	3698	3744	2938	3084	651	3708	3374	1713	111	494	4051	1720	3890	118	2741	2814	2683	2133	778	1469	1951	90	3443	806	1845	821	1519	696	3761	3319	3925	2564	3073	2936	1458	1657	1736	3953	127	3909	2985	898	1022	3088	2236	495	1130	2003	3561	692	3592	1827	2464	3525	595	1595	2877	2342
2716	1635	4072	4085	441	102	1499	630	2006	2052	1018	312	768	1875	3422	1116	2135	2358	2875	3899	3898	382	1122	3737	1546	1642	2474	483	1863	2139	1276	3576	3698	4096	1791	3008	3349	488	3200	1935	1581	1307	2821	2542	1574	90	1727	3803	1204	2280	1708	103	614	266	1674	2511	4069	2143	3498	667	3159	3991	3197	3636	294	3030	2545	3719	237	2533	1915	3652	1036	966	2256	706	3727	3129	2973	2696	1812	3258	101	1911	2562	2100	301	760	1148	246	569
3352	2345	1126	2191	3517	120	3107	90	429	2019	3460	2822	1161	1362	3935	2618	732	2967	233	838	3881	3823	3579	1813	1590	3111	1578	1921	177	3795	643	634	3744	1791	4096	3648	4024	2554	2867	3128	321	940	197	250	3829	1953	3211	2952	3067	3044	618	2499	2249	1326	3975	90	532	880	3087	2996	925	2384	329	1041	451	863	1891	148	90	4065	1565	230	3433	3298	2647	803	1021	3155	2660	100	2252	2307	3474	3459	3206	1909	2856	1017	684	1796	1075
2186	590	1906	239	1282	3195	1440	2487	3164	3033	3377	3011	3326	2039	2115	2620	2382	2406	3003	1051	2589	688	1985	2450	379	4035	677	1612	1238	3435	3897	1877	2938	3008	3648	4096	453	1786	1334	3776	1521	868	1318	2881	1032	1514	682	3445	1704	1268	559	2170	700	689	90	4095	97	1516	1191	3902	99	3965	393	1680	1412	3598	499	3095	1183	3818	90	1793	1306	1190	1553	90	2517	519	380	841	2787	4054	2040	1139	3104	3263	2461	3020	4090	1174	1677
2616	2581	1964	1990	2242	291	383	2066	1934	2273	2921	2443	2792	4067	545	831	737	3005	3699	1832	1748	2462	396	968	827	864	90	1684	1637	3597	477	3446	3084	3349	4024	453	4096	1452	2552	673	1316	262	3663	3852	3337	1741	3438	2780	1240	1150	3125	3082	198	1345	406	1050	3917	3691	3091	3324	2912	3233	1264	3978	3969	445	641	818	2335	2359	1631	2561	2061	3062	202	770	4084	2728	3903	260	3226	646	3930	3523	2341	2774	2931	3828	543	2619	3293
1071	3661	141	3224	3208	159	1003	1180	285	2694	786	2403	2411	90	245	2243	2905	2826	792	1853	1792	189	2590	669	447	1407	3963	286	1971	4062	2622	2310	651	488	2554	1786	1452	4096	3292	2351	184	2084	2322	3189	2679	403	2550	139	814	1252	1532	3877	1357	3245	3893	3314	2863	3587	1095	119	1324	256	2402	2592	365	1974	558	2571	2441	1632	779	1380	3387	998	1681	2458	1641	3085	989	3912	1571	1109	3704	1843	3822	2077	1607	564	987	1462	2179
1769	299	1667	1772	1918	681	3061	2053	2316	1211	2747	4076	2206	2125	776	3559	920	3639	2334	728	3984	3946	936	3213	3927	2510	2802	1495	497	2068	4039	2094	3708	3200	2867	1334	2552	3292	4096	3827	1949	2257	1358	486	2566	3396	1852	2820	1016	1227	648	3479	2734	1817	2668	1742	2669	1086	209	2446	2803	1406	3959	585	1286	2934	2584	354	3205	2459	1899	3907	2896	2237	1487	2703	2339	2805	1937	90	874	1709	3784	2168	2853	1610	2531	794	4026	1799	1353
2555	2982	3635	345	214	1384	3654	2730	535	290	1752	3563	3127	2797	465	3257	3951	1068	1794	1569	1525	3998	1605	2264	2648	3110	748	3370	261	3657	2214	3538	3374	1935	3128	3776	673	2351	3827	4096	281	1916	505	2156	2563	3421	783	1396	3608	2444	754	1248	2842	2762	391	3016	90	1947	636	2050	1489	179	2432	3312	3805	90	2708	267	3167	937	1034	3099	3782	2361	1410	659	523	203	410	3404	1903	3463	3250	3106	2731	3238	992	1364	3905	3549	3688
2372	2193	1868	2480	1100	2963	1001	1762	1579	694	2984	3730	117	2132	1700	2864	3108	2672	3465	349	3994	3259	1901	3585	3507	500	1668	130	3322	848	3781	1147	1713	1581	321	1521	1316	184	1949	281	4096	104	1285	3527	502	2739	4050	3504	855	2078	3201	2200	2501	3383	3027	3904	3055	2740	3841	4002	1715	2636	90	3215	1253	541	549	736	2611	871	1121	378	4077	3036	2286	1131	1325	4056	2425	3228	1185	1544	1197	2346	1692	910	2164	2152	1416	3373	823
323	2732	2800	3929	1523	3476	252	665	584	320	1368	3883	3813	199	3150	3956	4071	1352	2344	2195	1600	952	994	2790	2727	1206	3895	2955	3733	3019	1333	945	111	1307	940	868	262	2084	2257	1916	104	4096	1138	1111	450	151	645	591	2994	3053	3355	3646	3235	3096	1397	977	1675	2296	1733	547	193	178	471	2695	3282	2539	90	2192	1153	3863	2354	3922	837	4047	3103	232	604	3645	381	1587	1085	2522	722	2302	1299	2804	717	1179	3394	372	1232
1839	3740	90	640	2838	2288	2265	3913	1468	3353	1259	257	3267	222	1420	2689	273	2855	2796	781	3450	612	511	2711	3780	509	1830	907	2292	2791	192	570	494	2821	197	1318	3663	2322	1358	505	1285	1138	4096	1066	919	3223	1177	1023	1989	90	1060	2048	3277	3338	516	442	3275	3767	3354	258	2958	90	166	589	1119	1965	2240	1941	1505	161	1837	3640	1329	746	3551	270	939	2026	2492	3886	800	1873	90	3505	3868	3771	1976	1168	1413	3380	1629
606	1638	3696	1370	464	867	3393	1025	2103	4000	1144	2035	844	906	2277	3942	133	834	1775	1182	137	182	3347	3178	1986	1922	275	407	3077	1247	507	3232	4051	2542	250	2881	3852	3189	486	2156	3527	1111	1066	4096	2210	856	2509	2059	771	1716	610	1474	2755	974	1463	1661	1850	2594	1074	2117	905	2650	1754	3190	2671	3486	4038	3729	2721	3119	708	3939	3915	1828	3858	3265	421	3871	4087	1653	3853	3251	1193	2902	3574	3271	435	1464	90	278	1434
414	3593	90	1570	1621	2786	2320	2844	248	3535	2091	1777	1457	1091	2137	416	3520	1479	2064	3268	2559	2641	2281	2860	2752	2070	2959	3390	1072	3675	1132	1927	1720	1574	3829	1032	3337	2679	2566	2563	502	450	919	2210	4096	2698	296	2387	342	2452	2489	3131	656	2859	1876	2923	835	2104	3713	3050	2378	3791	1883	1687	1035	2460	777	680	2546	3798	1844	2260	1099	3567	1210	3331	3074	1428	1552	90	830	1773	2325	3142	2088	1069	1047	1957	1049	3766	1779
1336	2874	3252	3166	3487	3301	4059	3449	1520	2233	2007	2886	2879	704	1583	3874	459	90	3323	3957	90	1214	1165	2182	3187	2706	1387	1826	1460	1373	2009	4036	3890	90	1953	1514	1741	403	3396	3421	2739	151	3223	856	2698	4096	2147	858	2847	3372	3754	2870	2331	560	1835	404	3814	1098	3158	588	303	2383	235	1104	2506	3453	1044	3530	1562	581	3231	456	2754	195	2434	1383	385	309	2678	1281	3738	413	467	3345	1560	1277	3541	308	1952	1721	1151
1399	3769	3873	3847	1167	3656	1780	1814	2279	2197	1124	3834	123	2149	1611	3366	1714	174	1688	2398	4049	463	3880	695	2073	3216	2018	826	3117	703	3773	1231	118	1727	3211	682	3438	2550	1852	783	4050	645	1177	2509	296	2147	4096	361	3830	1305	510	2920	395	3203	3753	3156	1575	727	1301	2232	3540	2323	2657	1424	2903	1503	1097	2656	1659	90	3565	90	3995	2497	2536	931	3115	2928	2785	2318	2937	4027	2142	3014	875	1887	912	106	859	2857	2697
1757	3134	1215	3379	562	3938	2632	3945	426	188	3824	3066	1800	90	573	4079	2096	90	1513	3550	366	3862	344	394	839	176	210	452	3616	1636	2851	1449	2741	3803	2952	3445	2780	139	2820	1396	3504	591	1023	2059	2387	858	361	4096	3992	869	3452	1280	1558	1834	3406	518	2010	1092	3447	2311	3448	2297	3855	2951	1223	2247	2913	1453	1367	175	3133	1423	2379	2946	3762	468	2028	504	2221	3079	1349	563	2140	2163	2215	2725	1166	3413	3141	1717	1311
1561	3650	3545	4007	1258	3810	2213	3078	3566	796	2337	1624	454	3758	3734	3958	3454	909	1735	2131	1594	2353	2712	2532	1007	1515	2865	2389	3680	107	2588	1000	2814	1204	3067	1704	1240	814	1016	3608	855	2994	1989	771	342	2847	3830	3992	4096	3792	921	578	1169	982	1260	2167	1756	3304	3891	1196	1702	1816	3768	3799	1267	3332	90	2634	1284	2020	2435	2239	1730	2126	903	1323	2919	520	873	2917	1120	4017	1294	2375	1029	797	1789	1554	1982	2738	2543
3194	90	98	2226	2776	3442	1619	3777	653	1447	3407	1213	1297	1327	2753	1650	1221	2338	1672	1070	2481	1945	697	1203	926	1269	1482	899	335	2057	971	761	2683	2280	3044	1268	1150	1252	1227	2444	2078	3053	90	1716	2452	3372	1305	869	3792	4096	2557	2442	1133	632	2134	1542	1303	546	3177	90	655	649	3171	3936	1242	1127	2596	2574	1518	1255	1366	2207	1014	2871	2484	3308	1504	3305	3375	1580	154	2610	2891	219	1377	1599	491	2916	2036	2512	2717
501	2775	1968	953	1266	2637	2980	1586	2108	2551	2664	3054	2423	434	3934	2081	2852	1893	1923	3364	3317	2809	3060	1381	170	3313	3928	2468	3596	187	2653	3102	2133	1708	618	559	3125	1532	648	754	3201	3355	1060	610	2489	3754	510	3452	921	2557	4096	423	1726	580	3023	1481	2485	861	1405	3503	1005	3328	1592	3278	965	90	3685	90	4029	1564	1879	1540	2250	3068	1628	2866	1648	3403	1744	340	319	1810	3584	973	2417	2651	461	2733	713	3544	2109
1548	1217	3415	283	2993	3118	2386	3081	3908	2690	1123	788	1809	3220	2120	2204	860	3543	1728	1725	3789	1663	377	714	1969	3065	2572	2295	3284	2929	2560	140	778	103	2499	2170	3082	3877	3479	1248	2200	3646	2048	1474	3131	2870	2920	1280	578	2442	423	4096	2643	3634	3492	470	525	144	240	1931	2021	373	1271	699	1972	1089	2746	129	941	2831	3689	1145	3336	90	4068	758	3950	3300	2832	4018	3227	2599	2751	2623	2927	1467	1910	2269	3021	1055	2720
2830	1042	3369	1356	3986	3757	2652	2023	386	2892	795	986	3564	238	813	842	3242	1593	1614	1456	3385	816	2282	3572	158	2333	458	3612	2392	1831	147	2788	1469	614	2249	700	198	1357	2734	2842	2501	3235	3277	2755	656	2331	395	1558	1169	1133	1726	2643	4096	1094	3955	287	619	417	2818	2038	3518	341	2782	322	3089	280	3451	3788	4060	2854	2090	1856	662	2528	2209	2079	90	4074	3196	110	3599	877	740	2954	2742	1430	663	3430	3851	908	191
3695	1293	353	3703	2930	2606	2573	1388	3042	2911	2404	3839	90	2391	1008	90	3466	1913	1842	1395	3032	978	2328	1597	927	1924	293	2944	1788	3763	360	343	1951	266	1326	689	1345	3245	1817	2762	3383	3096	3338	974	2859	560	3203	1834	982	632	580	3634	1094	4096	3130	1492	975	2767	4058	3432	2789	1365	2001	92	169	1201	2998	1289	1746	3916	3555	2600	529	3491	1622	1703	620	2438	2044	2926	2202	3619	1149	1079	683	2198	4015	2008	575	1320	2848
4091	1855	3105	1331	2072	1975	2884	3721	2508	886	2900	2069	3625	1400	2726	2261	108	2055	3672	3752	2908	1759	4034	1639	2872	658	3483	2684	2283	2744	163	1678	90	1674	3975	90	406	3893	2668	391	3027	1397	516	1463	1876	1835	3753	3406	1260	2134	3023	3492	3955	3130	4096	2591	1782	3262	2667	2519	1176	2735	2258	2990	2350	1822	1164	211	1626	1942	2293	96	1052	1444	1140	3629	2969	1496	3012	3485	1994	2430	1272	3382	930	2436	685	1959	1665	3556	3236
3861	2428	3594	993	3339	1821	718	3473	850	3568	607	2631	2418	1644	2058	967	3429	2360	2439	1805	2824	3606	125	1290	1338	1082	1379	2494	1591	1414	444	548	3443	2511	90	4095	1050	3314	1742	3016	3904	977	442	1661	2923	404	3156	518	2167	1542	1481	470	287	1492	2591	4096	593	3035	3241	1992	1894	2049	460	2071	90	894	440	503	756	3701	730	3723	1426	325	1664	1783	3843	2914	1745	724	2175	1251	3360	2723	1361	90	3176	2024	2956	1322	3524
1904	221	1263	3751	2155	3512	594	1102	629	3497	1765	1530	2699	318	2715	3770	582	3391	3764	633	983	710	168	3330	2799	1529	3408	3302	3990	1342	2829	2743	806	4069	532	97	3917	2863	2669	90	3055	1675	3275	1850	835	3814	1575	2010	1756	1303	2485	525	619	975	1782	593	4096	1146	1110	635	90	817	3686	1705	1360	2225	672	1617	3605	1346	1655	832	2224	2968	3416	3976	427	1755	759	1235	1046	3714	2138	1249	1173	712	767	4006	2373	109	1114
173	1885	2166	4093	392	790	1962	2284	2567	782	153	3631	2174	3180	583	4061	3948	723	3287	1938	3746	1527	2498	3043	409	279	3725	1977	1059	1404	2987	1250	1845	2143	880	1516	3691	3587	1086	1947	2740	2296	3767	2594	2104	1098	727	1092	3304	546	861	144	417	2767	3262	3035	1146	4096	1309	1601	2777	3741	550	236	687	765	3588	554	1295	3222	1178	90	2449	3247	297	2413	3070	840	2016	897	1983	4009	304	1441	1234	3937	3999	4005	2713	3537	1771
2949	234	3457	3842	3417	2208	2093	596	3410	4016	3018	742	359	3748	1576	1874	3577	3815	1009	3570	2427	3230	145	3148	2988	3246	3031	90	847	2745	1819	2245	821	3498	3087	1191	3091	1095	209	636	3841	1733	3354	1074	3713	3158	1301	3447	3891	3177	1405	240	2818	4058	2667	3241	1110	1309	4096	1425	1539	2083	2357	2761	330	405	787	2925	2961	2463	2514	617	2756	482	2614	204	3144	2992	2205	1454	3952	2368	3496	2602	2051	2301	2808	3601	3114	3204	3425
3152	3667	2309	3531	745	773	1209	1960	801	2518	180	469	1666	3181	134	946	3306	1907	725	1846	1630	2784	3884	3600	400	3879	508	2876	3470	1162	1494	4001	1519	667	2996	3902	3324	119	2446	2050	4002	547	258	2117	3050	588	2232	2311	1196	90	3503	1931	2038	3432	2519	1992	635	1601	1425	4096	1978	186	1475	3546	1445	709	1194	522	2764	93	3669	1012	1222	2326	2737	1776	3720	1598	2141	1154	2448	947	1914	1966	3343	369	884	3234	2017	626	3165
3210	1739	2527	969	2074	1013	1640	2101	2212	2037	2465	3455	755	1455	1743	3621	3617	2336	3342	2397	443	3943	3482	2235	2376	2880	1351	2396	3295	3286	415	2812	696	3159	925	99	2912	1324	2803	1489	1715	193	2958	905	2378	303	3540	3448	1702	655	1005	2021	3518	2789	1176	1894	90	2777	1539	1978	4096	915	2701	2816	851	676	2941	1858	217	2638	866	90	2421	1063	3779	609	2129	1473	218	1429	2849	2868	2451	1768	2171	455	2303	872	621	1967	808
1257	2246	1589	276	466	1450	3736	1633	90	2883	3207	3481	3039	4094	3674	3411	1723	3971	3184	2176	957	2781	2222	514	2352	2287	2904	2763	3389	1932	3578	1991	3761	3991	2384	3965	3233	256	1406	179	2636	178	90	2650	3791	2383	2323	2297	1816	649	3328	373	341	1365	2735	2049	817	3741	2083	186	915	4096	2031	183	2412	639	3626	3889	3816	2793	2503	3865	3802	3510	3926	3642	3478	1939	2285	185	1374	3173	1040	126	228	1335	3075	1083	2183	3966	2014
1892	3759	1208	498	1158	2646	164	1319	615	2004	3427	419	3174	2409	2227	565	3682	2977	2810	2312	424	3045	3038	766	2025	1314	3395	3673	274	878	3557	647	3319	3197	329	393	1264	2402	3959	2432	90	471	166	1754	1883	235	2657	3855	3768	3171	1592	1271	2782	2001	2258	460	3686	550	2357	1475	2701	2031	4096	3826	2121	1905	1753	2995	4003	627	1645	3024	3316	90	2991	3270	2558	3188	2736	284	1175	3325	3320	1785	1113	1866	149	3264	2621	888	485
2674	1465	1403	3728	3662	506	1706	3157	2692	3553	156	2750	599	853	2291	810	3840	3209	686	1192	1865	2565	804	1275	586	90	269	3885	2099	1015	314	2948	3925	3636	1041	1680	3978	2592	585	3312	3215	2695	589	3190	1687	1104	1424	2951	3799	3936	3278	699	322	92	2990	2071	1705	236	2761	3546	2816	183	3826	4096	4057	1337	954	3876	3533	1439	2630	1230	4023	1408	895	719	2112	1478	402	3972	1693	3665	311	664	3218	1697	2576	2390	2975	4063	2343
3034	2470	1961	2771	2582	1798	2676	150	3363	3100	302	1369	2022	2835	540	1556	3026	3514	356	3526	2405	879	3283	253	3112	3967	4078	675	4064	1998	1747	896	2564	294	451	1412	3969	365	1286	3805	1253	3282	1119	2671	1035	2506	2903	1223	1267	1242	965	1972	3089	169	2350	90	1360	687	330	1445	851	2412	2121	4057	4096	3772	474	3607	292	2393	1108	1806	2067	3664	1135	4048	3069	1996	1186	2897	2230	1402	2105	1897	2491	798	90	2196	4028	3977	3049
1854	3690	3122	3800	2262	272	1048	2161	1435	90	1422	3309	351	2505	916	3357	2254	2878	3013	3974	2107	3458	1321	3183	3333	3589	1421	2714	2907	1936	2702	333	3073	3030	863	3598	445	1974	2934	90	541	2539	1965	3486	2460	3453	1503	2247	3332	1127	90	1089	280	1201	1822	894	2225	765	405	709	676	639	1905	1337	3772	4096	216	2794	208	428	143	1683	2181	2609	670	1623	1841	2154	241	431	749	1332	2289	3506	1710	1707	3979	1541	2530	1315	3138
2586	567	2839	3707	4081	2673	1156	574	3651	1026	2054	2615	433	493	3244	2579	2308	3609	3623	3586	492	2369	3933	4083	3185	1930	3653	105	3807	825	3318	160	2936	2545	1891	499	641	558	2584	2708	549	90	2240	4038	777	1044	1097	2913	90	2596	3685	2746	3451	2998	1164	440	672	3588	787	1194	2941	3626	1753	954	474	216	4096	2719	2570	3500	3335	751	1506	2493	1551	2893	2419	3341	1171	3618	2119	2047	1296	3558	90	3052	2836	2259	3420	2624	3192
2455	2223	527	2585	3120	1534	3804	1273	2846	1857	990	1317	2381	2366	2153	3046	1058	2801	1448	1288	3684	2144	1507	2693	2122	956	1647	2002	2858	3037	3437	2758	1458	3719	148	3095	818	2571	354	267	736	2192	1941	3729	680	3530	2656	1453	2634	2574	90	129	3788	1289	211	503	1617	554	2925	522	1858	3889	2995	3876	3607	2794	2719	4096	2605	1889	282	3722	1002	1471	528	3590	338	3340	1882	705	2420	1080	2042	1588	3806	922	1218	1485	2030	3351	2729
305	162	1372	3932	3875	1461	2380	1522	2526	1298	3191	1609	1920	3604	2300	489	397	793	3441	3697	3837	2688	3358	315	3409	2473	3582	167	739	539	2456	576	1657	237	90	1183	2335	2441	3205	3167	2611	1153	1505	2721	2546	1562	1659	1367	1284	1518	4029	941	4060	1746	1626	756	3605	1295	2961	2764	217	3816	4003	3533	292	208	2570	2605	4096	1550	3580	1246	346	678	2158	135	1722	660	857	496	2407	1459	988	1613	115	2593	999	2608	3647	568	3666
1088	3243	4082	785	3906	2504	2960	2909	2216	820	882	90	1220	1330	3670	2945	3681	2437	113	3280	2544	3846	2718	4092	112	1076	316	3002	3063	3362	1981	3315	1736	2533	4065	3818	2359	1632	2459	937	871	3863	161	3119	3798	581	90	175	2020	1255	1564	2831	2854	3916	1942	3701	1346	3222	2463	93	2638	2793	627	1439	2393	428	3500	1889	1550	4096	3493	1751	1767	2635	3961	2578	3161	1236	90	4045	90	1535	2046	1117	1784	1431	1033	963	475	90	1836
2424	3812	1643	1181	2172	1512	3872	1105	332	3378	2964	3098	2724	2467	2940	2270	124	3221	2445	3677	155	90	2691	3610	924	213	3809	2979	207	1955	3739	3094	3953	1915	1565	90	1631	779	1899	1034	1121	2354	1837	708	1844	3231	3565	3133	2435	1366	1879	3689	2090	3555	2293	730	1655	1178	2514	3669	866	2503	1645	2630	1108	143	3335	282	3580	3493	4096	1262	2092	2525	3536	481	603	2862	3160	2253	1385	3269	1531	1528	3399	152	3591	271	1057	3864	1212
3182	2962	1878	628	116	4088	3785	1533	734	223	2972	2033	1004	90	4089	2251	3384	1056	3025	3882	799	1446	2371	738	1652	3428	1537	90	2568	3464	2400	1547	127	3652	230	1793	2561	1380	3907	3099	378	3922	3640	3939	2260	456	90	1423	2239	2207	1540	1145	1856	2600	96	3723	832	90	617	1012	90	3865	3024	1230	1806	1683	751	3722	1246	1751	1262	4096	1838	3980	90	1766	3850	2150	512	1999	2918	1125	2362	3973	3944	552	1339	2414	3985	521	3786
1686	1795	1944	3490	1398	2757	3291	399	1187	862	3595	2901	3924	2356	2314	420	3508	3659	3522	4011	2471	1660	2483	3334	980	3009	2349	3970	3461	1039	3212	3692	3909	1036	3433	1306	2061	3387	2896	3782	4077	837	1329	3915	1099	2754	3995	2379	1730	1014	2250	3336	662	529	1052	1426	2224	2449	2756	1222	2421	3802	3316	4023	2067	2181	1506	1002	346	1767	2092	1838	4096	4021	2188	1043	1895	90	432	1763	3029	517	530	3742	943	3071	951	2722	3086	425	2332
515	472	3765	3921	2319	3778	3887	1308	1869	769	1390	2828	1860	3456	1202	881	3731	3285	1411	1712	3848	772	3149	2989	2640	3683	90	807	2097	2823	811	2910	2985	966	3298	1190	3062	998	2237	2361	3036	4047	746	1828	3567	195	2497	2946	2126	2871	3068	90	2528	3491	1444	325	2968	3247	482	2326	1063	3510	90	1408	3664	2609	2493	1471	678	2635	2525	3980	4021	4096	2060	3225	1189	2304	2710	90	889	976	1568	288	3717	3644	3163	935	2500	1142	3147
2228	1436	572	3997	484	2313	3193	362	2807	1585	2271	430	3290	2062	1382	1833	3856	1233	3381	363	2772	2535	3888	2146	1170	3658	4019	242	3310	668	2655	944	898	2256	2647	1553	202	1681	1487	1410	2286	3103	3551	3858	1210	2434	2536	3762	903	2484	1628	4068	2209	1622	1140	1664	3416	297	2614	2737	3779	3926	2991	895	1135	670	1551	528	2158	3961	3536	90	2188	2060	4096	1237	3499	929	2974	439	2749	3844	1760	3516	1567	3671	3467	142	3614	1646	2553
3297	917	401	960	1929	733	1698	249	3101	3910	933	2580	2644	1378	3405	1604	90	2521	4066	1087	2027	3261	955	2177	374	3348	1749	2583	1437	114	1472	1045	1022	706	803	90	770	2458	2703	659	1131	232	270	3265	3331	1383	931	468	1323	3308	2866	758	2079	1703	3629	1783	3976	2413	204	1776	609	3642	3270	719	4048	1623	2893	3590	135	2578	481	1766	1043	3225	1237	4096	652	1302	90	1847	3307	1224	2431	3706	1432	3923	4008	2629	2415	601	2219
1477	3983	3811	1310	3237	389	2894	2169	1963	1418	1409	2906	90	2654	3542	3866	348	3602	544	1807	3376	1219	536	1690	809	1291	3676	3521	3534	638	2128	1797	3088	3727	1021	2517	4084	1641	2339	523	1325	604	939	421	3074	385	3115	2028	2919	1504	1648	3950	90	620	2969	3843	427	3070	3144	3720	2129	3478	2558	2112	3069	1841	2419	338	1722	3161	603	3850	1895	1189	3499	652	4096	3162	138	1279	3968	1062	1701	3962	3774	2639	1480	958	2399	1442	3700
2075	3869	1270	2869	1888	3229	1912	3624	387	735	3894	462	3368	1679	3562	3289	1019	3940	265	2136	490	1925	1103	4033	2806	2670	3756	90	3702	780	1493	1711	2236	3129	3155	519	2728	3085	2805	203	4056	3645	2026	3871	1428	309	2928	504	520	3305	3403	3300	4074	2438	1496	2914	1755	840	2992	1598	1473	1939	3188	1478	1996	2154	3341	3340	660	1236	2862	2150	90	2304	929	1302	3162	4096	2130	4040	3123	3548	534	1313	1861	2898	538	3350	2263	3914	1064
2939	762	2882	1825	2029	367	579	2541	3749	2687	3198	2370	2850	2935	637	616	390	865	1940	3392	2986	3040	1067	1524	1500	171	2861	364	1375	3743	2983	90	495	2973	2660	380	3903	989	1937	410	2425	381	2492	4087	1552	2678	2785	2221	873	3375	1744	2832	3196	2044	3012	1745	759	2016	2205	2141	218	2285	2736	402	1186	241	1171	1882	857	90	3160	512	432	2710	2974	90	138	2130	4096	3735	2056	3214	3199	2547	1484	4020	3439	1526	3817	1566	215
131	2220	2184	2922	3059	1348	3775	2633	1359	1128	611	1538	2102	2976	661	1006	437	3783	90	3987	1300	1027	2899	934	2034	1433	2363	2540	1371	263	3750	95	1130	2696	100	841	260	3912	90	3404	3228	1587	3886	1653	90	1281	2318	3079	2917	1580	340	4018	110	2926	3485	724	1235	897	1454	1154	1429	185	284	3972	2897	431	3618	705	496	4045	2253	1999	1763	90	439	1847	1279	4040	3735	4096	1596	721	819	3838	2453	2748	870	2165	1729	1987	3255
2157	1900	1970	2649	326	3386	3949	3715	422	2472	1501	128	741	2523	3480	3153	642	2180	1020	2429	2388	600	2475	1651	720	3989	4041	729	3988	3412	1143	3547	2003	1812	2252	2787	3226	1571	874	1903	1185	1085	800	3853	830	3738	2937	1349	1120	154	319	3227	3599	2202	1994	2175	1046	1983	3952	2448	2849	1374	1175	1693	2230	749	2119	2420	2407	90	1385	2918	3029	889	2749	3307	3968	3123	2056	1596	4096	2601	196	3281	1980	1997	255	624	3041	2658	2151
1497	4025	1606	1896	2556	2234	1824	885	1572	1890	2447	3015	229	2330	1394	90	3484	1801	2401	295	3870	657	1670	2889	3996	1488	843	181	1750	2932	2953	3745	3561	3258	2307	4054	646	1109	1709	3463	1544	2522	1873	3251	1773	413	4027	563	4017	2610	1810	2599	877	3619	2430	1251	3714	4009	2368	947	2868	3173	3325	3665	1402	1332	2047	1080	1459	1535	3269	1125	517	976	3844	1224	1062	3548	3214	721	2601	4096	4012	2890	473	334	822	1582	1096	1669	622
3327	1737	1392	2548	1081	2895	1152	1278	537	2915	3797	3007	1107	3554	2627	3694	4042	1486	1502	3501	1010	3911	2815	352	2305	436	317	1802	449	1510	1584	890	692	101	3474	2040	3930	3704	3784	3250	1197	722	90	1193	2325	467	2142	2140	1294	2891	3584	2751	740	1149	1272	3360	2138	304	3496	1914	2451	1040	3320	311	2105	2289	1296	2042	988	2046	1531	2362	530	1568	1760	2431	1701	534	3199	819	196	4012	4096	2778	2765	277	1225	1699	2680	2041	2966
1261	3092	833	789	1979	1954	3519	3615	1312	561	602	3845	1244	231	2274	3249	791	90	3539	1884	2218	1340	2275	347	3359	4014	3821	371	3892	2677	2924	2795	3592	1911	3459	1139	3523	1843	2168	3106	2346	2302	3505	2902	3142	3345	3014	2163	2375	219	973	2623	2954	1079	3382	2723	1249	1441	2602	1966	1768	126	1785	664	1897	3506	3558	1588	1613	1117	1528	3973	3742	288	3516	3706	3962	1313	2547	3838	3281	2890	2778	4096	1840	3057	1376	1118	2709	227	212
2577	2011	2681	121	3256	1188	2837	3090	1818	1498	3388	2217	1386	2045	201	412	3172	90	3097	1391	3569	1625	264	1811	1172	1774	1689	1483	268	3000	1243	172	1827	2562	3206	3104	2341	3822	2853	2731	1692	1299	3868	3574	2088	1560	875	2215	1029	1377	2417	2927	2742	683	930	1361	1173	1234	2051	3343	2171	228	1113	3218	2491	1710	90	3806	115	1784	3399	3944	943	3717	1567	1432	3774	1861	1484	2453	1980	473	2765	1840	4096	2604	3964	3796	3426	1872	1195
1676	849	3135	1719	2665	1363	2160	4052	1946	828	2626	3477	876	2377	3581	1988	1543	157	1608	555	3431	2685	2348	1239	1037	2773	608	2490	2015	2942	2106	598	2464	2100	1909	3263	2774	2077	1610	3238	910	2804	3771	3271	1069	1277	1887	2725	797	1599	2651	1467	1430	2198	2436	90	712	3937	2301	369	455	1335	1866	1697	798	1707	3052	922	2593	1431	152	552	3071	3644	3671	3923	2639	2898	4020	2748	1997	334	277	3057	2604	4096	3022	3240	3367	883	1993
3993	2887	928	743	1511	2454	1549	3080	3004	2082	1328	1438	2515	3253	2933	1093	4044	679	2110	2659	1718	3679	961	1682	2682	644	3611	3849	3472	224	3248	2189	3525	301	2856	2461	2931	1607	2531	992	2164	717	1976	435	1047	3541	912	1166	1789	491	461	1910	663	4015	685	3176	767	3999	2808	884	2303	3075	149	2576	90	3979	2836	1218	999	1033	3591	1339	951	3163	3467	4008	1480	538	3439	870	255	822	1225	1376	3964	3022	4096	2422	701	3794	2457
2783	2476	1804	2098	205	2199	1077	2819	1881	625	1112	2394	1011	2178	2321	3365	1662	2187	950	542	2598	357	3401	411	1973	90	3371	3489	2278	3655	2114	2479	595	760	1017	3020	3828	564	794	1364	2152	1179	1168	1464	1957	308	106	3413	1554	2916	2733	2269	3430	2008	1959	2024	4006	4005	3601	3234	872	1083	3264	2390	2196	1541	2259	1485	2608	963	271	2414	2722	935	142	2629	958	3350	1526	2165	624	1582	1699	1118	3796	3240	2422	4096	997	2111	2327
2625	3462	3836	4013	2827	702	3139	1073	1902	2833	90	90	1908	3217	2385	1061	3529	2549	3083	3808	3687	3058	244	4075	1933	3145	2486	2065	3168	1731	995	3835	1595	1148	684	4090	543	987	4026	3905	1416	3394	1413	90	1049	1952	859	3141	1982	2036	713	3021	3851	575	1665	2956	2373	2713	3114	2017	621	2183	2621	2975	4028	2530	3420	2030	3647	475	1057	3985	3086	2500	3614	2415	2399	2263	3817	1729	3041	1096	2680	2709	3426	3367	701	997	4096	3552	914
1141	3137	3296	1136	3918	2118	3941	2012	132	1245	3494	3436	90	1685	3793	1030	2095	1054	2315	2496	2000	577	1984	3276	1155	1926	2524	2970	1764	1545	3575	2666	2877	246	1796	1174	2619	1462	1799	3549	3373	372	3380	278	3766	1721	2857	1717	2738	2512	3544	1055	908	1320	3556	1322	109	3537	3204	626	1967	3966	888	4063	3977	1315	2624	3351	568	90	3864	521	425	1142	1646	601	1442	3914	1566	1987	2658	1669	2041	227	1872	883	3794	2111	3552	4096	1256
1880	1443	1347	247	1695	747	2123	3668	1862	2364	2255	2248	289	3239	3628	1559	3361	3819	1401	3515	1129	90	243	3279	1696	2947	1734	194	350	3303	3878	2063	2342	569	1075	1677	3293	2179	1353	3688	823	1232	1629	1434	1779	1151	2697	1311	2543	2717	2109	2720	191	2848	3236	3524	1114	1771	3425	3165	808	2014	485	2343	3049	3138	3192	2729	3666	1836	1212	3786	2332	3147	2553	2219	3700	1064	215	3255	2151	622	2966	212	1195	1993	2457	2327	914	1256	4096
