4096	978	3783	367	1030	1362	1784	3496	1683	626	2483	759	2204	1687	2968	3355	1673	2880	90	2615	4020	1972	2496	3842	1470	141	657	484	1886	595	3199	3070	2468	90	3835	3233	2331	1459	1895	2437	4019	4079	3181	610	2937	475	2529	3325	2997	897	2069	482	1639	2454	1035	181	3779	93	90	102	3912	3571	3292	3684	165	445	2240	312	1827	241	461	1859	1342	720	1710	612	666	1562	3728	2366	2725	3257	2764	2299	2927	160	3456	90	2633	3366	2653
978	4096	1728	2918	2379	2608	2067	345	3001	3151	1492	4088	3915	2625	1600	2848	2359	1809	2239	1599	156	1822	3967	932	1394	330	90	3459	2445	3099	1672	2335	1043	3695	3415	90	3209	4048	2117	1015	1440	2274	3547	2876	1549	2991	1216	3038	3359	3236	2295	2386	2781	3803	2567	3110	3395	3010	900	108	2425	3258	1852	1093	968	90	3400	3182	3777	2554	3636	1984	3848	879	2036	3808	2112	622	90	2643	4032	3007	1442	1668	852	138	4018	2486	3326	2934	3673
3783	1728	4096	2320	546	1590	1009	1490	1023	3268	1131	1155	2913	2622	3964	2979	2114	3709	3173	2370	3726	3925	990	1234	3349	3829	2958	3483	2441	3917	850	3722	1842	2691	582	2123	1047	1109	252	3064	2801	617	478	3878	354	643	2400	479	1606	2901	2136	653	1204	1154	328	3144	2865	2097	1995	2967	2639	505	3706	498	3248	3793	2130	3490	2169	1144	1483	127	2397	3603	692	90	3360	332	2323	90	1736	2338	140	3312	2435	3635	2007	163	1990	1495	3676
367	2918	2320	4096	1671	4042	2206	4035	775	650	1908	1104	3105	240	2735	1709	768	2229	1623	411	2002	4031	3491	3017	2420	1194	1768	295	1725	90	2982	556	3346	206	3063	2771	2885	1365	934	3819	1747	159	1407	2803	2541	3608	1938	2176	914	1899	1507	656	3585	1861	1884	2228	3201	3297	1729	1497	90	1767	4054	225	544	3408	1248	450	3945	2867	2561	1780	90	778	3702	3306	388	3500	3232	1478	3225	2208	3800	2925	1926	906	1953	1749	2464	2732	3590
1030	2379	546	1671	4096	3083	825	754	3069	2249	277	3323	2191	2376	2192	4050	2545	738	4003	4007	2068	3412	1453	3946	3521	3050	3417	3512	2289	3335	2429	3664	4055	2828	1994	1423	1514	2111	3322	2316	510	3633	2698	3516	3736	1260	365	1998	1566	402	3606	605	1266	109	3104	90	2476	3693	3240	4002	1012	1616	308	3588	2920	3267	494	1056	1823	3380	2931	2481	1027	143	3535	2951	2314	3767	280	698	3005	2517	1438	135	1217	994	2190	3961	3374	349	604
1362	2608	1590	4042	3083	4096	219	198	2018	1257	2704	3047	90	2198	3365	3223	1711	3184	3012	627	3840	2277	90	2140	1388	3792	2037	1887	199	3853	1280	2617	1399	1095	3612	351	2074	3045	3145	1701	2352	2526	2394	2383	3505	300	459	2089	919	2499	1345	3440	1168	2736	2183	2981	1919	3968	91	157	2697	1509	3834	3508	412	689	2127	2879	3559	3543	3183	231	3172	2265	1740	436	353	2128	1611	2847	4039	891	1432	2149	3256	3022	2368	1228	1745	1770	3354
1784	2067	1009	2206	825	219	4096	1772	2465	2025	2817	3160	3869	192	687	837	2861	1580	1129	1053	3520	1987	1535	2387	1090	3537	661	2774	755	2405	4083	816	3379	2862	2395	956	2490	3780	1152	1569	2870	3720	996	3457	3131	843	788	1666	1026	3474	362	4075	2013	2798	3823	178	2285	3364	2686	2854	2917	578	818	921	869	1960	3296	193	3286	204	3654	1071	1557	3004	90	2995	1881	3826	495	1259	3262	1405	1931	3122	2533	3289	1252	743	1190	3933	1427
3496	345	1490	4035	754	198	1772	4096	793	2148	1484	3670	2733	3265	90	1265	154	2498	2104	182	3904	1651	3060	596	3493	3461	1633	1731	3029	2102	2748	2681	1857	3089	1017	1992	515	4085	3686	2583	1646	3367	2539	4024	2645	554	729	3587	1518	1703	1343	2344	1285	3586	2999	2215	2794	1120	2829	3283	3189	1334	3272	2599	3725	552	3698	1947	187	1008	3056	2804	3404	2512	2882	2330	3740	575	3645	2137	3897	397	3455	396	1448	2654	4034	3164	3420	3965	3270
1683	3001	1023	775	3069	2018	2465	793	4096	242	3716	2741	2489	2273	1775	1335	1001	2243	290	2085	1973	806	3402	894	3226	1039	3971	1308	1161	1520	2896	3644	3562	3422	1340	1274	3549	3362	90	3809	781	2474	3178	1288	1741	1052	3454	1261	866	1965	2823	933	214	1415	2095	581	3294	690	1198	3081	856	2972	3679	3554	3592	2170	289	1700	1307	2668	1005	2738	2705	2175	2197	3955	3458	3999	3824	1183	3439	3157	1560	999	2462	3939	593	948	2710	2944	3127
626	3151	3268	650	2249	1257	2025	2148	242	4096	3405	1202	694	2535	3748	200	3893	1124	1862	3468	2974	824	1513	1409	1661	742	3994	4043	903	2983	3003	2029	1922	3995	2609	2977	718	1205	3651	814	1231	1920	583	438	2576	1367	2213	3176	1486	883	963	504	543	3139	3658	1923	2743	1883	3972	635	1912	893	3604	2389	142	258	1757	940	1269	3135	2161	3498	767	682	1813	3171	3445	558	168	90	3866	2034	2772	2868	3518	1543	3337	3253	90	1804	2504
2483	1492	1131	1908	277	2704	2817	1484	3716	3405	4096	2616	3540	2103	1135	2933	538	1776	1702	809	3940	907	2231	2134	1868	3416	151	3637	4058	493	223	1565	361	1357	2703	3868	3905	90	2905	1581	1909	1270	253	1677	3185	909	2695	1111	95	4074	3828	2398	2586	1465	2264	1803	2377	4063	693	1401	3121	750	3479	2484	1665	1686	381	832	1785	2444	2596	323	170	2502	1031	1320	2165	960	3630	3564	4091	3429	1229	619	553	2115	1808	2761	1025	2012	2530
759	4088	1155	1104	3323	3047	3160	3670	2741	1202	2616	4096	255	338	2525	3436	974	2201	3580	1679	2953	1735	4000	3836	1174	840	2721	857	3687	1626	167	90	511	892	317	3465	463	3963	882	1077	3760	528	3560	2310	1718	3931	2447	1975	497	705	966	744	1875	2914	2349	2980	2021	1592	1944	3692	1680	910	2863	1060	531	1561	1929	1690	399	262	3048	753	4038	2635	969	448	964	215	3068	368	144	164	462	176	3314	3501	3738	2947	1328	3855	2970
2204	3915	2913	3105	2191	90	3869	2733	2489	694	3540	255	4096	2666	3152	2945	1564	2024	3174	3406	2930	1083	2275	3534	3865	810	4077	1346	3488	2044	962	2672	3128	3511	4037	2690	1349	90	2827	335	2294	2184	2325	3561	273	3293	425	758	2856	3517	3186	3795	329	2658	812	2637	2984	3036	3430	2674	2008	2375	2014	1309	427	1064	90	1337	1595	734	1635	1240	1348	3317	3989	703	3285	3851	983	148	1704	3192	2507	3569	2860	3280	3913	2590	90	2144	2708
1687	2625	2622	240	2376	2198	192	3265	2273	2535	2103	338	2666	4096	1275	389	1242	3452	3901	119	420	3096	701	1339	741	509	1655	3504	1258	3112	3896	1352	3298	3358	1246	3639	3617	90	3123	1177	1119	550	1918	1706	1939	3503	4056	2220	3194	3943	2168	566	1353	3551	190	2023	3958	2667	2189	3486	2219	808	735	146	3484	817	3898	1941	3622	2581	1605	3816	3849	1805	681	3309	3553	3932	2912	2369	1018	1896	1866	222	917	201	3401	1773	1289	3271	2055
2968	1600	3964	2735	2192	3365	687	90	1775	3748	1135	2525	3152	1275	4096	2232	2629	2650	1106	3752	945	1567	4011	1634	2606	3544	2431	467	665	3874	3266	2957	1091	3993	715	2904	2723	2766	2760	1163	3577	875	3653	1609	1329	2393	1078	985	1330	90	1572	1726	385	2076	3130	372	1420	721	884	951	952	136	3918	3282	2341	327	404	1085	924	3621	2051	1750	975	2726	451	2742	437	210	2549	1290	2866	2459	1900	3960	3434	2292	264	1450	3690	1684	1297
3355	2848	2979	1709	4050	3223	837	1265	1335	200	2933	3436	2945	389	2232	4096	3750	137	496	3291	2516	2423	131	855	2676	254	3168	2542	1629	1493	1719	413	90	1105	654	3830	392	283	1583	3616	771	1897	324	3807	374	672	2612	2210	534	827	3983	94	547	1433	3066	931	1115	3613	3224	668	1212	3787	3642	927	1506	2226	90	1558	2315	1102	2391	3974	344	3158	2003	3078	3451	2326	2202	2822	2785	3085	3628	2000	774	745	2284	716	2706	1382	2839
1673	2359	2114	768	2545	1711	2861	154	1001	3893	538	974	1564	1242	2629	3750	4096	2047	1184	3129	1925	800	2005	3753	2107	3957	491	2694	128	1814	2187	1253	995	762	1961	2558	90	831	1652	2620	1597	2519	644	1538	1436	1667	191	4001	2469	90	2145	90	2166	1099	3125	3305	1378	1421	260	1570	1028	4053	3609	2306	3732	3951	2799	902	1304	1222	991	2006	2807	3207	1512	1951	1303	1182	3384	3776	3035	1833	3058	2428	422	2789	4066	311	676	3860	452
2880	1809	3709	2229	738	3184	1580	2498	2243	1124	1776	2201	2024	3452	2650	137	2047	4096	2105	2544	2647	1699	2685	3882	916	1618	2110	2922	195	236	2270	3363	2353	1390	2057	1536	2679	3025	3734	1073	3906	2131	3894	2163	557	2661	3856	2100	3218	620	3597	1819	211	474	2899	3944	4069	90	1213	175	256	811	1457	492	2495	2364	3334	642	1462	2852	3843	2236	3660	2594	2864	3804	3180	2442	1841	3575	3243	408	1108	853	3051	1985	1218	390	2118	2317	1059
90	2239	3173	1623	4003	3012	1129	2104	290	1862	1702	3580	3174	3901	1106	496	1184	2105	4096	789	673	846	483	2205	3328	171	453	2591	1879	1945	2786	1200	3584	3858	1374	2241	1292	2120	155	90	3252	3875	2347	898	4010	1350	92	3361	90	1032	3611	637	298	1575	3332	2357	751	2881	2821	3790	476	2739	3079	292	3723	2964	3985	1040	4005	2859	1717	1181	3313	278	90	877	111	3101	1968	303	752	3214	3814	1863	1885	1398	1045	3187	2033	3857	1727
2615	1599	2370	411	4007	627	1053	182	2085	3468	809	1679	3406	119	3752	3291	3129	2544	789	4096	2346	3631	2924	2371	3091	1332	3329	2962	4004	683	1331	2382	572	1914	433	1539	834	904	777	3920	2078	268	923	3231	2200	250	244	3080	2132	1140	90	3655	363	1612	574	954	1554	2587	2623	4065	2279	2773	526	99	2745	901	90	899	3310	2087	2858	600	2156	3034	3190	3245	2244	756	3116	265	130	3886	1966	2381	1670	288	2986	1022	2751	471	1821
4020	156	3726	2002	2068	3840	3520	3904	1973	2974	3940	2953	2930	420	945	2516	1925	2647	673	2346	4096	1075	2121	3136	3477	1396	3348	333	2621	4044	1146	2380	3618	2186	3727	3318	473	2266	565	2365	90	1956	2511	1245	1541	3239	710	2452	1062	2564	3396	4068	444	270	3970	90	3119	2384	2194	90	3087	1950	1978	764	2966	3169	2477	3481	3986	158	1379	615	2712	434	3935	3021	820	2035	3515	1534	836	841	2597	3694	2611	2439	1293	1642	2413	786	3155
1972	1822	3925	4031	3412	2277	1987	1651	806	824	907	1735	1083	3096	1567	2423	800	1699	846	3631	1075	4096	2849	2026	2436	3948	1272	868	3138	3550	2417	435	929	1132	2747	2122	3666	2143	4082	90	3216	1697	1779	783	2113	3301	1934	2406	1435	3137	3387	1417	3202	90	1799	1314	2478	3778	697	2514	1123	785	3775	798	3942	2841	730	1347	2816	3059	2223	315	1691	3433	1525	1769	407	1696	791	2888	1158	1159	1845	3074	3982	2073	230	2664	3044	1368	862
2496	3967	990	3491	1453	90	1535	3060	3402	1513	2231	4000	2275	701	4011	131	2005	2685	483	2924	2121	2849	4096	1963	3142	1771	1807	3742	3249	4052	1376	3274	2843	614	3696	1505	2551	587	2644	2793	865	1969	2022	415	3533	506	90	563	3140	1471	380	3681	1603	249	2941	1723	961	632	1559	651	1531	224	161	3988	4008	1999	2518	1958	139	3715	2537	1069	1698	1489	3607	1890	2077	536	1806	663	352	1511	941	3482	3211	2592	2540	3892	1364	4076	1070
3842	932	1234	3017	3946	2140	2387	596	894	1409	2134	3836	3534	1339	1634	855	3753	3882	2205	2371	3136	2026	1963	4096	2893	377	1594	1547	90	3581	3386	3528	3438	1778	2610	2339	1094	662	2989	3744	1738	2062	234	3838	3815	3352	1544	1338	2889	1964	3919	2374	2246	3377	3370	782	1087	1384	1942	3784	2340	3261	3620	2675	2458	1473	149	2467	1033	603	3196	2618	1654	3839	3565	2309	2412	908	90	3817	1351	90	3556	382	1114	549	1693	1019	2174	456	3435
1470	1394	3349	2420	3521	1388	1090	3493	3226	1661	1868	1174	3865	741	2606	2676	2107	916	3328	3091	3477	2436	3142	2893	4096	1977	2146	3197	918	410	3525	409	1281	1101	1024	2909	3235	873	2450	3781	3818	488	2448	1160	3833	1262	835	1037	3410	3713	3589	2960	3883	2116	3342	103	2659	3075	667	2045	1911	4029	712	3350	1416	519	185	3523	1621	3442	3719	3165	3567	1694	3345	821	418	2887	773	890	90	977	3303	3689	443	1574	2313	2408	90	1734	1624
141	330	3829	1194	3050	3792	3537	3461	1039	742	3416	840	810	509	3544	254	3957	1618	171	1332	1396	3948	1771	377	1977	4096	1959	2693	1223	3073	271	959	1812	1021	341	2362	2744	3397	2296	2457	3798	2646	3576	3643	180	3263	3929	1142	2017	2414	2552	134	378	763	1591	3247	2700	331	829	442	3614	1074	90	318	2832	3290	686	2607	3065	2350	696	2343	3973	263	1393	2853	3552	973	1287	2392	233	1469	830	2354	3712	3148	1098	1460	3013	895	90
657	90	2958	1768	3417	2037	661	1633	3971	3994	151	2721	4077	1655	2431	3168	491	2110	453	3329	3348	1272	1807	1594	2146	1959	4096	3120	802	2527	3191	3446	346	2196	3703	272	1829	1373	3213	618	4080	3212	3254	684	3991	1451	1325	1648	3095	3871	3731	3162	967	2546	3230	3545	3018	1468	90	4087	3473	2258	2528	3278	1802	1089	1637	2911	395	2135	3735	2811	3526	3487	1175	212	965	3269	3656	1400	541	628	2790	1766	393	3675	1227	870	3106	2648	779
484	3459	3483	295	3512	1887	2774	1731	1308	4043	3637	857	1346	3504	467	2542	2694	2922	2591	2962	333	868	3742	1547	3197	2693	3120	4096	2259	3090	1255	4028	458	307	1986	2075	205	90	4009	1620	1437	2207	90	3573	1724	440	2589	3747	2998	2973	3563	320	562	2797	842	2333	1530	1055	150	3791	518	3916	2903	3668	2996	2603	3392	3475	3221	1107	2162	2949	400	2939	2109	2267	3879	3082	275	486	2513	3903	4060	660	1167	646	2601	485	2777	1763	1456
1886	2445	2441	1725	2289	199	755	3029	1161	903	4058	3687	3488	1258	665	1629	128	195	1879	4004	2621	3138	3249	90	918	1223	802	2259	4096	3877	2411	1206	2553	2850	2321	3480	1096	3146	3210	2755	455	3648	523	1487	1996	3117	3548	2566	305	2124	1113	3229	274	2203	1997	3030	706	3954	3357	2367	2345	2595	3244	3641	421	2319	306	4045	1818	3300	819	3598	220	1782	988	3629	1765	1170	1321	1824	2670	373	3837	3288	243	3979	1326	3591	2403	1371	2324
595	3099	3917	90	3335	3853	2405	2102	1520	2983	493	1626	2044	3112	3874	1493	1814	236	1945	683	4044	3550	4052	3581	410	3073	2527	3090	3877	4096	1737	3324	2015	2070	1092	2304	1485	874	1982	794	719	4084	3057	1491	647	439	3524	325	2234	3509	246	1057	2959	2363	3953	2570	3108	3333	3208	2129	2750	1906	387	316	2536	2808	90	3072	2521	1233	3093	807	2256	4014	3908	3027	2487	3338	1296	1596	1251	1418	3755	3947	1874	1130	90	2649	3453	2926	466
3199	1672	850	2982	2429	1280	4083	2748	2896	3003	223	167	962	3896	3266	1719	2187	2270	2786	1331	1146	2417	1376	3386	3525	271	3191	1255	2411	1737	4096	623	1669	2908	2663	3513	1533	1907	2493	90	573	1431	1344	2873	2224	2728	2221	1708	2928	3619	1430	3745	2906	4040	3889	2373	3494	3372	1647	2214	3646	2722	728	3924	1653	3624	1817	1732	162	944	3097	2182	2311	2011	1014	477	2814	1876	2720	282	2950	2961	173	3976	1166	2682	3399	3688	2082	3907	658
3070	2335	3722	556	3664	2617	816	2681	3644	2029	1565	90	2672	1352	2957	413	1253	3363	1200	2382	2380	435	3274	3528	409	959	3446	4028	1206	3324	623	4096	930	3467	3822	2688	3579	3407	2787	1185	2358	1681	1916	3756	356	3574	2580	982	490	1957	2780	501	1952	90	537	1946	3820	90	4062	2053	2657	1226	1628	585	2298	1545	599	1789	1742	284	757	2195	1049	625	2286	1239	2138	613	3143	2217	1354	2531	797	3934	1284	3626	580	3711	2247	1521	949
2468	1043	1842	3346	4055	1399	3379	1857	3562	1922	361	511	3128	3298	1091	90	995	2353	3584	572	3618	929	2843	3438	1281	1812	346	458	2553	2015	1669	930	4096	551	1663	1424	1180	3390	2272	2916	2795	1903	937	524	655	3369	1797	1905	2171	606	2302	1082	3902	3583	3582	3900	4073	3175	104	232	579	533	3751	2571	677	2809	1173	3659	1582	1137	1219	2634	3376	2683	1615	2562	2943	3640	3956	2500	2096	1979	1121	3538	616	279	1504	3805	2523	2636	2724
90	3695	2691	206	2828	1095	2862	3089	3422	3995	1357	892	3511	3358	3993	1105	762	1390	3858	1914	2186	1132	614	1778	1101	1021	2196	307	2850	2070	2908	3467	551	4096	2699	1524	1425	2550	1153	313	2522	4089	2288	2534	1748	172	2872	564	334	2064	2935	1983	90	4095	1568	2727	2385	1403	860	2802	419	1361	3414	645	118	3794	3884	3327	1271	1638	739	1279	1187	559	1488	2250	3796	3351	3124	3388	2151	1477	1830	1072	2342	1006	3769	803	2582	799	481
3835	3415	582	3063	1994	3612	2395	1017	1340	2609	2703	317	4037	1246	715	654	1961	2057	1374	433	3727	2747	3696	2610	1024	341	3703	1986	2321	1092	2663	3822	1663	2699	4096	525	2813	326	804	508	1397	3049	3761	1801	950	1221	2669	2572	90	2230	3593	1551	3163	636	1955	2179	2897	2883	2426	322	3026	3615	3319	428	2225	702	2308	1893	2080	521	699	3959	218	2510	748	1103	132	4059	267	1810	1002	3599	1937	2276	293	2825	2892	3594	1714	2172	3009
3233	90	2123	2771	1423	351	956	1992	1274	2977	3868	3465	2690	3639	2904	3830	2558	1536	2241	1539	3318	2122	1505	2339	2909	2362	272	2075	3480	2304	3513	2688	1424	1524	525	4096	3502	3861	851	3529	3094	3011	2627	1641	3966	2955	1991	2421	3674	1188	2660	447	1798	2030	2642	3881	957	4036	2520	1054	1662	1186	3602	1794	1593	2063	3154	2604	725	1685	2890	2718	2252	1831	2632	1716	2598	1411	3697	3799	1792	588	342	1125	2016	3765	746	737	126	1676	2956
2331	3209	1047	2885	1514	2074	2490	515	3549	718	3905	463	1349	3617	2723	392	90	2679	1292	834	473	3666	2551	1094	3235	2744	1829	205	1096	1485	1533	3579	1180	1425	2813	3502	4096	1588	3852	3634	3159	1452	2824	1080	2031	4061	3990	1889	2329	3015	1820	1542	3006	1589	2434	1375	2508	955	360	3111	1705	375	1298	1880	221	3854	3250	3996	2019	1921	2010	2141	2902	1848	1199	291	3398	1122	1854	357	1389	727	1695	648	576	805	2280	2139	1689	3921	1643
1459	4048	1109	1365	2111	3045	3780	4085	3362	1205	90	3963	90	90	2766	283	831	3025	2120	904	2266	2143	587	662	873	3397	1373	90	3146	874	1907	3407	3390	2550	326	3861	1588	4096	2651	1086	1949	567	1836	2709	1381	2969	464	688	2919	1826	1517	2488	2819	971	849	1044	3238	640	269	3234	1116	3746	107	1455	3605	2482	3403	2438	664	2028	117	984	1678	1193	90	3864	1196	1739	3531	2039	2253	833	1000	760	3381	1579	1301	2356	1940	3133	1527
1895	2117	252	934	3322	3145	1152	3686	90	3651	2905	882	2827	3123	2760	1583	1652	3734	155	777	565	4082	2644	2989	2450	2296	3213	4009	3210	1982	2493	2787	2272	1153	804	851	3852	2651	4096	986	555	3476	1268	3295	548	3701	3572	1943	1263	257	213	4046	1774	2543	3424	2164	2263	2628	2485	2640	1656	2098	542	1526	3770	90	183	304	1508	1136	1515	2734	2884	3102	1097	1004	3998	878	674	700	3914	405	1467	3020	3200	1617	1948	3008	3478	1215	1537
2437	1015	3064	3819	2316	1701	1569	2583	3809	814	1581	1077	335	1177	1163	3616	2620	1073	90	3920	2365	90	2793	3744	3781	2457	618	1620	2755	794	90	1185	2916	313	508	3529	3634	1086	986	4096	3802	112	480	3774	3895	152	100	3419	3032	2818	489	1192	4041	1613	2557	2975	1825	3661	1141	2857	2211	3150	2767	1660	1499	3276	2094	90	1201	3845	2515	4017	1237	2836	3023	1283	589	406	545	1243	1851	2453	3699	685	942	2071	2185	124	2605	993	2806
4019	1440	2801	1747	510	2352	2870	1646	781	1231	1909	3760	2294	1119	3577	771	1597	3906	3252	2078	90	3216	865	1738	3818	3798	4080	1437	455	719	573	2358	2795	2522	1397	3094	3159	1949	555	3802	4096	1007	302	3264	3460	722	2506	3411	2177	3705	858	1864	376	1164	3495	2898	3721	2568	3663	2684	2158	1828	3177	871	383	678	446	3062	3923	2262	261	1622	520	4081	1322	2877	2740	347	3492	885	1429	2278	276	3980	714	1076	3595	1426	2081	3832	2167
4079	2274	617	159	3633	2526	3720	3367	2474	1920	1270	528	2184	550	875	1897	2519	2131	3875	268	1956	1697	1969	2062	488	2646	3212	2207	3648	4084	1431	1681	1903	4089	3049	3011	1452	567	3476	112	1007	4096	3260	2938	3532	2348	2993	1753	979	3555	343	90	1904	1675	2248	649	1443	2846	726	845	3789	3927	1756	2260	887	1556	1501	90	2322	1191	1721	2083	2154	881	2895	3203	2410	3975	2355	513	1630	740	359	129	3978	3707	2907	3227	1189	4072	1118
3181	3547	478	1407	2698	2394	996	2539	3178	583	253	3560	2325	1918	3653	324	644	3894	2347	923	2511	1779	2022	234	2448	3576	3254	90	523	3057	1344	1916	937	2288	3761	2627	2824	1836	1268	480	302	3260	4096	3672	166	1013	3092	4090	1980	2915	3002	1688	2585	2757	228	532	1302	2547	3768	2791	1363	2869	2714	371	770	3086	3885	629	1563	2401	465	1310	1171	3033	449	1176	147	189	2066	1295	2730	207	2419	2602	905	2446	2792	535	2737	2776	1519
610	2876	3878	2803	3516	2383	3457	4024	1288	438	1677	2310	3561	1706	1609	3807	1538	2163	898	3231	1245	783	415	3838	1160	3643	684	3573	1487	1491	2873	3756	524	2534	1801	1641	1080	2709	3295	3774	3264	2938	3672	4096	939	2752	3077	1674	1318	2245	115	1088	2779	3718	1172	1003	1849	3246	90	1752	2729	1555	3887	691	2555	3797	3922	3188	1286	1369	2233	2061	1816	337	1981	3464	423	1447	926	2433	912	3772	769	1063	1988	1516	2641	2227	1150	186	2830
2937	1549	354	2541	3736	3505	3131	2645	1741	2576	3185	1718	273	1939	1329	374	1436	557	4010	2200	1541	2113	3533	3815	3833	180	3991	1724	1996	647	2224	356	655	1748	950	3966	2031	1381	548	3895	3460	3532	166	939	4096	2942	3383	2257	847	3739	3941	848	3677	1781	761	431	2209	3109	1786	281	2574	90	1482	2152	1962	90	1733	592	3844	2948	3811	196	1928	2563	3042	2900	3596	2254	3757	202	2155	2108	1602	2460	1553	2422	3371	3470	1743	571	2805
475	2991	643	3608	1260	300	843	554	1052	1367	909	3931	3293	3503	2393	672	1667	2661	1350	250	3239	3301	506	3352	1262	3263	1451	440	3117	439	2728	3574	3369	172	1221	2955	4061	2969	3701	152	722	2348	1013	2752	2942	4096	1434	3938	1838	920	3717	2218	776	2985	348	1208	1552	3316	3375	4047	1428	1479	1601	1327	1793	1546	90	1548	1061	3899	3053	1892	3341	1356	3937	1454	2271	911	2677	1584	3950	989	1445	3850	90	4021	1625	3251	1165	229	2716
2529	1216	2400	1938	365	459	788	729	3454	2213	2695	2447	425	4056	1078	2612	191	3856	92	244	710	1934	90	1544	835	3929	1325	2589	3548	3524	2221	2580	1797	2872	2669	1991	3990	464	3572	100	2506	2993	3092	3077	3383	1434	4096	2287	468	3340	1294	3952	2479	1571	2199	2715	1419	1110	1461	724	3217	3132	2671	876	1764	3126	3156	2560	2573	3421	3273	3118	970	1573	1649	3570	3114	3385	896	3888	2473	3166	3846	1496	1835	859	3041	1410	3649	237	184
3325	3038	479	2176	1998	2089	1666	3587	1261	3176	1111	1975	758	2220	985	2210	4001	2100	3361	3080	2452	2406	563	1338	1037	1142	1648	3747	2566	325	1708	982	1905	564	2572	2421	1889	688	1943	3419	3411	1753	4090	1674	2257	3938	2287	4096	209	1474	3441	3714	913	2678	1386	1754	1247	1720	2133	2524	872	3987	287	90	90	3343	1372	828	4049	4093	1156	2501	2415	925	922	1458	3841	2891	3743	1664	2048	747	3443	1278	2763	1882	426	2125	2150	1277	3485
2997	3359	1606	914	1566	919	1026	1518	866	1486	95	497	2856	3194	1330	534	2469	3218	90	2132	1062	1435	3140	2889	3410	2017	3095	2998	305	2234	2928	490	2171	334	90	3674	2329	2919	1263	3032	2177	979	1980	1318	847	1838	468	209	4096	2261	2680	369	1494	784	1197	2855	2159	1791	2456	861	3786	3623	2281	2692	1712	1250	1100	3307	153	3831	1220	2932	3997	997	795	1306	1036	3016	568	394	3678	1195	384	120	1315	4030	569	113	2418	2307	4051
897	3236	2901	1899	402	2499	3474	1703	1965	883	4074	705	3517	3943	90	827	90	620	1032	1140	2564	3137	1471	1964	3713	2414	3871	2973	2124	3509	3619	1957	606	2064	2230	1188	3015	1826	257	2818	3705	3555	2915	2245	3739	920	3340	1474	2261	4096	680	512	2471	2842	321	2976	514	659	2673	2756	1300	1528	1834	3773	765	1079	3040	1065	90	1157	2065	594	3100	2336	1387	3541	723	1762	2088	670	3625	3497	611	2987	598	2430	507	3141	2494	2312	2655
2069	2295	2136	1507	3606	1345	362	1343	2823	963	3828	966	3186	2168	1572	3983	2145	3597	3611	90	3396	3387	380	3919	3589	2552	3731	3563	1113	246	1430	2780	2302	2935	3593	2660	1820	1517	213	489	858	343	3002	115	3941	3717	1294	3441	2680	680	4096	2351	3463	3758	2936	3432	591	251	398	2815	2332	1414	1235	174	2579	2027	3863	2475	2492	3204	3519	1466	1179	3019	1475	1139	2086	2402	3113	1627	3308	350	1751	1232	838	3431	245	1850	888	1211	671
482	2386	653	656	605	3440	4075	2344	933	504	2398	744	3795	566	1726	94	90	1819	637	3655	4068	1417	3681	2374	2960	134	3162	320	3229	1057	3745	501	1082	1983	1551	447	1542	2488	4046	1192	1864	90	1688	1088	848	2218	3952	3714	369	512	2351	4096	915	3037	3962	3425	1878	2093	3601	1203	4006	4025	2059	2783	3228	1658	1522	3281	880	3680	815	1241	823	299	641	1380	3662	3259	309	792	454	3683	4022	1244	3546	2875	1324	1464	1312	472	416
1639	2781	1204	3585	1266	1168	2013	1285	214	543	2586	1875	329	1353	385	547	2166	211	298	363	444	3202	1603	2246	3883	378	967	562	274	2959	2906	1952	3902	90	3163	1798	3006	2819	1774	4041	376	1904	2585	2779	3677	776	2479	913	1494	2471	3463	915	4096	695	1888	194	3215	3344	586	2878	1333	3499	2173	90	590	787	733	1058	790	2749	2600	2052	3801	90	2754	3449	889	2293	3031	2337	529	2396	1954	2503	3862	2328	1894	417	1267	2099	1783
2454	3803	1154	1861	109	2736	2798	3586	1415	3139	1465	2914	2658	3551	2076	1433	1099	474	1575	1612	270	90	249	3377	2116	763	2546	2797	2203	2363	4040	90	3583	4095	636	2030	1589	971	2543	1613	1164	1675	2757	3718	1781	2985	1571	2678	784	2842	3758	3037	695	4096	2994	936	1117	1755	1178	301	1790	2577	731	1128	2455	2043	981	296	2041	3055	114	3506	1422	2946	3299	1377	1336	1449	1370	3729	2624	3103	2954	3647	704	3393	1112	3691	1976	2416	286
1035	2567	328	1884	3104	2183	3823	2999	2095	3658	2264	2349	812	190	3130	3066	3125	2899	3332	574	3970	1799	2941	3370	3342	1591	3230	842	1997	3953	3889	537	3582	1568	1955	2642	2434	849	3424	2557	3495	2248	228	1172	761	348	2199	1386	1197	321	2936	3962	1888	2994	4096	460	3566	2216	2894	3277	90	1795	2575	976	1871	1016	1385	1038	1081	1145	3766	2665	403	3028	2940	2874	3806	3043	1406	2812	1927	4013	3311	3708	2702	4071	2049	1891	3330	2845	294
181	3110	3144	2228	90	2981	178	2215	581	1923	1803	2980	2637	2023	372	931	3305	3944	2357	954	90	1314	1723	782	103	3247	3545	2333	3030	2570	2373	1946	3900	2727	2179	3881	1375	1044	2164	2975	2898	649	532	1003	431	1208	2715	1754	2855	2976	3432	3425	194	936	460	4096	1392	1472	1974	106	517	2372	133	3423	90	2559	1050	2378	3447	1147	2835	2556	3195	247	1319	1746	602	958	3507	487	577	2871	1225	90	3134	90	3287	3084	1276	90	3827
3779	3395	2865	3201	2476	1919	2285	2794	3294	2743	2377	2021	2984	3958	1420	1115	1378	4069	751	1554	3119	2478	961	1087	2659	2700	3018	1530	706	3108	3494	3820	4073	2385	2897	957	2508	3238	2263	1825	3721	1443	1302	1849	2209	1552	1419	1247	2159	514	591	1878	3215	1117	3566	1392	4096	203	97	631	2072	96	2696	1138	105	3527	2388	1598	3627	3061	4033	90	3737	1585	3754	1692	90	1865	4012	3391	4026	2119	1503	2631	780	1846	1510	430	2056	98	235
93	3010	2097	3297	3693	3968	3364	1120	690	1883	4063	1592	3036	2667	721	3613	1421	90	2881	2587	2384	3778	632	1384	3075	331	1468	1055	3954	3333	3372	90	3175	1403	2883	4036	955	640	2628	3661	2568	2846	2547	3246	3109	3316	1110	1720	1791	659	251	2093	3344	1755	2216	1472	203	4096	339	1855	1341	1650	266	2303	2092	2717	630	2427	2784	1636	2235	2569	2548	3426	2759	1787	2180	1051	319	1408	1576	3992	3418	1046	116	2990	1815	1169	169	110	2181
90	900	1995	1729	3240	91	2686	2829	1198	3972	693	1944	3430	2189	884	3224	260	1213	2821	2623	2194	697	1559	1942	667	829	90	150	3357	3208	1647	4062	104	860	2426	2520	360	269	2485	1141	3663	726	3768	90	1786	3375	1461	2133	2456	2673	398	3601	586	1178	2894	1974	97	339	4096	1395	2404	499	2711	1523	2978	2042	1722	3071	1788	4086	1777	1607	3378	3237	3704	1238	813	2237	3107	122	2765	3052	2626	3762	844	3610	766	2409	2297	3568	2020
102	108	2967	1497	4002	157	2854	3283	3081	635	1401	3692	2674	3486	951	668	1570	175	3790	4065	90	2514	651	3784	2045	442	4087	3791	2367	2129	2214	2053	232	2802	322	1054	3111	3234	2640	2857	2684	845	2791	1752	281	4047	724	2524	861	2756	2815	1203	2878	301	3277	106	631	1855	1395	4096	3825	1143	2242	4067	2106	3741	2160	259	987	3279	503	3771	4027	1084	3315	1713	2038	638	1610	2840	4016	584	90	2054	3427	3928	3926	2886	3039	1236	3304
3912	2425	2639	90	1012	2697	2917	3189	856	1912	3121	1680	2008	2219	952	1212	1028	256	476	2279	3087	1123	1531	2340	1911	3614	3473	518	2345	2750	3646	2657	579	419	3026	1662	1705	1116	1656	2211	2158	3789	1363	2729	2574	1428	3217	872	3786	1300	2332	4006	1333	1790	90	517	2072	1341	2404	3825	4096	1383	90	2952	1930	3302	2440	2584	2449	3014	3167	1608	1873	3489	608	4092	2472	1305	197	1463	1249	2687	2778	145	2360	4094	125	1313	1577	4023	1446
3571	3258	505	1767	1616	1509	578	1334	2972	893	750	910	2375	808	136	3787	4053	811	2739	2773	1950	785	224	3261	4029	1074	2258	3916	2595	1906	2722	1226	533	1361	3615	1186	375	3746	2098	3150	1828	3927	2869	1555	90	1479	3132	3987	3623	1528	1414	4025	3499	2577	1795	2372	96	1650	499	1143	1383	4096	539	470	1989	3510	1151	2758	3667	2775	90	1578	713	2753	1913	928	3394	1870	2707	226	3764	1936	2810	935	1645	3205	2301	358	1898	239	3730
3292	1852	3706	4054	308	3834	818	3272	3679	3604	3479	2863	2014	735	3918	3642	3609	1457	3079	526	1978	3775	161	3620	712	90	2528	2903	3244	387	728	1628	3751	3414	3319	3602	1298	107	542	2767	3177	1756	2714	3887	1482	1601	2671	287	2281	1834	1235	2059	2173	731	2575	133	2696	266	2711	2242	90	539	4096	1657	3220	3339	1858	3872	1759	1444	1614	2630	1404	1359	2796	652	1264	2091	3255	336	3759	2565	2466	3437	1917	2509	469	1148	1126	711	1853
3684	1093	498	225	3588	3508	921	2599	3554	2389	2484	1060	1309	146	3282	927	2306	492	292	99	764	798	3988	2675	3350	318	3278	3668	3641	316	3924	585	2571	645	428	1794	1880	1455	1526	1660	871	2260	371	691	2152	1327	876	90	2692	3773	174	2783	90	1128	976	3423	1138	2303	1523	4067	2952	470	1657	4096	217	3632	732	1412	3368	3000	1604	736	2638	3198	208	2505	364	3067	3710	3469	3685	2157	1498	1971	1844	1707	3206	2788	633	3890	3219
165	968	3248	544	2920	412	869	3725	3592	142	1665	531	427	3484	2341	1506	3732	2495	3723	2745	2966	3942	4008	2458	1416	2832	1802	2996	421	2536	1653	2298	677	118	2225	1593	221	3605	3770	1499	383	887	770	2555	1962	1793	1764	90	1712	765	2579	3228	590	2455	1871	90	105	2092	2978	2106	1930	1989	3220	217	4096	839	1068	3522	2988	90	2834	1299	3821	429	1209	3241	3682	3356	2578	3909	2701	561	3557	2826	3444	2269	2009	3373	1366	2713	2769
445	90	3793	3408	3267	689	1960	552	2170	258	1686	1561	1064	817	327	2226	3951	2364	2964	901	3169	2841	1999	1473	519	3290	1089	2603	2319	2808	3624	1545	2809	3794	702	2063	3854	2482	90	3276	678	1556	3086	3797	90	1546	3126	3343	1250	1079	2027	1658	787	2043	1016	2559	3527	2717	2042	3741	3302	3510	3339	3632	839	4096	3389	3409	2820	285	2971	3336	2923	609	310	1832	3353	1760	3788	1256	2004	2614	340	3413	432	2746	3859	1311	3749	2193	1048
2240	3400	2130	1248	494	2127	3296	3698	289	1757	381	1929	90	3898	404	90	2799	3334	3985	90	2477	730	2518	149	185	686	1637	3392	306	90	1817	599	1173	3884	2308	3154	3250	3403	183	2094	446	1501	3885	3922	1733	90	3156	1372	1100	3040	3863	1522	733	981	1385	1050	2388	630	1722	2160	2440	1151	1858	732	1068	3389	4096	1730	2327	1502	1480	2334	1067	3578	3450	1800	2656	90	863	2101	2291	1134	1619	2050	2399	2910	1843	1586	101	3284	1282
312	3182	3490	450	1056	2879	193	1947	1700	940	832	1690	1337	1941	1085	1558	902	642	1040	899	3481	1347	1958	2467	3523	2607	2911	3475	4045	3072	1732	1789	3659	3327	1893	2604	3996	2438	304	90	3062	90	629	3188	592	1548	2560	828	3307	1065	2475	3281	1058	296	1038	2378	1598	2427	3071	259	2584	2758	3872	1412	3522	3409	1730	4096	1970	3242	2837	1011	707	717	3024	1933	1587	386	3054	2432	123	3382	2058	639	2390	1901	3657	502	709	2470	2689
1827	3777	2169	3945	1823	3559	3286	187	1307	1269	1785	399	1595	3622	924	2315	1304	1462	4005	3310	3986	2816	139	1033	1621	3065	395	3221	1818	2521	162	1742	1582	1271	2080	725	2019	664	1508	1201	3923	2322	1563	1286	3844	1061	2573	4049	153	90	2492	880	790	2041	1081	3447	3627	2784	1788	987	2449	3667	1759	3368	2988	2820	2327	1970	4096	772	3147	3471	2929	3847	527	3665	3981	2497	867	1029	3969	2283	3813	227	2212	3222	1860	2153	796	238	953
241	2554	1144	2867	3380	3543	204	1008	2668	3135	2444	262	734	2581	3621	1102	1222	2852	2859	2087	158	3059	3715	603	3442	2350	2135	1107	3300	1233	944	284	1137	1638	521	1685	1921	2028	1136	3845	2262	1191	2401	1369	2948	3899	3421	4093	3831	1157	3204	3680	2749	3055	1145	1147	3061	1636	4086	3279	3014	2775	1444	3000	90	285	1502	3242	772	4096	2652	177	3867	3428	1529	3275	2318	679	2407	3088	1476	2613	1402	3448	3782	1682	980	414	121	297	2142
461	3636	1483	2561	2931	3183	3654	3056	1005	2161	2596	3048	1635	1605	2051	2391	991	3843	1717	2858	1379	2223	2537	3196	3719	696	3735	2162	819	3093	3097	757	1219	739	699	2890	2010	117	1515	2515	261	1721	465	2233	3811	3053	3273	1156	1220	2065	3519	815	2600	114	3766	2835	4033	2235	1777	503	3167	90	1614	1604	2834	2971	1480	2837	3147	2652	4096	1744	601	248	1856	3652	1358	4015	2305	2538	998	2188	2588	2770	624	1761	1360	2222	1877	3466	3153
1859	1984	127	1780	2481	231	1071	2804	2738	3498	323	753	1240	3816	1750	3974	2006	2236	1181	600	615	315	1069	2618	3165	2343	2811	2949	3598	807	2182	2195	2634	1279	3959	2718	2141	984	2734	4017	1622	2083	1310	2061	196	1892	3118	2501	2932	594	1466	1241	2052	3506	2665	2556	90	2569	1607	3771	1608	1578	2630	736	1299	3336	2334	1011	3471	177	1744	4096	2662	2731	621	1550	1910	355	2833	3347	2762	2361	2831	2424	1632	708	1500	1869	3910	1413	1355
1342	3848	2397	90	1027	3172	1557	3404	2705	767	170	4038	1348	3849	975	344	2807	3660	3313	2156	2712	1691	1698	1654	3567	3973	3526	400	220	2256	2311	1049	3376	1187	218	2252	2902	1678	2884	1237	520	2154	1171	1816	1928	3341	970	2415	3997	3100	1179	823	3801	1422	403	3195	3737	2548	3378	4027	1873	713	1404	2638	3821	2923	1067	707	2929	3867	601	2662	4096	2238	2480	2147	1034	1224	1439	2719	2290	3320	2992	3977	1924	2532	3763	3700	1273	1967	1715
720	879	3603	778	143	2265	3004	2512	2175	682	2502	2635	3317	1805	2726	3158	3207	2594	278	3034	434	3433	1489	3839	1694	263	3487	2939	1782	4014	2011	625	2683	559	2510	1831	1848	1193	3102	2836	4081	881	3033	337	2563	1356	1573	925	997	2336	3019	299	90	2946	3028	247	1585	3426	3237	1084	3489	2753	1359	3198	429	609	3578	717	3847	3428	248	2731	2238	4096	1210	2463	1640	216	500	1316	1993	2451	1133	3733	669	3558	2090	179	3638	3542	3930
1710	2036	692	3702	3535	1740	90	2882	2197	1813	1031	969	3989	681	451	2003	1512	2864	90	3190	3935	1525	3607	3565	3345	1393	1175	2109	988	3908	1014	2286	1615	1488	748	2632	1199	90	1097	3023	1322	2895	449	1981	3042	3937	1649	922	795	1387	1475	641	2754	3299	2940	1319	3754	2759	3704	3315	608	1913	2796	208	1209	310	3450	3024	527	1529	1856	621	2480	1210	4096	597	1323	516	3170	3876	3669	1796	886	2844	379	3650	1127	2851	1291	2282	1758
612	3808	90	3306	2951	436	2995	2330	3955	3171	1320	448	703	3309	2742	3078	1951	3804	877	3245	3021	1769	1890	2309	821	2853	212	2267	3629	3027	477	1239	2562	2250	1103	1716	291	3864	1004	1283	2877	3203	1176	3464	2900	1454	3570	1458	1306	3541	1139	1380	3449	1377	2874	1746	1692	1787	1238	1713	4092	928	652	2505	3241	1832	1800	1933	3665	3275	3652	1550	2147	2463	597	4096	3046	1066	864	2963	3331	943	1010	560	3891	540	992	3984	3671	1837	1254
666	2112	3360	388	2314	353	1881	3740	3458	3445	2165	964	3285	3553	437	3451	1303	3180	111	2244	820	407	2077	2412	418	3552	965	3879	1765	2487	2814	2138	2943	3796	132	2598	3398	1196	3998	589	2740	2410	147	423	3596	2271	3114	3841	1036	723	2086	3662	889	1336	3806	602	90	2180	813	2038	2472	3394	1264	364	3682	3353	2656	1587	3981	2318	1358	1910	1034	1640	1323	3046	4096	801	2838	3949	2300	366	2084	391	3911	2491	3098	1631	4057	2461	90
1562	622	332	3500	3767	2128	3826	575	3999	558	960	215	3851	3932	210	2326	1182	2442	3101	756	2035	1696	536	908	2887	973	3269	3082	1170	3338	1876	613	3640	3351	4059	1411	1122	1739	878	406	347	3975	189	1447	2254	911	3385	2891	3016	1762	2402	3259	2293	1449	3043	958	1865	1051	2237	638	1305	1870	2091	3067	3356	1760	90	386	2497	679	4015	355	1224	216	516	1066	801	4096	2046	401	2255	675	3076	2001	826	3462	2965	607	1317	1840	1020
3728	90	2323	3232	280	1611	495	3645	3824	168	3630	3068	983	2912	2549	2202	3384	1841	1968	3116	3515	791	1806	90	773	1287	3656	275	1321	1296	2720	3143	3956	3124	267	3697	1854	3531	674	545	3492	2355	2066	926	3757	2677	896	3743	568	2088	3113	309	3031	1370	1406	3507	4012	319	3107	1610	197	2707	3255	3710	2578	3788	863	3054	867	2407	2305	2833	1439	500	3170	864	2838	2046	4096	457	522	3600	749	1811	1839	2782	4064	314	3536	3880	972
2366	2643	90	1478	698	2847	1259	2137	1183	90	3564	368	148	2369	1290	2822	3776	3575	303	265	1534	2888	663	3817	890	2392	1400	486	1824	1596	282	2217	2500	3388	1810	3799	357	2039	700	1243	885	513	1295	2433	202	1584	3888	1664	394	670	1627	792	2337	3729	2812	487	3391	1408	122	2840	1463	226	336	3469	3909	1256	2101	2432	1029	3088	2538	3347	2719	1316	3876	2963	3949	401	457	4096	424	3472	2040	1041	2593	1481	3936	1391	947	1441	2032
2725	4032	1736	3225	3005	4039	3262	3897	3439	3866	4091	144	1704	1018	2866	2785	3035	3243	752	130	836	1158	352	1351	90	233	541	2513	2670	1251	2950	1354	2096	2151	1002	1792	1389	2253	3914	1851	1429	1630	2730	912	2155	3950	2473	2048	3678	3625	3308	454	529	2624	1927	577	4026	1576	2765	4016	1249	3764	3759	3685	2701	2004	2291	123	3969	1476	998	2762	2290	1993	3669	3331	2300	2255	522	424	4096	3321	2126	1540	3785	1162	3530	3870	3873	2060	2800
3257	3007	2338	2208	2517	891	1405	397	3157	2034	3429	164	3192	1896	2459	3085	1833	408	3214	3886	841	1159	1511	90	977	1469	628	3903	373	1418	2961	2531	1979	1477	3599	588	727	833	405	2453	2278	740	207	3772	2108	989	3166	747	1195	3497	350	3683	2396	3103	4013	2871	2119	3992	3052	584	2687	1936	2565	2157	561	2614	1134	3382	2283	2613	2188	2361	3320	2451	1796	943	366	675	3600	3472	3321	4096	3161	1659	1872	1214	2268	1207	1847	2079	3514
2764	1442	140	3800	1438	1432	1931	3455	1560	2772	1229	462	2507	1866	1900	3628	3058	1108	3814	1966	2597	1845	941	3556	3303	830	2790	4060	3837	3755	173	797	1121	1830	1937	342	1695	1000	1467	3699	276	359	2419	769	1602	1445	3846	3443	384	611	1751	4022	1954	2954	3311	1225	1503	3418	2626	90	2778	2810	2466	1498	3557	340	1619	2058	3813	1402	2588	2831	2992	1133	886	1010	2084	3076	749	2040	2126	3161	4096	3812	2921	1932	3810	2768	1935	3539	4070
2299	1668	3312	2925	135	2149	3122	396	999	2868	619	176	3569	222	3960	2000	2428	853	1863	2381	3694	3074	3482	382	3689	2354	1766	660	3288	3947	3976	3934	3538	1072	2276	1125	648	760	3020	685	3980	129	2602	1063	2460	3850	1496	1278	120	2987	1232	1244	2503	3647	3708	90	2631	1046	3762	2054	145	935	3437	1971	2826	3413	2050	639	227	3448	2770	2424	3977	3733	2844	560	391	2001	1811	1041	1540	1659	3812	4096	1532	3724	570	2619	2178	3193	854
2927	852	2435	1926	1217	3256	2533	1448	2462	3518	553	3314	2860	917	3434	774	422	3051	1885	1670	2611	3982	3211	1114	443	3712	393	1167	243	1874	1166	1284	616	2342	293	2016	576	3381	3200	942	714	3978	905	1988	1553	90	1835	2763	1315	598	838	3546	3862	704	2702	3134	780	116	844	3427	2360	1645	1917	1844	3444	432	2399	2390	2212	3782	624	1632	1924	669	379	3891	3911	826	1839	2593	3785	1872	2921	1532	4096	1230	1042	822	1915	3179	3115
160	138	3635	906	994	3022	3289	2654	3939	1543	2115	3501	3280	201	2292	745	2789	1985	1398	288	2439	2073	2592	549	1574	3148	3675	646	3979	1130	2682	3626	279	1006	2825	3765	805	1579	1617	2071	1076	3707	2446	1516	2422	4021	859	1882	4030	2430	3431	2875	2328	3393	4071	90	1846	2990	3610	3928	4094	3205	2509	1707	2269	2746	2910	1901	3222	1682	1761	708	2532	3558	3650	540	2491	3462	2782	1481	1162	1214	1932	3724	1230	4096	1644	1902	2443	370	938
3456	4018	2007	1953	2190	2368	1252	4034	593	3337	1808	3738	3913	3401	264	2284	4066	1218	1045	2986	1293	230	2540	1693	2313	1098	1227	2601	1326	90	3399	580	1504	3769	2892	746	2280	1301	1948	2185	3595	2907	2792	2641	3371	1625	3041	426	569	507	245	1324	1894	1112	2049	3287	1510	1815	766	3926	125	2301	469	3206	2009	3859	1843	3657	1860	980	1360	1500	3763	2090	1127	992	3098	2965	4064	3936	3530	2268	3810	570	1042	1644	4096	1867	188	946	634
90	2486	163	1749	3961	1228	743	3164	948	3253	2761	2947	2590	1773	1450	716	311	390	3187	1022	1642	2664	3892	1019	2408	1460	870	485	3591	2649	3688	3711	3805	803	3594	737	2139	2356	3008	124	1426	3227	535	2227	3470	3251	1410	2125	113	3141	1850	1464	417	3691	1891	3084	430	1169	2409	2886	1313	358	1148	2788	3373	1311	1586	502	2153	414	2222	1869	3700	179	2851	3984	1631	607	314	1391	3870	1207	2768	2619	822	1902	1867	4096	1149	2251	4078
2633	3326	1990	2464	3374	1745	1190	3420	2710	90	1025	1328	90	1289	3690	2706	676	2118	2033	2751	2413	3044	1364	2174	90	3013	3106	2777	2403	3453	2082	2247	2523	2582	1714	126	1689	1940	3478	2605	2081	1189	2737	1150	1743	1165	3649	2150	2418	2494	888	1312	1267	1976	3330	1276	2056	169	2297	3039	1577	1898	1126	633	1366	3749	101	709	796	121	1877	3910	1273	3638	1291	3671	4057	1317	3536	947	3873	1847	1935	2178	1915	2443	188	1149	4096	441	3149
3366	2934	1495	2732	349	1770	3933	3965	2944	1804	2012	3855	2144	3271	1684	1382	3860	2317	3857	471	786	1368	4076	456	1734	895	2648	1763	1371	2926	3907	1521	2636	799	2172	1676	3921	3133	1215	993	3832	4072	2776	186	571	229	237	1277	2307	2312	1211	472	2099	2416	2845	90	98	110	3568	1236	4023	239	711	3890	2713	2193	3284	2470	238	297	3466	1413	1967	3542	2282	1837	2461	1840	3880	1441	2060	2079	3539	3193	3179	370	946	2251	441	4096	530
2653	3673	3676	3590	604	3354	1427	3270	3127	2504	2530	2970	2708	2055	1297	2839	452	1059	1727	1821	3155	862	1070	3435	1624	90	779	1456	2324	466	658	949	2724	481	3009	2956	1643	1527	1537	2806	2167	1118	1519	2830	2805	2716	184	3485	4051	2655	671	416	1783	286	294	3827	235	2181	2020	3304	1446	3730	1853	3219	2769	1048	1282	2689	953	2142	3153	1355	1715	3930	1758	1254	90	1020	972	2032	2800	3514	4070	854	3115	938	634	4078	3149	530	4096
