1831	1564	963	1620	912	60	1367	136	837	325	1306	1471	1639	783	229	1325	838	1613	297	1339	1815	1017	496	499	764	1673	526	627	810	770	1332	1365	774	320	1493	1054	488	92	533	1663	1549	1202	1222	218	1071	336	464	1180	1681	1406	1369	1077	1706	1534	1454	938	60	710	1794	385	1718
1564	1831	262	786	1282	60	958	1323	1284	152	170	643	1724	571	1505	584	1371	768	138	461	1741	98	60	342	681	935	1058	1743	797	375	433	789	1345	1091	1465	337	936	1759	777	280	592	1129	971	177	179	522	1491	813	404	414	1654	220	780	310	1254	661	761	60	1764	1562	1600
963	262	1831	1642	355	1241	582	646	693	758	800	1027	190	1481	1712	1148	625	347	781	1517	651	60	634	959	1626	759	428	60	1632	1159	1011	644	1079	1158	249	1261	542	1535	79	1487	807	987	1287	180	1469	1076	319	1278	890	1066	407	277	937	1800	417	1123	995	238	1456	1276	870
1620	786	1642	1831	192	481	472	799	604	760	60	776	330	1262	1555	1804	187	289	737	976	553	1214	1771	1122	1142	1820	916	396	1796	1595	405	1073	1616	1405	859	1031	1797	1269	421	728	975	1366	1386	457	857	118	1041	1238	413	395	1069	689	1016	1226	943	1662	60	558	523	228	551
912	1282	355	192	1831	446	211	767	1439	1302	71	1723	680	1446	1298	165	351	1388	441	581	150	621	143	251	656	450	60	1644	1150	677	360	1157	398	734	1059	394	60	887	676	607	1317	1742	703	1145	60	1574	273	583	997	1477	1665	240	306	831	1080	1147	873	660	1738	114	615
60	60	1241	481	446	1831	107	1677	1042	1601	1206	738	279	1084	1330	1807	259	1457	521	120	849	1475	1618	1256	1416	811	817	1008	969	1294	1047	1817	746	130	834	884	1155	1103	1178	883	157	862	664	1243	1175	1102	1100	1596	1702	928	1614	201	628	215	200	1735	1733	381	285	1798	81
1367	958	582	472	211	107	1831	1431	1134	1057	156	1116	1466	1659	111	1795	1606	881	1040	986	76	175	281	546	570	1604	1328	378	60	1430	60	1588	1740	483	237	293	1143	1612	1561	1760	1428	1557	322	246	1244	659	1532	1594	1217	933	60	1171	1020	486	365	449	1829	123	1399	439	1343
136	1323	646	799	767	1677	1431	1831	1013	1379	1316	1362	490	1067	809	1344	1003	941	716	946	1425	1292	865	855	1324	1485	1658	1750	487	653	469	1610	250	757	1533	979	479	1780	557	1053	1567	1105	1265	60	568	1029	248	1179	1410	586	1377	1661	463	829	511	547	1172	216	1746	1703	876
837	1284	693	604	1439	1042	1134	1013	1831	1605	468	1486	227	602	1210	372	274	747	685	383	1674	60	729	1320	1480	1495	791	506	860	1097	422	1608	1569	698	363	1698	391	151	1682	658	835	915	1398	1426	1545	842	572	1448	419	364	981	594	1363	510	475	847	960	1086	815	955	1591
325	152	758	760	1302	1601	1057	1379	1605	1831	1200	1693	1773	662	1273	380	1586	1268	1666	663	1774	1731	992	609	399	740	1424	1580	1816	453	830	60	1744	379	1414	1277	1196	142	411	1380	1235	316	616	983	1168	1467	194	952	1170	1669	1473	1162	353	493	1781	299	1271	545	1002	1514	1603
1306	170	800	60	71	1206	156	1316	468	1200	1831	1190	182	580	436	354	1283	471	709	1021	1819	787	1044	1648	401	1120	717	99	1518	73	1617	333	366	1528	1776	980	1812	1568	539	426	214	1501	921	1242	1565	623	261	1247	244	652	819	60	1048	596	982	1389	1726	683	95	309	174
1471	643	1027	776	1723	738	1116	1362	1486	1693	1190	1831	1441	1818	198	1524	60	775	1583	655	276	1630	307	217	371	382	223	1627	1312	1275	536	541	1234	1007	720	454	818	512	917	806	1141	1417	1236	1511	1154	1500	1207	434	186	544	910	1753	534	1051	691	1597	432	141	642	328	1113
1639	1724	190	330	680	279	1466	490	227	1773	182	1441	1831	638	153	1737	1279	1327	944	82	1442	458	163	1513	239	1582	906	460	823	961	264	612	574	1409	1527	77	1551	1785	1419	704	630	1146	1333	1160	1643	60	282	1095	1174	1357	1792	726	1289	900	1483	1728	1307	64	611	964	1736
783	571	1481	1262	1446	1084	1659	1067	602	662	580	1818	638	1831	1253	1114	60	889	1451	666	1246	1752	303	1813	851	1257	1803	271	302	75	674	485	1590	1739	549	617	566	66	947	1194	554	338	102	1381	613	714	647	230	1383	950	497	1695	290	60	1264	435	1650	631	286	914	1766
229	1505	1712	1555	1298	1330	111	809	1210	1273	436	198	153	1253	1831	169	112	1318	880	614	808	531	1455	1563	1249	1297	501	1337	1624	495	1704	827	1651	225	1462	68	978	1504	60	538	1660	588	60	1822	872	425	852	798	1599	1395	164	208	1717	1805	1509	473	1028	60	1258	690	1359
1325	584	1148	1804	165	1807	1795	1344	372	380	354	1524	1737	1114	169	1831	1828	1347	1634	1754	932	513	423	210	1230	1577	60	641	993	1161	994	1045	1593	60	424	686	803	72	1221	1151	1667	60	1810	1826	1321	804	1578	219	1111	907	957	63	172	1719	1270	1520	367	903	1460	1400	254
838	1371	625	187	351	259	1606	1003	274	1586	1283	60	1279	60	112	1828	1831	684	1026	1213	1619	1633	715	1188	134	1335	234	1280	922	1529	1747	828	1012	1005	1576	1721	1189	1204	1286	593	1655	1814	1497	1094	687	1311	203	357	418	743	1808	1539	397	874	527	128	1691	127	595	1763	1683
1613	768	347	289	1388	1457	881	941	747	1268	471	775	1327	889	1318	1347	684	1831	1767	633	1707	645	1638	1722	178	1239	334	1541	1631	1784	1191	126	1153	1589	1308	1260	1195	1824	345	451	608	853	1364	1806	701	393	477	1118	550	60	1734	1690	1288	359	1787	1043	1096	885	1354	1823	456
297	138	781	737	441	521	1040	716	685	1666	709	1583	944	1451	880	1634	1026	1767	1831	148	948	1219	1089	1152	110	1192	60	902	1083	802	552	146	231	1223	1068	1088	601	579	1216	275	1640	235	1761	78	599	598	60	188	1338	1432	1422	221	1165	298	1185	898	1050	845	206	924	668
1339	461	1517	976	581	120	986	946	383	663	1021	655	82	666	614	1754	1213	633	148	1831	119	1636	977	185	1137	1484	748	1125	294	1488	925	60	60	1522	1376	1115	1350	1758	124	1464	707	1479	1198	1025	60	1166	1506	1769	343	1193	1751	648	543	744	1281	474	793	267	1468	706	951
1815	1741	651	553	150	849	76	1425	1674	1774	1819	276	1442	1246	808	932	1619	1707	948	119	1831	1373	447	836	145	1340	61	991	1625	965	1821	1768	159	962	1680	1684	60	1530	600	416	524	868	1716	1348	444	733	1830	287	60	999	1572	654	1701	470	1499	875	265	1227	1092	245	1725
1017	98	60	1214	621	1475	175	1292	60	1731	787	1630	458	1752	531	513	1633	645	1219	1636	1373	1831	443	1038	1358	1609	1272	445	1585	1749	967	257	970	1082	731	1503	1004	1496	100	1552	824	1291	560	879	494	1515	1418	576	839	1547	1544	1696	741	1777	640	87	1692	1167	90	331	149
496	60	634	1771	143	1618	281	865	729	992	1044	307	163	303	1455	423	715	1638	1089	977	447	443	1831	1072	1537	1130	650	62	1523	1074	242	985	324	492	1621	292	1791	1489	1290	1694	841	1109	1183	695	1392	585	1139	563	866	482	270	904	1224	272	784	700	1119	559	1197	528	1646
499	342	959	1122	251	1256	546	855	1320	609	1648	217	1513	1813	1563	210	1188	1722	1152	185	836	1038	1072	1831	1653	139	1087	1447	431	60	1108	1387	705	171	540	989	1790	1470	1714	954	1070	577	972	561	105	1315	637	719	918	1664	1809	525	1757	374	578	711	895	1525	93	721	318
764	681	1626	1142	656	1416	570	1324	1480	399	401	371	239	851	1249	1230	134	178	110	1137	145	1358	1537	1653	1831	1245	1645	1187	1300	503	1099	1240	1296	1378	896	856	619	122	1531	253	60	1571	1090	135	1121	430	429	1255	1310	620	101	60	1106	1176	1035	403	1779	1420	1349	415	420
1673	935	759	1820	450	811	1604	1485	1495	740	1120	382	1582	1257	1297	1577	1335	1239	1192	1484	1340	1609	1130	139	1245	1831	790	189	949	1299	212	1285	332	1314	1748	861	1251	795	1266	702	530	252	448	1502	339	636	794	1397	573	1553	736	137	1390	1521	927	60	321	891	692	920	1052
526	1058	428	916	60	817	1328	1658	791	1424	717	223	906	1803	501	60	234	334	60	748	61	1272	650	1087	1645	790	1831	1592	1220	60	205	548	243	606	670	132	1019	897	1449	1437	258	1434	1182	1177	905	305	168	1637	518	514	766	1755	1372	462	480	263	1293	1573	1368	1679	649
627	1743	60	396	1644	1008	378	1750	506	1580	99	1627	460	271	1337	641	1280	1541	902	1125	991	445	62	1447	1187	189	1592	1831	412	1131	1394	1635	699	1745	60	1401	1022	233	1001	624	1402	1252	782	224	1064	1215	848	1034	984	1427	535	788	1607	1711	96	1375	1107	1705	1164	1516	1789
810	797	1632	1796	1150	969	60	487	860	1816	1518	1312	823	302	1624	993	922	1631	1083	294	1625	1585	1523	431	1300	949	1220	412	1831	694	846	990	1061	801	869	1127	886	934	1429	427	125	1498	1438	1169	308	1713	675	867	1181	565	491	1231	820	166	361	1342	1075	467	1382	1697	1652
770	375	1159	1595	677	1294	1430	653	1097	453	73	1275	961	75	495	1161	1529	1784	802	1488	965	1749	1074	60	503	1299	60	1131	694	1831	410	109	1783	1225	358	1476	942	754	1775	1472	1326	346	1762	373	877	745	1356	1006	555	1699	1786	671	1548	60	268	1024	1353	723	60	755	753
1332	433	1011	405	360	1047	60	469	422	830	1617	536	264	674	1704	994	1747	1191	552	925	1821	967	242	1108	1099	212	205	1394	846	410	1831	712	1423	1060	1085	1093	968	1049	1412	1407	1657	256	340	196	1305	1000	1156	60	988	1536	193	778	1709	639	1211	155	1201	1009	1140	1765	154
1365	789	644	1073	1157	1817	1588	1610	1608	60	333	541	612	485	827	1045	828	126	146	60	1768	257	985	1387	1240	1285	548	1635	990	109	712	1831	832	605	85	209	1203	1037	1360	1186	69	1128	191	304	500	1391	70	1538	86	763	1098	665	1104	1062	785	1199	805	931	1445	376	929
774	1345	1079	1616	398	746	1740	250	1569	1744	366	1234	574	1590	1651	1593	1012	1153	231	60	159	970	324	705	1296	332	243	699	1061	1783	1423	832	1831	749	878	1355	144	1802	377	1126	129	1274	1352	679	1055	779	833	1334	1581	945	939	1474	278	1415	236	882	1559	724	1250	773	1393
320	1091	1158	1405	734	130	483	757	698	379	1528	1007	1409	1739	225	60	1005	1589	1223	1522	962	1082	492	171	1378	1314	606	1745	801	1225	1060	605	749	1831	60	1450	1138	341	529	1575	1546	452	669	626	858	1799	589	1229	1435	400	515	323	1110	295	91	1566	356	1686	167	232	1132
1493	1465	249	859	1059	834	237	1533	363	1414	1776	720	1527	549	1462	424	1576	1308	1068	1376	1680	731	1621	540	896	1748	670	60	869	358	1085	85	878	60	1831	88	1443	742	1403	635	1793	730	940	94	821	1727	313	673	1461	437	1543	1112	392	106	60	567	996	1329	569	116	1689
1054	337	1261	1031	394	884	293	979	1698	1277	980	454	77	617	68	686	1721	1260	1088	1115	1684	1503	292	989	856	861	132	1401	1127	1476	1093	209	1355	1450	88	1831	564	60	725	317	197	390	1163	465	104	1641	752	532	822	1295	1374	255	108	1782	956	226	1675	892	370	909	1133
488	936	542	1797	60	1155	1143	479	391	1196	1812	818	1551	566	978	803	1189	1195	601	1350	60	1004	1791	1790	619	1251	1019	1022	886	942	968	1203	144	1138	1443	564	1831	362	843	314	1101	181	899	283	103	1478	350	349	1124	1361	864	440	1732	247	133	508	1492	1678	732	520	722
92	1759	1535	1269	887	1103	1612	1780	151	142	1568	512	1785	66	1504	72	1204	1824	579	1758	1530	1496	1489	1470	122	795	897	233	934	754	1049	1037	1802	341	742	60	362	1831	1687	459	516	1212	162	1825	762	796	498	222	60	284	1584	1304	854	1018	1208	113	84	476	1408	519	158
533	777	79	421	676	1178	1561	557	1682	411	539	917	1419	947	60	1221	1286	345	1216	124	600	100	1290	1714	1531	1266	1449	1001	1429	1775	1412	1360	377	529	1403	725	843	1687	1831	1656	667	1623	826	1033	1436	260	326	300	1668	369	888	1303	269	1558	1507	173	1444	1440	1628	771	60
1663	280	1487	728	607	883	1760	1053	658	1380	426	806	704	1194	538	1151	593	451	275	1464	416	1552	1694	954	253	702	1437	624	427	1472	1407	1186	1126	1575	635	317	314	459	1656	1831	1313	195	1710	1688	814	1676	1615	750	442	727	1135	291	1602	622	1756	402	60	556	1263	1421	908
1549	592	807	975	1317	157	1428	1567	835	1235	214	1141	630	554	1660	1667	1655	608	1640	707	524	824	841	1070	60	530	258	1402	125	1326	1657	69	129	1546	1793	197	1101	516	667	1313	1831	202	632	1671	812	1482	1384	1801	678	1508	131	751	756	618	792	161	389	1685	1540	335	1351
1202	1129	987	1366	1742	862	1557	1105	915	316	1501	1417	1146	338	588	60	1814	853	235	1479	868	1291	1109	577	1571	252	1434	1252	1498	346	256	1128	1274	452	730	390	181	1212	1623	195	202	1831	1301	288	1512	384	1056	388	1463	387	466	1036	871	1331	1827	489	1030	672	1700	1184	1209
1222	971	1287	1386	703	664	322	1265	1398	616	921	1236	1333	102	60	1810	1497	1364	1761	1198	1716	560	1183	972	1090	448	1182	782	1438	1762	340	191	1352	669	940	1163	899	162	826	1710	632	1301	1831	1453	1490	816	455	505	1494	1046	844	735	409	97	502	657	117	207	1237	1788	1579
218	177	180	457	1145	1243	246	60	1426	983	1242	1511	1160	1381	1822	1826	1094	1806	78	1025	1348	879	695	561	135	1502	1177	224	1169	373	196	304	679	626	94	465	283	1825	1033	1688	1671	288	1453	1831	1341	408	484	1411	266	974	1023	718	184	1587	1542	1078	60	1385	348	713	1458
1071	179	1469	857	60	1175	1244	568	1545	1168	1565	1154	1643	613	872	1321	687	701	599	60	444	494	1392	105	1121	339	905	1064	308	877	1305	500	1055	858	821	104	103	762	1436	814	812	1512	1490	1341	1831	1404	739	1259	65	1526	1248	1730	597	121	1232	147	1065	67	1433	1811	1117
336	522	1076	118	1574	1102	659	1029	842	1467	623	1500	60	714	425	804	1311	393	598	1166	733	1515	585	1315	430	636	305	1215	1713	745	1000	1391	779	1799	1727	1641	1478	796	260	1676	1482	384	816	408	1404	1831	115	80	1556	60	1081	1144	1570	1715	1720	183	708	1611	74	590	1136
464	1491	319	1041	273	1100	1532	248	572	194	261	1207	282	647	852	1578	203	477	60	1506	1830	1418	1139	637	429	794	168	848	675	1356	1156	70	833	589	313	752	350	498	326	1615	1384	1056	455	484	739	115	1831	901	575	312	926	352	591	1459	1267	610	241	1598	1519	60	160
1180	813	1278	1238	583	1596	1594	1179	1448	952	1247	434	1095	230	798	219	357	1118	188	1769	287	576	563	719	1255	1397	1637	1034	867	1006	60	1538	1334	1229	673	532	349	222	300	750	1801	388	505	1411	1259	80	901	1831	509	344	1233	840	894	311	386	1149	60	1452	893	60	1063
1681	404	890	413	997	1702	1217	1410	419	1170	244	186	1174	1383	1599	1111	418	550	1338	343	60	839	866	918	1310	573	518	984	1181	555	988	86	1581	1435	1461	822	1124	60	1668	442	678	1463	1494	266	65	1556	575	509	1831	1647	140	919	507	368	1772	199	1708	296	1550	1218	697
1406	414	1066	395	1477	928	933	586	364	1669	652	544	1357	950	1395	907	743	60	1432	1193	999	1547	482	1664	620	1553	514	1427	565	1699	1536	763	945	400	437	1295	1361	284	369	727	1508	387	1046	974	1526	60	312	344	1647	1831	1629	825	1778	83	998	1228	1336	682	953	60	1622
1369	1654	407	1069	1665	1614	60	1377	981	1473	819	910	1792	497	164	957	1808	1734	1422	1751	1572	1544	270	1809	101	736	766	535	491	1786	193	1098	939	515	1543	1374	864	1584	888	1135	131	466	844	1023	1248	1081	926	1233	140	1629	1831	1554	1205	301	1370	562	1010	315	89	1770	1729
1077	220	277	689	240	201	1171	1661	594	1162	60	1753	726	1695	208	63	1539	1690	221	648	654	1696	904	525	60	137	1755	788	1231	671	778	665	1474	323	1112	255	440	1304	1303	291	751	1036	735	718	1730	1144	352	840	919	825	1554	1831	688	603	1015	1346	863	406	1173	213	923
1706	780	937	1016	306	628	1020	463	1363	353	1048	534	1289	290	1717	172	397	1288	1165	543	1701	741	1224	1757	1106	1390	1372	1607	820	1548	1709	1104	278	1110	392	108	1732	854	269	1602	756	871	409	184	597	1570	591	894	507	1778	1205	688	1831	587	772	1309	1032	1670	329	60	850
1534	310	1800	1226	831	215	486	829	510	493	596	1051	900	60	1805	1719	874	359	298	744	470	1777	272	374	1176	1521	462	1711	166	60	639	1062	1415	295	106	1782	247	1018	1558	622	618	1331	97	1587	121	1715	1459	311	368	83	301	603	587	1831	973	1322	913	537	504	765	966
1454	1254	417	943	1080	200	365	511	475	1781	982	691	1483	1264	1509	1270	527	1787	1185	1281	1499	640	784	578	1035	927	480	96	361	268	1211	785	236	91	60	956	133	1208	1507	1756	792	1827	502	1542	1232	1720	1267	386	1772	998	1370	1015	772	973	1831	1413	629	327	517	930	478
938	661	1123	1662	1147	1735	449	547	847	299	1389	1597	1728	435	473	1520	128	1043	898	474	875	87	700	711	403	60	263	1375	1342	1024	155	1199	882	1566	567	226	508	113	173	402	161	489	657	1078	147	183	610	1149	199	1228	562	1346	1309	1322	1413	1831	696	438	769	176	60
60	761	995	60	873	1733	1829	1172	960	1271	1726	432	1307	1650	1028	367	1691	1096	1050	793	265	1692	1119	895	1779	321	1293	1107	1075	1353	1201	805	1559	356	996	1675	1492	84	1444	60	389	1030	117	60	1065	708	241	60	1708	1336	1010	863	1032	913	629	696	1831	1560	204	1014	1649
710	60	238	558	660	381	123	216	1086	545	683	141	64	631	60	903	127	885	845	267	1227	1167	559	1525	1420	891	1573	1705	467	723	1009	931	724	1686	1329	892	1678	476	1440	556	1685	672	207	1385	67	1611	1598	1452	296	682	315	406	1670	537	327	438	1560	1831	911	1510	1396
1794	1764	1456	523	1738	285	1399	1746	815	1002	95	642	611	286	1258	1460	595	1354	206	1468	1092	90	1197	93	1349	692	1368	1164	1382	60	1140	1445	1250	167	569	370	732	1408	1628	1263	1540	1700	1237	348	1433	74	1519	893	1550	953	89	1173	329	504	517	769	204	911	1831	1319	1039
385	1562	1276	228	114	1798	439	1703	955	1514	309	328	964	914	690	1400	1763	1823	924	706	245	331	528	721	415	920	1679	1516	1697	755	1765	376	773	232	116	909	520	519	771	1421	335	1184	1788	713	1811	590	60	60	1218	60	1770	213	60	765	930	176	1014	1510	1319	1831	1672
1718	1600	870	551	615	81	1343	876	1591	1603	174	1113	1736	1766	1359	254	1683	456	668	951	1725	149	1646	318	420	1052	649	1789	1652	753	154	929	1393	1132	1689	1133	722	158	60	908	1351	1209	1579	1458	1117	1136	160	1063	697	1622	1729	923	850	966	478	60	1649	1396	1039	1672	1831
