5051	3938	3402	1536	4632	1654	2561	4179	3088	735	4270	1506	4285	441	4755	449	3652	1816	1170	2575	3394	3033	3762	3906	658	3593	5050	3715	151	3345	2025	1976	1445	1668	3820	2471	1100	281	4083	2769	2102	4467	225	4702	601	3379	802	3876	4892	4860	100	1997	1252	5017	1841	4577	4072	1454	1694	3884	2275	1430	4596	1600	2147	3327	3193	338	420	196	3825	2613	1007	4821	1912	2516	1402	3969	2976	4116	4033	947	2116	2166	729	943	1132	1217	1807	3164	3976	3811	2052	3985	3320	2932	1765	1189	160	2057	3412
3938	5051	3478	1076	3369	1644	5043	2879	585	629	2810	172	2056	1899	4895	1713	100	1066	4547	4760	1718	4017	1058	335	3501	2633	4727	217	2664	1744	4573	2645	4265	1992	1042	3963	2444	3526	4097	3539	4331	4798	5032	2782	3805	1693	4499	4131	903	2317	367	1692	2741	240	2924	134	2882	1207	4228	3743	1359	189	1371	3834	2261	375	3721	5027	3008	1557	1438	4927	1917	4863	974	4809	792	4894	4716	3773	2488	560	1776	1062	4581	3602	3722	4420	2065	705	908	1036	1249	317	3005	3289	820	3470	1321	1271	2392
3402	3478	5051	4105	4050	4626	2930	3044	2061	3626	100	4459	1861	178	149	3045	794	4201	1279	144	4114	1366	4963	3865	1125	4940	533	3673	4900	1533	4428	1727	191	622	2271	1335	4411	4678	2310	3664	1739	1980	3681	2410	2682	2643	2557	100	3797	5036	100	4746	384	1923	2152	220	894	4874	2644	4572	669	3720	1051	4638	2078	2362	5011	3953	3905	2531	1031	3211	1275	856	1989	3495	4901	112	4192	1918	2602	100	779	3238	198	1310	1532	515	221	2172	4745	2774	5006	607	3818	3802	3826	3268	1469	768	3783
1536	1076	4105	5051	4405	2214	4629	4266	2888	647	2299	3226	116	4167	954	4281	4235	4403	324	2580	100	1431	787	914	2966	2548	2289	2722	1091	2237	3498	1682	3363	3015	1093	4854	4525	4685	2455	2458	650	2404	1118	3150	2149	4027	4094	2771	762	381	2048	2188	4404	3668	306	2077	4202	917	4637	4991	3609	2570	2311	2728	3592	1488	4610	100	414	193	4425	1336	1940	2312	925	1669	670	2427	4450	3243	2793	1893	666	2157	1010	2443	3731	4389	3530	4597	2851	2558	4030	4278	4216	1552	3348	2589	1737	961	2764
4632	3369	4050	4405	5051	2448	3886	2413	2377	2668	2910	2173	2540	3787	319	100	3391	2073	796	1746	3333	965	3922	501	3618	3541	2979	4001	788	4412	4754	1415	2834	1863	4443	171	3683	3257	1357	1804	4378	4469	4164	871	1443	4847	1148	2333	270	392	127	4434	3923	3670	2146	3867	4554	915	4123	3085	530	739	4964	759	100	2328	2494	3287	2964	4455	4231	1529	3621	4334	4185	4708	161	1300	749	1941	4793	4946	1195	2854	2017	260	3623	4735	516	203	5013	4022	3744	4695	4234	1280	3016	4982	3028	3891	1055
1654	1644	4626	2214	2448	5051	431	596	4998	2401	1904	564	3263	1001	4474	3266	775	128	285	100	3106	970	790	3881	2365	3932	2583	3109	100	1560	2020	920	2137	2629	3540	2499	1016	2992	4220	554	2537	1537	100	3438	4181	4880	4512	1030	2504	2118	1705	991	2727	3157	4932	1546	4951	1749	1327	1629	4365	4251	3004	4602	3105	4973	2828	100	181	3921	3022	3239	2044	1939	1635	4882	3926	4509	2103	983	3634	693	129	3528	4921	3650	520	427	100	4370	2408	1598	3896	667	3062	2269	4110	192	1782	4079	1771
2561	5043	2930	4629	3886	431	5051	587	1874	2955	4531	4222	2666	2725	3989	1257	865	2320	1778	2969	904	1122	4881	1017	3241	263	733	959	1343	4548	1056	2956	921	1907	668	3704	3736	1410	2356	2912	3994	3849	2390	4533	1741	2919	1637	2321	3766	3796	1732	4471	4980	1613	4000	1284	4840	3419	100	602	3815	3058	3676	3547	4606	258	1165	2582	3178	1545	2268	4934	1385	2593	2325	2536	701	1481	1134	4013	1407	4374	2872	4535	4741	3958	880	568	4045	996	1880	4878	1991	100	2363	1041	2332	2075	2743	3151	2331
4179	2879	3044	4266	2413	596	587	5051	1174	2847	3506	4206	4109	604	665	724	1929	555	3756	1829	496	378	2031	4187	3199	4867	1691	1015	3068	1903	2207	935	4096	2341	986	2120	437	4221	695	1299	3613	4945	4460	3823	4128	2004	2089	3021	937	2210	2963	3808	100	572	3771	3267	3710	2382	4930	3662	3968	2555	2679	2586	855	4303	4012	3918	3672	1264	2552	4090	312	4850	4051	3221	1709	4237	1193	1004	3055	1659	4163	1947	264	3128	1492	3993	2792	3587	608	4401	1047	346	3122	100	1834	4721	2988	1840	1870
3088	585	2061	2888	2377	4998	1874	1174	5051	4363	3877	4839	1498	4393	3133	971	2400	4453	298	3655	3301	527	4816	326	4646	4538	3698	2240	1267	1555	995	4734	3123	4064	2861	731	3999	1281	1914	3300	4808	980	2986	1689	289	2468	4797	3276	3700	485	879	3054	2159	4021	408	1815	297	872	3781	4048	4803	3909	2996	4346	1231	3261	2248	2696	594	3476	4563	4929	4679	344	760	2007	4915	1308	2191	2739	2711	600	5000	2609	997	550	1162	3858	2198	1331	3148	2997	4570	620	797	185	415	1224	100	2051	4296
735	629	3626	647	2668	2401	2955	2847	4363	5051	1370	4774	511	1265	1716	1542	3317	5031	1068	1088	1285	2274	2949	1057	3474	4493	2267	4801	1494	3417	1856	2628	1500	3063	2238	3590	3991	4993	941	4430	976	1752	4752	4249	2849	5022	3647	3631	3292	4851	644	2139	3693	1468	3160	1934	1773	1210	4639	2695	4417	3251	1350	1910	3586	2845	1325	4677	4988	100	3824	1564	2875	2242	1394	2614	4279	403	3513	4698	4209	4805	1901	2349	1120	1406	2018	984	3025	2123	2787	546	3203	4996	4713	2196	1384	2398	4720	4518	3829
4270	2810	100	2299	2910	1904	4531	3506	3877	1370	5051	2724	1984	2425	3988	3869	3790	1952	4056	472	1183	4539	3499	2753	926	3407	1400	2601	1254	1472	723	2224	1587	4272	4616	432	588	1831	100	2032	2850	1675	4063	1688	4659	1419	337	3037	1588	3172	1827	4041	2414	4190	1059	2550	2522	395	3830	3836	2908	2506	3455	2675	389	4410	4130	2926	2067	4924	583	4513	4540	842	2533	1387	2485	1053	1764	2777	823	4737	615	3275	3788	2108	1251	771	1641	4490	4870	4876	2927	3431	4011	1470	3769	3854	5046	4119	1721
1506	172	4459	3226	2173	564	4222	4206	4839	4774	2724	5051	1508	4047	919	646	1111	1116	188	4388	179	4766	2856	2423	3462	850	2158	4955	2755	1413	3414	3186	3338	4252	4516	2130	3890	3525	1499	1176	3559	3198	146	2100	3113	4560	3875	1381	2079	3908	100	3137	4337	503	2714	3610	4504	424	3352	4481	4156	4898	4452	2723	4707	3219	2380	1852	447	3448	210	3603	2076	279	1129	778	3966	1755	2841	3599	4414	4294	2215	765	3671	3359	3794	963	4891	3316	3318	2898	255	1361	2014	467	2987	278	176	2802	3366
4285	2056	1861	116	2540	3263	2666	4109	1498	511	1984	1508	5051	100	2968	1184	2568	4783	1107	2054	1999	2098	4049	2519	940	401	3687	385	1478	3103	1779	1926	4419	2194	4738	2160	1850	481	244	3066	663	1426	304	4042	497	2053	1933	165	808	2148	4067	2709	4528	3328	4590	4785	2050	838	518	122	3572	1851	522	525	2080	4885	2991	4845	4925	1392	623	875	3056	100	1766	4335	243	1946	336	2937	2627	4034	3010	5015	968	3519	1579	1220	3656	211	399	4491	5003	3052	4330	3147	1662	1496	1398	2168	3714
441	1899	178	4167	3787	1001	2725	604	4393	1265	2425	4047	100	5051	3285	100	4435	1520	3032	3864	4815	957	4913	3460	100	200	4953	3331	253	226	4532	2091	4968	371	3597	308	4559	259	2798	4519	493	2952	4009	1962	4386	752	4383	1783	3469	2125	3038	2203	2301	1416	521	1633	1229	1421	836	4135	100	4143	2454	2366	3060	610	2374	4634	748	1890	3493	4308	3099	2353	4039	2691	4837	4472	4144	3075	2470	726	1590	2502	1563	100	846	5033	2286	2567	489	1549	3755	3200	2980	1126	3706	3298	2803	3380	4810
4755	4895	149	954	319	4474	3989	665	3133	1716	3988	919	2968	3285	5051	3874	4914	3413	3580	2669	3471	3077	3637	746	3885	776	1322	578	1818	4456	4376	3859	1826	100	2750	1479	1018	4703	4791	805	4952	3552	5014	4664	2411	519	451	2386	1655	1086	3941	1642	320	2510	3201	4071	4761	2484	136	4905	2190	1812	1391	4729	4872	4259	3800	1796	1114	3594	1957	3350	2873	3250	233	2281	2965	4445	3082	782	3761	2884	2503	676	2021	1964	1108	3752	1369	478	2447	859	2009	1320	4159	386	4402	1390	1849	3880	1710
449	1713	3045	4281	100	3266	1257	724	971	1542	3869	646	1184	100	3874	5051	3532	1847	3801	2373	3816	3946	618	4585	1959	2915	4838	513	2860	4052	1205	2843	2185	3057	4651	2672	4020	4213	1019	3748	3843	2622	1836	2825	2045	582	365	1240	3568	3309	1679	858	2180	934	283	1255	609	3111	405	2174	303	1924	2611	3614	4800	1695	4958	2450	1497	2674	3458	2084	4484	3658	3126	1200	728	3270	4780	1203	3365	4262	717	1979	1440	3951	2388	1624	1988	2648	4150	4197	1338	702	2868	4407	2490	2297	3719	2983	4855
3652	100	794	4235	3391	775	865	1929	2400	3317	3790	1111	2568	4435	4914	3532	5051	4255	2918	2379	2651	3245	831	821	2277	468	4166	2922	2619	274	100	109	428	1697	1523	605	4824	4465	3667	3401	1977	4978	2405	276	3607	750	321	4902	1983	1883	3624	1313	137	2302	4322	4642	4831	2587	2844	4463	4862	3388	1817	114	3248	2326	4781	905	2527	4239	1775	3605	2604	1383	719	563	3738	4413	1341	1305	1612	4399	3642	3463	4415	1993	2230	4186	1034	1216	3882	1603	4242	175	2760	3436	2685	4439	3728	930	809
1816	1066	4201	4403	2073	128	2320	555	4453	5031	1952	1116	4783	1520	3413	1847	4255	5051	949	3278	4789	3389	4739	4866	1013	2036	2659	2790	4653	2222	2970	811	4392	2093	2213	3118	580	3832	3184	2228	2244	2556	4938	2542	868	4672	1512	953	3315	4645	4906	2119	4609	3604	1241	2786	3798	653	1266	884	2435	2049	2923	2858	120	4207	3684	4341	2881	490	3159	3227	763	3878	1828	2559	1245	3161	2944	3134	100	4886	3868	1801	4080	407	1761	1966	2920	5004	2824	4917	3362	3457	2947	1349	3924	2038	4792	275	1809
1170	4547	1279	324	796	285	1778	3756	298	1068	4056	188	1107	3032	3580	3801	2918	949	5051	1221	4250	3059	4730	3940	4674	1916	3695	1781	950	4849	2817	793	2465	4108	2990	291	2486	4282	2111	429	1334	2703	4015	2042	1225	1319	2626	4482	5008	1103	3392	3576	2911	4362	1860	4301	4085	2574	962	2594	3288	1237	1944	2181	1450	1570	3957	1104	3158	3916	158	4236	1630	2357	3336	1411	4082	3934	1813	322	2323	269	1986	105	1898	3441	205	2549	2541	3962	1601	1534	463	4786	100	1061	847	3220	4081	157	2975
2575	4760	144	2580	1746	100	2969	1829	3655	1088	472	4388	2054	3864	2669	2373	2379	3278	1221	5051	3225	1701	2670	3737	4687	4667	3030	3332	3936	3306	1846	1653	3635	2813	4240	2063	537	3166	559	1038	2232	590	4103	4669	4421	3337	4245	201	4489	1802	1922	2219	755	1278	3140	3209	3242	2372	3679	3282	4175	913	2616	2217	4613	3616	190	3724	4300	3789	2352	4939	3069	4003	110	2595	1535	2590	3246	592	309	1277	4324	1378	474	1127	1259	1179	3296	256	2632	2492	2624	2113	1548	3155	1150	2313	2124	2529	4200
3394	1718	4114	100	3333	3106	904	496	3301	1285	1183	179	1999	4815	3471	3816	2651	4789	4250	3225	5051	4591	4145	3892	2945	268	540	1731	2143	4195	3717	3955	3325	1927	3792	140	3217	2112	2759	2885	852	3321	4217	1243	4189	3575	1234	2656	1568	100	2671	645	4580	3814	199	1168	557	4036	4188	3489	1073	3224	355	1312	2904	4280	1972	2330	4565	3396	3446	786	3496	3750	2309	2013	3900	727	3933	870	1145	2280	4005	3423	284	4268	2694	2534	2200	4718	784	4329	4764	661	141	2615	679	2104	329	651	2681
3033	4017	1366	1431	965	970	1122	378	527	2274	4539	4766	2098	957	3077	3946	3245	3389	3059	1701	4591	5051	671	2758	4099	1987	491	4893	1487	3774	4728	3979	1886	1342	2026	2364	2193	4449	507	4977	2897	1700	1915	2554	3234	444	2295	1767	4338	4274	1616	2028	1810	2620	689	4366	1799	1374	3145	4909	3961	3286	3403	290	5026	3544	4121	3210	3732	4332	356	4212	1853	3863	3562	3450	100	4423	2855	2422	1780	800	4318	4731	2684	100	3954	3893	4367	3156	699	1077	1317	499	1021	4256	3817	2560	4523	2345	721
3762	1058	4963	787	3922	790	4881	2031	4816	2949	3499	2856	4049	4913	3637	618	831	4739	4730	2670	4145	671	5051	2928	3730	486	1753	1722	3092	435	4833	1078	1514	4351	100	1022	452	3006	3335	2368	2472	2236	1476	1198	1181	1005	4576	1483	2227	3464	180	4494	690	2780	2412	2156	1455	524	1585	3440	4127	3770	1344	334	1832	4432	4742	4406	4753	3375	3879	4253	2721	2432	3043	3114	1627	1565	3001	2676	761	3661	2708	470	4974	2141	2300	1489	3240	2797	2223	2974	2634	1282	410	942	4508	4028	145	2060	3928
3906	335	3865	914	501	3881	1017	4187	326	1057	2753	2423	2519	3460	746	4585	821	4866	3940	3737	3892	2758	2928	5051	801	2692	100	4794	2456	2730	4291	853	2572	3675	2720	2625	754	1274	4359	2717	3130	2971	3648	814	2457	2205	3912	1065	251	163	4466	4347	4986	2024	3100	4091	1949	3701	2449	3669	1412	1409	3093	152	1596	2000	4856	3930	1638	542	4273	819	1405	3833	4686	3746	543	2127	2204	1085	4543	4992	2749	4258	3689	1925	1797	3115	313	5005	956	1023	3280	1937	1704	370	3504	100	3942	3887	1418
658	3501	1125	2966	3618	2365	3241	3199	4646	3474	926	3462	940	100	3885	1959	2277	1013	4674	4687	2945	4099	3730	801	5051	584	4381	1270	2016	4113	3929	756	1995	4473	2358	3686	1593	3785	1064	100	1750	1650	4426	631	4488	4877	4356	3844	652	2563	1177	2647	3451	1028	4875	4379	3432	2520	1666	843	4148	2252	4903	1139	4315	2704	1938	5041	1332	4526	4595	2294	3591	851	1403	4129	2719	2577	4942	1135	341	2082	4076	848	2234	1559	531	4054	1303	4802	2041	2283	4302	3747	2995	4574	2680	734	839	3549	1581
3593	2633	4940	2548	3541	3932	263	4867	4538	4493	3407	850	401	200	776	2915	468	2036	1916	4667	268	1987	486	2692	584	5051	829	2848	2257	1396	2284	314	2461	4016	4462	3678	4990	1182	382	1353	1728	348	3382	3215	3437	896	2477	4536	2658	3373	3509	2842	4822	4758	4598	863	3819	3146	100	4517	2177	2254	1793	3444	1324	4224	2812	4643	1571	333	4496	547	2565	552	4521	2907	1948	2571	1582	599	2846	1060	5028	1379	100	301	453	3012	2396	785	1887	1356	2235	4111	3987	3426	4769	215	1466	195	625
5050	4727	533	2289	2979	2583	733	1691	3698	2267	1400	2158	3687	4953	1322	4838	4166	2659	3695	3030	540	491	1753	100	4381	829	5051	2512	1652	3484	2993	4325	1037	4438	4153	1835	3677	3947	3378	595	488	969	1620	4479	4078	4440	675	2818	4719	5024	1945	1538	4842	1219	1315	3047	2747	2308	387	1539	3965	107	4971	4670	400	3543	3551	417	2746	948	4102	3821	2266	3468	2756	204	3304	2099	2530	2977	3449	810	4615	3259	1574	3690	2597	3898	4553	3606	1094	3406	4313	1657	2437	1897	4965	351	2378	688	459
3715	217	3673	2722	4001	3109	959	1015	2240	4801	2601	4955	385	3331	578	513	2922	2790	1781	3332	1731	4893	1722	4794	1270	2848	2512	5051	100	1362	598	4812	4799	2865	100	3857	154	1735	2539	2942	2733	100	3846	100	1256	1622	1566	4398	4684	3452	4619	2354	419	3768	4537	1079	1660	1071	216	1805	2192	3997	2442	4865	1435	813	3180	708	3960	213	4630	3537	3510	2344	3531	2511	3535	1495	3067	967	899	1214	703	383	2421	1382	4704	4599	3329	3596	3368	2729	3310	1878	4340	2290	352	4486	4864	1845	3173
151	2664	4900	1091	788	100	1343	3068	1267	1494	1254	2755	1478	253	1818	2860	2619	4653	950	3936	2143	1487	3092	2456	2016	2257	1652	100	5051	1970	3639	901	898	3638	3202	1562	265	4495	1404	798	4699	2698	4478	4244	1515	5002	4132	2772	1105	3558	462	1648	4327	2716	4706	100	1067	3751	3418	3482	4089	1311	710	409	3615	3104	1287	2607	1857	454	1687	660	3255	3003	349	3619	2605	4647	3889	273	3428	2434	2631	1876	4966	3538	398	4608	1149	2154	773	882	680	3094	4061	4897	832	1632	1151	1427	3644
3345	1744	1533	2237	4412	1560	4548	1903	1555	3417	1472	1413	3103	226	4456	4052	274	2222	4849	3306	4195	3774	435	2730	4113	1396	3484	1362	1970	5051	4779	3297	4168	374	3233	4640	2866	2359	3850	2138	1401	1658	4461	2796	2263	100	4437	617	2155	4690	818	897	548	425	2768	4053	1000	4510	1576	2145	3377	3654	1606	2585	4372	4589	4765	1589	4694	4284	1420	1896	182	1437	2441	100	3629	342	3341	2890	288	3524	469	4397	3205	2636	4295	4059	3494	3386	4726	1467	100	549	2650	3053	1117	3064	103	2921	4658
2025	4573	4428	3498	4754	2020	1056	2207	995	1856	723	3414	1779	4532	4376	1205	100	2970	2817	1846	3717	4728	4833	4291	3929	2284	2993	598	3639	4779	5051	5037	3416	3274	561	455	1591	100	3360	3813	1099	4424	2901	4552	4101	2883	4241	1663	1436	4211	133	3845	1408	2046	673	570	4126	2700	4018	4219	3554	2476	2008	2293	2784	2867	2129	142	150	1875	2220	3901	2243	350	770	2446	252	4983	1819	659	2278	4592	2121	3500	4044	237	544	3020	2095	1020	2029	2012	364	3343	713	758	616	2573	1131	2863	4134
1976	2645	1727	1682	1415	920	2956	935	4734	2628	2224	3186	1926	2091	3859	2843	109	811	793	1653	3955	3979	1078	853	756	314	4325	4812	901	3297	5037	5051	3582	3948	514	1351	2814	1758	1677	907	3339	4603	2480	4117	2781	2163	2272	3712	132	951	1905	2562	4377	100	3190	869	885	3039	2788	1095	929	3975	4165	100	3361	2811	325	3861	1714	4777	4248	3573	159	2740	1577	4031	4074	4542	3776	3516	3780	2201	3723	208	2517	1981	397	916	2473	4162	1422	4176	4476	4586	294	3804	1639	4763	4357	4264	339
1445	4265	191	3363	2834	2137	921	4096	3123	1500	1587	3338	4419	4968	1826	2185	428	4392	2465	3635	3325	1886	1514	2572	1995	2461	1037	4799	898	4168	3416	3582	5051	3358	4928	2384	100	1712	3795	1441	1715	3031	571	2132	742	532	3237	4972	4725	3584	523	3194	4527	3273	2369	1961	183	323	4352	526	3564	3447	4564	640	3229	100	3772	4068	2835	3430	1672	3490	2521	1297	4177	2176	500	3862	1493	2307	4125	1740	2439	714	3049	2259	1318	5034	918	3711	2340	3902	2306	1434	1965	877	4223	2982	2043	3254	464
1668	1992	622	3015	1863	2629	1907	2341	4064	3063	4272	4252	2194	371	100	3057	1697	2093	4108	2813	1927	1342	4351	3675	4473	4016	4438	2865	3638	374	3274	3948	3358	5051	2189	2409	3307	130	442	229	2436	1558	2569	2545	4655	2262	287	697	100	1208	2285	1760	4454	1043	1080	2150	296	1186	2815	510	394	3295	677	1121	2074	2058	2367	5042	1012	2161	1930	4520	4937	4835	1302	4931	4908	2705	1888	2874	302	4292	3393	4243	1293	3649	4652	3625	2402	482	3577	3977	1155	3782	2718	3034	1823	827	1554	2165	2343
3820	1042	2271	1093	4443	3540	668	986	2861	2238	4616	4516	4738	3597	2750	4651	1523	2213	2990	4240	3792	2026	100	2720	2358	4462	4153	100	3202	3233	561	514	4928	2189	5051	3349	2097	684	657	327	4683	1363	574	2164	4503	1822	4611	4551	1686	924	4286	3357	1553	4999	5035	1881	1719	4058	3061	2059	4912	4896	4857	2338	4715	3197	4663	928	3089	123	212	4578	1928	3024	106	3435	945	100	4006	1795	4749	3778	911	3480	1798	4617	1843	3734	1547	4485	1123	2693	1769	4444	3943	2431	2068	2229	422	2699	1597
2471	3963	1335	4854	171	2499	3704	2120	731	3590	432	2130	2160	308	1479	2672	605	3118	291	2063	140	2364	1022	2625	3686	3678	1835	3857	1562	4640	455	1351	2384	2409	3349	5051	2690	3729	2606	751	4549	2665	3518	3383	1803	2096	153	166	2687	1567	1248	100	3505	3907	3046	4873	3949	1025	2917	2801	2954	4210	4644	3847	100	4065	892	1544	4948	4310	2526	3027	3927	4732	4871	357	3404	3645	368	3206	1133	709	737	2655	3330	3084	143	3087	1296	1894	2170	939	1035	4960	2653	1475	541	2649	2337	4717	4967
1100	2444	4411	4525	3683	1016	3736	437	3999	3991	588	3890	1850	4559	1018	4020	4824	580	2486	537	3217	2193	452	754	1593	4990	3677	154	265	2866	1591	2814	100	3307	2097	2690	5051	2538	1519	1075	4587	2960	430	3399	1971	3919	2726	249	1306	1736	2090	328	931	4416	1215	118	824	3534	4682	2853	3400	1866	2948	2894	2142	2495	4120	1283	3098	893	1180	2226	3982	2972	938	2162	1301	2064	2175	1346	4507	1626	4567	4299	3007	1074	2062	4149	3026	4283	932	3291	2350	833	4692	3903	4498	3659	3174	3917	100
281	3526	4678	4685	3257	2992	1410	4221	1281	4993	1831	3525	481	259	4703	4213	4465	3832	4282	3166	2112	4449	3006	1274	3785	1182	3947	1735	4495	2359	100	1758	1712	130	684	3729	2538	5051	1333	3608	471	1309	1683	1747	681	4594	2011	2003	4711	3691	1619	457	1236	4007	4277	3095	3742	4796	3894	597	4385	2639	3765	2183	2661	4069	2500	2106	2748	3356	1513	3223	577	4911	3483	569	3883	2913	3967	4333	3188	4088	864	1556	3872	2953	1130	1112	4861	4879	100	1955	1288	1052	124	100	1943	4464	1089	1998	1464
4083	4097	2310	2455	1357	4220	2356	695	1914	941	100	1499	244	2798	4791	1019	3667	3184	2111	559	2759	507	3335	4359	1064	382	3378	2539	1404	3850	3360	1677	3795	442	657	2606	1519	1333	5051	4008	1931	102	1190	3222	2109	2830	2479	4569	100	3072	1456	1911	2925	985	1459	484	3141	722	4825	2023	4985	2264	3630	2566	238	1425	170	1446	1725	1610	2610	473	4534	586	361	228	3213	2440	2085	1786	4622	3116	3384	2776	234	456	2136	261	725	100	3725	981	271	4751	3195	245	4832	227	3425	4680	1543
2769	3539	3664	2458	1804	554	2912	1299	3300	4430	2032	1176	3066	4519	805	3748	3401	2228	429	1038	2885	4977	2368	2717	100	1353	595	2942	798	2138	3813	907	1441	229	327	751	1075	3608	4008	5051	2399	1352	1417	4371	1024	3964	2462	4624	2460	849	4593	3640	835	4907	3852	874	1110	692	2878	4633	1163	1561	1879	933	538	1048	1871	4500	4962	1290	1884	2184	2967	2732	2250	388	2642	3421	888	2303	4675	1044	4701	2114	1690	1978	121	2524	1975	3663	1337	4025	883	1618	2094	2895	4858	3096	4883	4506	1360
2102	4331	1739	650	4378	2537	3994	3613	4808	976	2850	3559	663	493	4952	3843	1977	2244	1334	2232	852	2897	2472	3130	1750	1728	488	2733	4699	1401	1099	3339	1715	2436	4683	4549	4587	471	1931	2399	5051	769	3767	3733	2518	1414	2218	730	977	2827	5020	479	3169	2010	2961	1507	446	4154	1008	5018	4100	1517	900	1003	2832	1518	1762	3579	2896	707	466	206	293	4969	1865	2336	1452	4468	4269	3910	1242	169	4919	100	1605	4944	3899	2646	1674	299	1814	3073	423	1159	614	1551	250	3415	3589	1726	4910
4467	4798	1980	2404	4469	1537	3849	4945	980	1752	1675	3198	1426	2952	3552	2622	4978	2556	2703	590	3321	1700	2236	2971	1650	348	969	100	2698	1658	4424	4603	3031	1558	1363	2665	2960	1309	102	1352	769	5051	2426	698	1027	2055	1204	3376	528	3214	207	4046	966	4502	1900	3110	639	3600	3831	2385	1395	1238	1239	3149	3086	2603	2887	2030	100	2071	3956	3017	1651	111	4989	3048	257	5039	2906	3235	3207	426	1295	433	1864	1185	1491	1218	3718	3809	1920	3777	2179	696	1477	167	2167	2710	635	2256	266
225	5032	3681	1118	4164	100	2390	4460	2986	4752	4063	146	304	4009	5014	1836	2405	4938	4015	4103	4217	1915	1476	3648	4426	3382	1620	3846	4478	4461	2901	2480	571	2569	574	3518	430	1683	1190	1417	3767	2426	5051	1604	3074	495	1232	2515	1859	3598	3741	654	2001	1063	1102	1717	2576	720	148	1969	545	3763	712	1054	4477	1144	1530	4584	4297	3574	2900	4959	3326	353	3065	1069	2122	2640	1754	4062	168	581	2683	100	3581	1889	418	3841	3299	4140	4328	138	4441	445	4032	1791	411	1087	232	1501	1954
4702	2782	2410	3150	871	3438	4533	3823	1689	4249	1688	2100	4042	1962	4664	2825	276	2542	2042	4669	1243	2554	1198	814	631	3215	4479	100	4244	2796	4552	4117	2132	2545	2164	3383	3399	1747	3222	4371	3733	698	1604	5051	2821	4830	373	508	3491	4214	1388	1985	2761	3895	612	4122	3422	4391	626	3302	4625	998	362	860	4869	2876	100	2066	1953	3477	4233	3628	1671	1974	1811	4271	1113	637	2249	2654	3571	1621	1950	4161	767	1580	3497	1706	2667	2742	1471	2657	4775	1625	2905	4035	3503	3546	4289	4768	3548
601	3805	2682	2149	1443	4181	1741	4128	289	2849	4659	3113	497	4386	2411	2045	3607	868	1225	4421	4189	3234	1181	2457	4488	3437	4078	1256	1515	2263	4101	2781	742	4655	4503	1803	1971	681	2109	1024	2518	1027	3074	2821	5051	3674	4697	4853	2833	1345	3803	4529	3204	2935	1833	4522	4320	2424	2273	3622	2578	994	606	3959	3071	3515	4648	822	978	1448	3784	1572	2994	2737	2838	4306	1222	1347	816	3165	3247	964	2092	3837	1670	634	4975	4676	2984	4157	360	231	4772	3904	311	376	100	1540	1734	4151	4409
3379	1693	2643	4027	4847	4880	2919	2004	2468	5022	1419	4560	2053	752	519	582	750	4672	1319	3337	3575	444	1005	2205	4877	896	4440	1622	5002	100	2883	2163	532	2262	1822	2096	3919	4594	2830	3964	1414	2055	495	4830	3674	5051	4920	4384	1032	3567	1584	795	4556	1119	4814	4514	1050	4852	566	347	4811	3411	402	3529	4010	3660	2546	3131	1152	909	1294	2153	4566	1770	4057	3305	1509	1156	2186	3620	509	2806	1867	4115	2101	4470	2393	1228	3144	2544	3870	2584	4137	4288	674	2035	3385	1386	4770	2678	1681
802	4499	2557	4094	1148	4512	1637	2089	4797	3647	337	3875	1933	4383	451	365	321	1512	2626	4245	1234	2295	4576	3912	4356	2477	675	1566	4132	4437	4241	2272	3237	287	4611	153	2726	2011	2479	2462	2218	1204	1232	373	4697	4920	5051	2182	2800	4246	369	3688	3914	2342	993	4806	4628	2941	2397	1046	4483	1178	2497	4276	2117	1323	1196	4342	2989	628	3355	223	4019	1161	2253	3260	2770	267	825	1854	2467	100	2318	3713	3822	2508	2543	3556	4293	416	1503	4575	1289	4350	3479	2852	2564	4368	1963	246	2820
3876	4131	100	2771	2333	1030	2321	3021	3276	3631	3037	1381	165	1783	2386	1240	4902	953	4482	201	2656	1767	1483	1065	3844	4536	2818	4398	2772	617	1663	3712	4972	697	4551	166	249	2003	4569	4624	730	3376	2515	508	4853	4384	2182	5051	1873	4813	487	2394	1707	1092	624	3702	895	1994	1646	4138	4014	4823	1201	3424	1206	2513	1169	3983	1463	5025	1702	1262	3014	3757	3125	2736	2334	4505	2880	3643	3107	4227	3545	3726	3511	3162	2371	3561	4024	380	1213	2231	4323	3192	2745	1141	4826	100	2870	1742	2707
4892	903	3797	762	270	2504	3766	937	3700	3292	1588	2079	808	3469	1655	3568	1983	3315	5008	4489	1568	4338	2227	251	652	2658	4719	4684	1105	2155	1436	132	4725	100	1686	2687	1306	4711	100	2460	977	528	1859	3491	2833	1032	2800	1873	5051	164	477	2040	3707	1014	2466	4776	1909	2763	4361	4818	2197	886	1070	5012	1531	4336	4023	1505	4696	4714	2319	4784	4846	2957	4827	1877	4787	529	1428	3981	1049	4795	1143	4066	3488	738	1526	2826	1423	2551	1227	2039	4722	4890	2430	772	4311	2766	3461	5019	3283
4860	2317	5036	381	392	2118	3796	2210	485	4851	3172	3908	2148	2125	1086	3309	1883	4645	1103	1802	100	4274	3464	163	2563	3373	5024	3452	3558	4690	4211	951	3584	1208	924	1567	1736	3691	3072	849	2827	3214	3598	4214	1345	3567	4246	4813	164	5051	3347	1364	2107	3427	1806	1140	174	4339	2491	4817	3136	3269	641	1696	4360	2902	534	1142	3271	4661	2033	2169	4193	155	3459	1354	3079	740	2807	4620	3101	4562	2765	2962	1226	4369	1268	1486	4215	4433	1502	4317	687	506	4771	4700	700	3252	4723	3775	2501
100	367	100	2048	127	1705	1732	2963	879	644	1827	100	4067	3038	3941	1679	3624	4906	3392	1922	2671	1616	180	4466	1177	3509	1945	4619	462	818	133	1905	523	2285	4286	1248	2090	1619	1456	4593	5020	207	3741	1388	3803	1584	369	487	477	3347	5051	854	1166	682	2893	439	2429	4954	4887	440	2351	4305	2951	345	3810	1678	2144	944	1685	3939	1307	1164	1789	222	1673	1209	4257	804	1891	3319	2483	2831	3308	3139	4605	100	3272	1482	218	3986	282	4095	1645	1504	1521	3935	2002	1258	4568	764	4124
1997	1692	4746	2188	4434	991	4471	3808	3054	2139	4041	3137	2709	2203	1642	858	1313	2119	3576	2219	645	2028	4494	4347	2647	2842	1538	2354	1648	897	3845	2562	3194	1760	3357	100	328	457	1911	3640	479	4046	654	1985	4529	795	3688	2394	2040	1364	854	5051	1458	2247	2744	807	2528	593	280	1602	3023	3035	3262	3390	1106	830	413	1462	2985	2591	718	4229	656	4184	5016	4205	1583	4558	2128	2600	1465	3851	2221	1039	2579	1167	973	4859	3699	1250	1424	2689	2069	4447	2998	2395	3913	2474	3512	4261	781
1252	2741	384	4404	3923	2727	4980	100	2159	3693	2414	4337	4528	2301	320	2180	137	4609	2911	755	4580	1810	690	4986	3451	4822	4842	419	4327	548	1408	4377	4527	4454	1553	3505	931	1236	2925	835	3169	966	2001	2761	3204	4556	3914	1707	3707	2107	1166	1458	5051	1211	391	837	4321	2019	952	2785	4492	2588	4544	2553	2808	2596	2505	3182	1372	4092	2452	4390	4160	3507	743	3290	4650	4073	359	1172	3112	4199	2389	4040	3835	3692	678	3097	1393	1729	2829	100	3553	936	3665	1484	3791	3980	2206	5048	2791
5017	240	1923	3668	3670	3157	1613	572	4021	1468	4190	503	3328	1416	2510	934	2302	3604	4362	1278	3814	2620	2780	2024	1028	4758	1219	3768	2716	425	2046	100	3273	1043	4999	3907	4416	4007	985	4907	2010	4502	1063	3895	2935	1119	2342	1092	1014	3427	682	2247	1211	5051	1855	3680	2660	3925	2415	2767	1002	3132	2809	390	4380	3433	480	3475	1631	1848	239	3897	4191	1617	1528	2083	2381	2981	1967	2822	2387	3189	316	889	2773	236	906	3995	3697	2662	2291	2416	627	1082	3170	579	4247	2375	1101	4436	4530
1841	2924	2152	306	2146	4932	4000	3771	408	3160	1059	2714	4590	521	3201	283	4322	1241	1860	3140	199	689	2412	3100	4875	4598	1315	4537	4706	2768	673	3190	2369	1080	5035	3046	1215	4277	1459	3852	2961	1900	1102	612	1833	4814	993	624	2466	1806	2893	2744	391	1855	5051	648	2298	910	366	277	4511	2489	1522	2677	1996	3102	1956	553	2151	5030	147	2837	131	4691	3828	4169	3806	1872	1664	2469	589	4254	4557	3984	100	3340	4373	450	2933	4345	1011	2886	2857	3827	512	780	3467	1586	295	272	2934
4577	134	220	2077	3867	1546	1284	3267	1815	1934	2550	3610	4785	1633	4071	1255	4642	2786	4301	3209	1168	4366	2156	4091	4379	863	3047	1079	100	4053	570	869	1961	2150	1881	4873	118	3095	484	874	1507	3110	1717	4122	4522	4514	4806	3702	4776	1140	439	807	837	3680	648	5051	715	3492	5047	4287	706	4171	3324	632	2406	2487	2840	988	4843	1525	4180	1367	3410	2936	621	3522	1460	1340	979	209	4524	3570	248	3745	1680	139	3179	2592	2347	113	744	1097	4884	4899	2305	4427	2335	3682	1785	1759	404
4072	2882	894	4202	4554	4951	4840	3710	297	1773	2522	4504	2050	1229	4761	609	4831	3798	4085	3242	557	1799	1455	1949	3432	3819	2747	1660	1067	1000	4126	885	183	296	1719	3949	824	3742	3141	1110	446	639	2576	3422	4320	1050	4628	895	1909	174	2429	2528	4321	2660	2298	715	5051	556	1724	3992	3218	3520	1745	3566	960	3078	3974	4142	2973	1792	3344	3429	3351	4442	3873	3888	4275	4773	3633	2819	4093	184	4936	3740	4612	4446	100	2652	2931	421	187	100	1175	286	1447	1595	4055	3281	4601	3866	1656
1454	1207	4874	917	915	1749	3419	2382	872	1210	395	424	838	1421	2484	3111	2587	653	2574	2372	4036	1374	524	3701	2520	3146	2308	1071	3751	4510	2700	3039	323	1186	4058	1025	3534	4796	722	692	4154	3600	720	4391	2424	4852	2941	1994	2763	4339	4954	593	2019	3925	910	3492	556	5051	3694	3279	1109	1292	4458	638	3185	100	536	3264	2239	4947	826	3230	460	1033	2608	732	4804	1684	4555	1136	3560	4671	3135	741	535	890	4981	1699	2022	3978	1490	4660	4943	1137	1720	3758	664	1124	4309	1723	1199
1694	4228	2644	4637	4123	1327	100	4930	3781	4639	3830	3352	518	836	136	405	2844	1266	962	3679	4188	3145	1585	2449	1666	100	387	216	3418	1576	4018	2788	4352	2815	3061	2917	4682	3894	4825	2878	1008	3831	148	626	2273	566	2397	1646	4361	2491	4887	280	952	2415	366	5047	1724	3694	5051	3563	2288	1084	2464	575	3521	3018	2034	2775	2355	4997	862	2258	2795	3346	861	783	1377	603	1173	972	4343	873	3508	1578	4084	1647	2943	2688	3434	1433	2322	3685	4348	5038	975	4395	1365	1821	1968	100	3703
3884	3743	4572	4991	3085	1629	602	3662	4048	2695	3836	4481	122	4135	4905	2174	4463	884	2594	3282	3489	4909	3440	3669	843	4517	1539	1805	3482	2145	4219	1095	526	510	2059	2801	2853	597	2023	4633	5018	2385	1969	3302	3622	347	1046	4138	4818	4817	440	1602	2785	2767	277	4287	3992	3279	3563	5051	1774	691	716	1839	358	4733	1348	340	4043	1788	186	922	1958	1202	3716	3108	214	912	642	999	3294	3181	2618	4183	1339	3971	3990	1902	4709	100	817	551	3367	4038	4820	1261	927	1026	4923	2383	1614
2275	1359	669	3609	530	4365	3815	3968	4803	4417	2908	4156	3572	100	2190	303	4862	2435	3288	4175	1073	3961	4127	1412	4148	2177	3965	2192	4089	3377	3554	929	3564	394	4912	2954	3400	4385	4985	1163	4100	1395	545	4625	2578	4811	4483	4014	2197	3136	2351	3023	4492	1002	4511	706	3218	1109	2288	1774	5051	1748	177	3657	1661	343	1188	4448	1838	4618	2255	3550	990	2171	1510	1640	2706	4304	1628	3617	3228	791	4353	3303	2525	1006	1474	4688	3472	1913	4757	3313	4623	504	2105	3753	591	1314	396	4918	3565
1430	189	3720	2570	739	4251	3058	2555	3909	3251	2506	4898	1851	4143	1812	1924	3388	2049	1237	913	3224	3286	3770	1409	2252	2254	107	3997	1311	3654	2476	3975	3447	3295	4896	4210	1866	2639	2264	1561	1517	1238	3763	998	994	3411	1178	4823	886	3269	4305	3035	2588	3132	2489	4171	3520	1292	1084	691	1748	5051	4868	3439	2037	1756	241	565	2314	100	1376	2324	4396	3536	4668	3154	2869	2507	4662	1615	2209	4060	3040	1429	1373	2315	3232	494	1906	4152	3840	757	4232	2246	2212	2958	3265	3374	1649	4429	4681
4596	1371	1051	2311	4964	3004	3676	2679	2996	1350	3455	4452	522	2454	1391	2611	1817	2923	1944	2616	355	3403	1344	3093	4903	1793	4971	2442	710	1606	2008	4165	4564	677	4857	4644	2948	3765	3630	1879	900	1239	712	362	606	402	2497	1201	1070	641	2951	3262	4544	2809	1522	3324	1745	4458	2464	716	177	4868	5051	4314	1862	2403	2789	4636	254	1708	2482	4631	4541	3911	4002	1146	1453	1787	4118	2914	100	202	844	3121	2731	3705	1837	3081	3585	2799	2451	434	4579	3973	1842	1516	3284	476	4501	3970	1932
1600	3834	4638	2728	759	4602	3547	2586	4346	1910	2675	2723	525	2366	4729	3614	114	2858	2181	2217	1312	290	334	152	1139	3444	4670	4865	409	2585	2293	100	640	1121	2338	3847	2894	2183	2566	933	1003	3149	1054	860	3959	3529	4276	3424	5012	1696	345	3390	2553	390	2677	632	3566	638	575	1839	3657	3439	4314	5051	2978	685	3163	2245	3764	3187	630	1936	2276	4666	4635	4693	1885	4225	1158	1291	2839	3312	3588	3754	3481	2006	4070	3117	3612	4949	1389	3080	2862	100	1599	4550	2126	3856	2115	2417	1892
2147	2261	2078	3592	100	3105	4606	855	1231	3586	389	4707	2080	3060	4872	4800	3248	120	1450	4613	2904	5026	1832	1596	4315	1324	400	1435	3615	4372	2784	3361	3229	2074	4715	100	2142	2661	238	538	2832	3086	4477	4869	3071	4010	2117	1206	1531	4360	3810	1106	2808	4380	1996	2406	960	3185	3521	358	1661	2037	1862	2978	5051	3231	3611	379	4995	2445	3485	4077	2805	777	1461	4889	3838	3124	4226	4583	3555	1982	4588	2909	539	4487	1375	3486	686	4649	262	330	3322	3120	3595	3091	3696	4037	3372	2438	4230
3327	375	2362	1488	2328	4973	258	4303	3261	2845	4410	3219	4885	610	4259	1695	2326	4207	1570	3616	4280	3544	4432	2000	2704	4224	3543	813	3104	4589	2867	2811	100	2058	3197	4065	2495	4069	1425	1048	1518	2603	1144	2876	3515	3660	1323	2513	4336	2902	1678	830	2596	3433	3102	2487	3078	100	3018	4733	343	1756	2403	685	3231	5051	2641	2407	2939	4926	958	747	4422	4621	1703	704	2804	4994	3473	1138	4387	3636	2348	230	461	3759	458	3050	3533	1442	3011	115	4203	1951	4174	1743	1751	1276	2282	475	1550
3193	3721	5011	4610	2494	2828	1165	4012	2248	1325	4130	2380	2991	2374	3800	4958	4781	3684	3957	190	1972	4121	4742	4856	1938	2812	3551	3180	1287	4765	2129	325	3772	2367	4663	892	4120	2500	170	1871	1762	2887	1530	100	4648	2546	1196	1169	4023	534	2144	413	2505	480	1956	2840	3974	536	2034	1348	1188	241	2789	3163	3611	2641	5051	4627	4326	2940	100	108	4961	1800	100	3002	1960	1609	3129	3487	1171	2140	1790	2599	3812	1808	2612	4408	465	438	354	881	2713	4146	955	3527	4106	2598	3871	1541	1527
338	5027	3953	100	3287	100	2582	3918	2696	4677	2926	1852	4845	4634	1796	2450	905	4341	1104	3724	2330	3210	4406	3930	5041	4643	417	708	2607	1589	142	3861	4068	5042	928	1544	1283	2106	1446	4500	3579	2030	4584	2066	822	3131	4342	3983	1505	1142	944	1462	3182	3475	553	988	4142	3264	2775	340	4448	565	4636	2245	379	2407	4627	5051	1611	393	1942	1045	3277	4260	3793	2950	1636	2836	3735	1233	2783	2433	4673	3523	1304	4767	443	2027	5049	2370	4979	4571	1730	1397	235	4641	841	3632	4358	982	2929
420	3008	3905	414	2964	181	3178	3672	594	4988	2067	447	4925	748	1114	1497	2527	2881	3158	4300	4565	3732	4753	1638	1332	1571	2746	3960	1857	4694	150	1714	2835	1012	3089	4948	3098	2748	1725	4962	2896	100	4297	1953	978	1152	2989	1463	4696	3271	1685	2985	1372	1631	2151	4843	2973	2239	2355	4043	1838	2314	254	3764	4995	2939	4326	1611	5051	4654	2638	1329	3405	4724	1355	1153	1868	1098	2199	4307	3353	4178	2327	2211	2208	3454	315	4546	3212	3216	4319	1223	1882	3420	2635	2735	3036	3176	3466	5010	436
196	1557	2531	193	4455	3921	1545	1264	3476	100	4924	3448	1392	1890	3594	2674	4239	490	3916	3789	3396	4332	3375	542	4526	333	948	213	454	4284	1875	4777	3430	2161	123	4310	893	3356	1610	1290	707	2071	3574	3477	1448	909	628	5025	4714	4661	3939	2591	4092	1848	5030	1525	1792	4947	4997	1788	4618	100	1708	3187	2445	4926	2940	393	4654	5051	1524	4759	3167	3387	636	4375	2859	2702	562	2265	1246	1263	363	3171	3760	2712	4238	1757	2202	2072	2131	1009	4312	3453	4170	4431	3542	2339	100	331	4957
3825	1438	1031	4425	4231	3022	2268	2552	4563	3824	583	210	623	3493	1957	3458	1775	3159	158	2352	3446	356	3879	4273	4595	4496	4102	4630	1687	1420	2220	4248	1672	1930	212	2526	1180	1513	2610	1884	466	3956	2900	4233	3784	1294	3355	1702	2319	2033	1307	718	2452	239	147	4180	3344	826	862	186	2255	1376	2482	630	3485	958	100	1942	2638	1524	5051	1935	100	305	2088	100	1667	2493	2418	815	3456	3786	2496	891	4888	643	3972	100	3183	4607	2877	3952	992	1592	1763	2779	2110	3465	4844	3442	1157
2613	4927	3211	1336	1529	3239	4934	4090	4929	1564	4513	3603	875	4308	3350	2084	3605	3227	4236	4939	786	4212	4253	819	2294	547	3821	3537	660	1896	3901	3573	3490	4520	4578	3027	2226	3223	473	2184	206	3017	4959	3628	1572	2153	223	1262	4784	2169	1164	4229	4390	3897	2837	1367	3429	3230	2258	922	3550	2324	4631	1936	4077	747	108	1045	1329	4759	1935	5051	4762	5009	845	4970	3314	247	2419	4400	2070	2360	633	2751	4218	2376	4155	2794	100	2420	987	558	1081	2047	866	2292	4829	3443	3578	505	1260
1007	1917	1275	1940	3621	2044	1385	312	4679	2875	4540	2076	3056	3099	2873	4484	2604	763	1630	3069	3496	1853	2721	1405	3591	2565	2266	3510	3255	182	2243	159	2521	4937	1928	3927	3982	577	4534	2967	293	1651	3326	1671	2994	4566	4019	3014	4846	4193	1789	656	4160	4191	131	3410	3351	460	2795	1958	990	4396	4541	2276	2805	4422	4961	3277	3405	3167	100	4762	5051	3076	4198	1733	3651	1298	4204	3019	3152	4689	1187	2498	923	3666	1212	4196	1399	1128	573	3293	1273	2463	126	100	1777	1768	1235	2514	1869
4821	4863	856	2312	4334	1939	2593	4850	344	2242	842	279	100	2353	3250	3658	1383	3878	2357	4003	3750	3863	2432	3833	851	552	3468	2344	3003	1437	350	2740	1297	4835	3024	4732	2972	4911	586	2732	4969	111	353	1974	2737	1770	1161	3757	2957	155	222	4184	3507	1617	4691	2936	4442	1033	3346	1202	2171	3536	3911	4666	777	4621	1800	4260	4724	3387	305	5009	3076	5051	1160	1608	946	3445	2757	3950	1676	4451	100	1858	4740	1480	2233	2532	1830	310	3070	1330	4394	3937	4107	649	567	3175	2459	1825	3709
1912	974	1989	925	4185	1635	2325	4051	760	1394	2533	1129	1766	4039	233	3126	719	1828	3336	110	2309	3562	3043	4686	1403	4521	2756	3531	349	2441	770	1577	4177	1302	106	4871	938	3483	361	2250	1865	4989	3065	1811	2838	4057	2253	3125	4827	3459	1673	5016	743	1528	3828	621	3873	2608	861	3716	1510	4668	4002	4635	1461	1703	100	3793	1355	636	2088	845	4198	1160	5051	4834	4736	4956	5045	2916	3799	799	1607	119	4515	3502	1194	1594	2673	4172	498	857	867	4976	2623	3708	2478	1072	1457	3041	2816
2516	4809	3495	1669	4708	4882	2536	3221	2007	2614	1387	778	4335	2691	2281	1200	563	2559	1411	2595	2013	3450	3114	3746	4129	2907	204	2511	3619	100	2446	4031	2176	4931	3435	357	2162	569	228	388	2336	3048	1069	4271	4306	3305	3260	2736	1877	1354	1209	4205	3290	2083	4169	3522	3888	732	783	3108	1640	3154	1146	4693	4889	704	3002	2950	1153	4375	100	4970	1733	1608	4834	5051	1029	4497	4457	4984	876	4344	1573	104	1824	4173	3196	1197	1784	3177	5040	1820	3739	4744	2903	766	694	4922	834	3253	219
1402	792	4901	670	161	3926	701	1709	4915	4279	2485	3966	243	4837	2965	728	3738	1245	4082	1535	3900	100	1627	543	2719	1948	3304	3535	2605	3629	252	4074	500	4908	945	3404	1301	3883	3213	2642	1452	257	2122	1113	1222	1509	2770	2334	4787	3079	4257	1583	4650	2381	3806	1460	4275	4804	1377	214	2706	2869	1453	1885	3838	2804	1960	1636	1868	2859	1667	3314	3651	946	4736	1029	5051	4139	3931	1368	1973	4475	4349	3998	3029	3323	5044	2762	4950	2889	4819	1192	4756	3398	3354	1096	2086	3514	100	745	2428
3969	4894	112	2427	1300	4509	1481	4237	1308	403	1053	1755	1946	4472	4445	3270	4413	3161	3934	2590	727	4423	1565	2127	2577	2571	2099	1495	4647	342	4983	4542	3862	2705	100	3645	2064	2913	2440	3421	4468	5039	2640	637	1347	1156	267	4505	529	740	804	4558	4073	2981	1872	1340	4773	1684	603	912	4304	2507	1787	4225	3124	4994	1609	2836	1098	2702	2493	247	1298	3445	4956	4497	4139	5051	1191	4136	4836	812	3569	4087	3855	3127	4935	2715	292	2133	1230	3168	372	197	4545	3749	3334	3191	4355	4657	828
2976	4716	4192	4450	749	2103	1134	1193	2191	3513	1764	2841	336	4144	3082	4780	1341	2944	1813	3246	3933	2855	3001	2204	4942	1582	2530	3067	3889	3341	1819	3776	1493	1888	4006	368	2175	3967	2085	888	4269	2906	1754	2249	816	2186	825	2880	1428	2807	1891	2128	359	1967	1664	979	3633	4555	1173	642	1628	4662	4118	1158	4226	3473	3129	3735	2199	562	2418	2419	4204	2757	5045	4457	3931	1191	5051	989	1253	2547	4561	4656	483	3653	2581	3915	117	4267	2346	100	3408	4075	613	4848	1244	1485	4788	2296	4604
4116	3773	1918	3243	1941	983	4013	1004	2739	4698	2777	3599	2937	3075	782	1203	1305	3134	322	592	870	2422	2676	1085	1135	599	2977	967	273	2890	659	3516	2307	2874	1795	3206	1346	4333	1786	2303	3910	3235	4062	2654	3165	3620	1854	3643	3981	4620	3319	2600	1172	2822	2469	209	2819	1136	972	999	3617	1615	2914	1291	4583	1138	3487	1233	4307	2265	815	4400	3019	3950	2916	4984	1368	4136	989	5051	3727	1794	1908	3395	887	318	3848	2946	2778	4104	406	1772	517	502	100	242	1326	3244	3557	4600	2697
4033	2488	2602	2793	4793	3634	1407	3055	2711	4209	823	4414	2627	2470	3761	3365	1612	100	2323	309	1145	1780	761	4543	341	2846	3449	899	3428	288	2278	3780	4125	302	4749	1133	4507	3188	4622	4675	1242	3207	168	3571	3247	509	2467	3107	1049	3101	2483	1465	3112	2387	589	4524	4093	3560	4343	3294	3228	2209	100	2839	3555	4387	1171	2783	3353	1246	3456	2070	3152	1676	3799	876	1973	4836	1253	3727	5051	1247	3090	2871	3009	101	4004	1380	2535	3779	4208	3583	4916	100	4790	125	1286	100	2279	3042	3601
947	560	100	1893	4946	693	4374	1659	600	4805	4737	4294	4034	726	2884	4262	4399	4886	269	1277	2280	800	3661	4992	2082	1060	810	1214	2434	3524	4592	2201	1740	4292	3778	709	1626	4088	3116	1044	169	426	581	1621	964	2806	100	4227	4795	4562	2831	3851	4199	3189	4254	3570	184	4671	873	3181	791	4060	202	3312	1982	3636	2140	2433	4178	1263	3786	2360	4689	4451	799	4344	4475	812	2547	1794	1247	5051	2453	100	2959	3945	1511	753	3256	3842	4582	3409	4086	3646	2823	2361	2892	4112	3143	3370	4290
