56	24	35	20	34	39	10	52	42	31	28
24	56	40	10	43	22	10	49	51	50	14
35	40	56	15	12	10	25	45	26	10	55
20	10	15	56	54	10	23	30	38	32	13
34	43	12	54	56	10	41	19	10	16	10
39	22	10	10	10	56	27	33	53	21	17
10	10	25	23	41	27	56	37	47	36	48
52	49	45	30	19	33	37	56	10	29	46
42	51	26	38	10	53	47	10	56	44	18
31	50	10	32	16	21	36	29	44	56	11
28	14	55	13	10	17	48	46	18	11	56
